1.2500000000000000e-01	2.5340712024407169e-01	1.4196122761450350e-01	0.0000000000000000e+00
3.7500000000000000e-01	3.4229473929019638e-01	1.9148444384411348e-01	0.0000000000000000e+00
6.2500000000000000e-01	4.2493303816795586e-01	2.3674639628491384e-01	0.0000000000000000e+00
8.7500000000000000e-01	5.0353509559121956e-01	2.7730691206564917e-01	0.0000000000000000e+00
1.1250000000000000e+00	5.8454428731556973e-01	3.1272646228496193e-01	0.0000000000000000e+00
1.3750000000000000e+00	6.7559474509713113e-01	3.4056706909984008e-01	0.0000000000000000e+00
1.6250000000000000e+00	7.8425857359844386e-01	3.5884277111930907e-01	0.0000000000000000e+00
1.8750000000000000e+00	9.1001387707742964e-01	3.6844127326369280e-01	0.0000000000000000e+00
2.1250000000000000e+00	1.0349969244081669e+00	3.7232998374619009e-01	0.0000000000000000e+00
2.3750000000000000e+00	1.1292889429199133e+00	3.7333796950652787e-01	0.0000000000000000e+00
2.6250000000000000e+00	1.1707934150894077e+00	3.7309237079764235e-01	0.0000000000000000e+00
2.8750000000000000e+00	1.1607520520379324e+00	3.7227368783938558e-01	0.0000000000000000e+00
3.1250000000000000e+00	1.1213561756793087e+00	3.7118459141900184e-01	0.0000000000000000e+00
3.3750000000000000e+00	1.0801301346058769e+00	3.6999587152616259e-01	0.0000000000000000e+00
3.6250000000000000e+00	1.0547457570202912e+00	3.6876891382737415e-01	0.0000000000000000e+00
3.8750000000000000e+00	1.0469830748866678e+00	3.6749038799238432e-01	0.0000000000000000e+00
4.1250000000000000e+00	1.0462330705828429e+00	3.6617201520647735e-01	0.0000000000000000e+00
4.3750000000000000e+00	1.0371803865055491e+00	3.6485414280189327e-01	0.0000000000000000e+00
4.6250000000000000e+00	1.0080294341258835e+00	3.6353610760144456e-01	0.0000000000000000e+00
4.8750000000000000e+00	9.5685257449499650e-01	3.6218032546652901e-01	0.0000000000000000e+00
5.1250000000000000e+00	8.9250953620804352e-01	3.6079068536122050e-01	0.0000000000000000e+00
5.3750000000000000e+00	8.2796031014608273e-01	3.5940729693746121e-01	0.0000000000000000e+00
5.6250000000000000e+00	7.7164383628367561e-01	3.5802908616168150e-01	0.0000000000000000e+00
5.8750000000000000e+00	7.2752464972442310e-01	3.5661535545774337e-01	0.0000000000000000e+00
6.1250000000000000e+00	7.0272832078291381e-01	3.5516633266047631e-01	0.0000000000000000e+00
6.3750000000000000e+00	7.1152119875671138e-01	3.5371843843606637e-01	0.0000000000000000e+00
6.6250000000000000e+00	7.6734043265556662e-01	3.5226591614454150e-01	0.0000000000000000e+00
6.8750000000000000e+00	8.6817446199872828e-01	3.5076480244467051e-01	0.0000000000000000e+00
7.1250000000000000e+00	9.9044122681393976e-01	3.4921698708994142e-01	0.0000000000000000e+00
7.3750000000000000e+00	1.1011654773470374e+00	3.4766196758798373e-01	0.0000000000000000e+00
7.6250000000000000e+00	1.1786970777332861e+00	3.4609278773775137e-01	0.0000000000000000e+00
7.8750000000000000e+00	1.2227140781953583e+00	3.4446255812950816e-01	0.0000000000000000e+00
8.1250000000000000e+00	1.2476118100878582e+00	3.4277575773388574e-01	0.0000000000000000e+00
8.3750000000000000e+00	1.2703852144300518e+00	3.4107766898075503e-01	0.0000000000000000e+00
8.6250000000000000e+00	1.3023680329079177e+00	3.3936224527634529e-01	0.0000000000000000e+00
8.8750000000000000e+00	1.3436691182158069e+00	3.3758119038888496e-01	0.0000000000000000e+00
9.1250000000000000e+00	1.3806757909286034e+00	3.3574607928837058e-01	0.0000000000000000e+00
9.3750000000000000e+00	1.3908865064054523e+00	3.3391726985841341e-01	0.0000000000000000e+00
9.6250000000000000e+00	1.3562840507241476e+00	3.3209851299288062e-01	0.0000000000000000e+00
9.8750000000000000e+00	1.2778919258183490e+00	3.3023896676425429e-01	0.0000000000000000e+00
1.0125000000000000e+01	1.1794304018480042e+00	3.2834173260101068e-01	0.0000000000000000e+00
1.0375000000000000e+01	1.0944832630928578e+00	3.2645995447132803e-01	0.0000000000000000e+00
1.0625000000000000e+01	1.0463785605552745e+00	3.2459192671962450e-01	0.0000000000000000e+00
1.0875000000000000e+01	1.0383342288728432e+00	3.2268127663804247e-01	0.0000000000000000e+00
1.1125000000000000e+01	1.0598803860915644e+00	3.2072518730325916e-01	0.0000000000000000e+00
1.1375000000000000e+01	1.0996734319022248e+00	3.1876953317200546e-01	0.0000000000000000e+00
1.1625000000000000e+01	1.1516790012280327e+00	3.1680520016045932e-01	0.0000000000000000e+00
1.1875000000000000e+01	1.2089705124716752e+00	3.1477743247983975e-01	0.0000000000000000e+00
1.2125000000000000e+01	1.2541323733242309e+00	3.1270310776610943e-01	0.0000000000000000e+00
1.2375000000000000e+01	1.2594833915398056e+00	3.1066011234317320e-01	0.0000000000000000e+00
1.2625000000000000e+01	1.2020540626002600e+00	3.0866361320809205e-01	0.0000000000000000e+00
1.2875000000000000e+01	1.0831788643936258e+00	3.0666096920148822e-01	0.0000000000000000e+00
1.3125000000000000e+01	9.3418556691395216e-01	3.0465323450522175e-01	0.0000000000000000e+00
1.3375000000000000e+01	7.9907069326353419e-01	3.0270088507099330e-01	0.0000000000000000e+00
1.3625000000000000e+01	7.0763416935907009e-01	3.0081046279115015e-01	0.0000000000000000e+00
1.3875000000000000e+01	6.6457187619045388e-01	2.9892173691032781e-01	0.0000000000000000e+00
1.4125000000000000e+01	6.6058662827788073e-01	2.9701465096474255e-01	0.0000000000000000e+00
1.4375000000000000e+01	6.8866897497425683e-01	2.9511471889070612e-01	0.0000000000000000e+00
1.4625000000000000e+01	7.4791648778268849e-01	2.9319950359981078e-01	0.0000000000000000e+00
1.4875000000000000e+01	8.3464759472913408e-01	2.9120614481885265e-01	0.0000000000000000e+00
1.5125000000000000e+01	9.3469817520235410e-01	2.8913828862360902e-01	0.0000000000000000e+00
1.5375000000000000e+01	1.0283359929754583e+00	2.8704969071239822e-01	0.0000000000000000e+00
1.5625000000000000e+01	1.1024043972645265e+00	2.8493152237458924e-01	0.0000000000000000e+00
1.5875000000000000e+01	1.1531268542186743e+00	2.8272752231985415e-01	0.0000000000000000e+00
1.6125000000000000e+01	1.1771006234851975e+00	2.8046263804450883e-01	0.0000000000000000e+00
1.6375000000000000e+01	1.1641871272117621e+00	2.7822816124676331e-01	0.0000000000000000e+00
1.6625000000000000e+01	1.1037383073646334e+00	2.7604407741864334e-01	0.0000000000000000e+00
1.6875000000000000e+01	1.0004539369575678e+00	2.7385261736260141e-01	0.0000000000000000e+00
1.7125000000000000e+01	8.8296834461064699e-01	2.7165110762798322e-01	0.0000000000000000e+00
1.7375000000000000e+01	7.9245333237080917e-01	2.6949922090137901e-01	0.0000000000000000e+00
1.7625000000000000e+01	7.5806636706933506e-01	2.6739859150654638e-01	0.0000000000000000e+00
1.7875000000000000e+01	7.7933345420499589e-01	2.6528544073101662e-01	0.0000000000000000e+00
1.8125000000000000e+01	8.2863407768704478e-01	2.6315187407235241e-01	0.0000000000000000e+00
1.8375000000000000e+01	8.6939065893761791e-01	2.6104780311241160e-01	0.0000000000000000e+00
1.8625000000000000e+01	8.7661183527390130e-01	2.5896653517003704e-01	0.0000000000000000e+00
1.8875000000000000e+01	8.4875808399930353e-01	2.5684370909315501e-01	0.0000000000000000e+00
1.9125000000000000e+01	8.0593273064348914e-01	2.5467652731991169e-01	0.0000000000000000e+00
1.9375000000000000e+01	7.7705413353061226e-01	2.5251770130650142e-01	0.0000000000000000e+00
1.9625000000000000e+01	7.8330387014203107e-01	2.5035798706455314e-01	0.0000000000000000e+00
1.9875000000000000e+01	8.2773768402788039e-01	2.4812905875233643e-01	0.0000000000000000e+00
2.0125000000000000e+01	8.9710807014707583e-01	2.4582614274436793e-01	0.0000000000000000e+00
2.0375000000000000e+01	9.7410996886050727e-01	2.4349636248565404e-01	0.0000000000000000e+00
2.0625000000000000e+01	1.0488275634992623e+00	2.4111909466674922e-01	0.0000000000000000e+00
2.0875000000000000e+01	1.1185741349021017e+00	2.3862315158602712e-01	0.0000000000000000e+00
2.1125000000000000e+01	1.1797273772889436e+00	2.3602498858042581e-01	0.0000000000000000e+00
2.1375000000000000e+01	1.2246427378816300e+00	2.3340486490868773e-01	0.0000000000000000e+00
2.1625000000000000e+01	1.2475393662653742e+00	2.3075943161750179e-01	0.0000000000000000e+00
2.1875000000000000e+01	1.2515329727128377e+00	2.2801290130465335e-01	0.0000000000000000e+00
2.2125000000000000e+01	1.2491666772422432e+00	2.2517357134545757e-01	0.0000000000000000e+00
2.2375000000000000e+01	1.2569995678262675e+00	2.2231803612966675e-01	0.0000000000000000e+00
2.2625000000000000e+01	1.2874783372556482e+00	2.1943625771761421e-01	0.0000000000000000e+00
2.2875000000000000e+01	1.3412164215140010e+00	2.1644486168760310e-01	0.0000000000000000e+00
2.3125000000000000e+01	1.4050190868705701e+00	2.1335700180553041e-01	0.0000000000000000e+00
2.3375000000000000e+01	1.4592617066577651e+00	2.1026444558372834e-01	0.0000000000000000e+00
2.3625000000000000e+01	1.4900518498963080e+00	2.0716559920841868e-01	0.0000000000000000e+00
2.3875000000000000e+01	1.4951180319563218e+00	2.0397851077562998e-01	0.0000000000000000e+00
2.4125000000000000e+01	1.4795590855580847e+00	2.0072940869949490e-01	0.0000000000000000e+00
2.4375000000000000e+01	1.4475229451421221e+00	1.9754135272236437e-01	0.0000000000000000e+00
2.4625000000000000e+01	1.3991809155296084e+00	1.9444099723731315e-01	0.0000000000000000e+00
2.4875000000000000e+01	1.3345795772034390e+00	1.9134851975467296e-01	0.0000000000000000e+00
2.5125000000000000e+01	1.2576407924628581e+00	1.8826779317902967e-01	0.0000000000000000e+00
2.5375000000000000e+01	1.1734995758603746e+00	1.8529970705851442e-01	0.0000000000000000e+00
2.5625000000000000e+01	1.0839957320728224e+00	1.8246469798468073e-01	0.0000000000000000e+00
2.5875000000000000e+01	9.9231090587046356e-01	1.7967533364247906e-01	0.0000000000000000e+00
2.6125000000000000e+01	9.1274349273097588e-01	1.7689884082177468e-01	0.0000000000000000e+00
2.6375000000000000e+01	8.7026750894167015e-01	1.7417622674256591e-01	0.0000000000000000e+00
2.6625000000000000e+01	8.8494055784524328e-01	1.7148409067366346e-01	0.0000000000000000e+00
2.6875000000000000e+01	9.5397362592540191e-01	1.6873272332597808e-01	0.0000000000000000e+00
2.7125000000000000e+01	1.0483598147823967e+00	1.6591521431786205e-01	0.0000000000000000e+00
2.7375000000000000e+01	1.1286448146380434e+00	1.6309572212935164e-01	0.0000000000000000e+00
2.7625000000000000e+01	1.1679621198363535e+00	1.6025844373195203e-01	0.0000000000000000e+00
2.7875000000000000e+01	1.1652303154805206e+00	1.5731850431159206e-01	0.0000000000000000e+00
2.8125000000000000e+01	1.1410601239453806e+00	1.5428678554459241e-01	0.0000000000000000e+00
2.8375000000000000e+01	1.1230900009288818e+00	1.5125111420977796e-01	0.0000000000000000e+00
2.8625000000000000e+01	1.1309149614343623e+00	1.4820638797078436e-01	0.0000000000000000e+00
2.8875000000000000e+01	1.1681671724394955e+00	1.4506151174809279e-01	0.0000000000000000e+00
2.9125000000000000e+01	1.2246811353574711e+00	1.4181645790240471e-01	0.0000000000000000e+00
2.9375000000000000e+01	1.2866262632223637e+00	1.3854742525274080e-01	0.0000000000000000e+00
2.9625000000000000e+01	1.3459108225620706e+00	1.3523500488364665e-01	0.0000000000000000e+00
2.9875000000000000e+01	1.4001253800382902e+00	1.3178506695496042e-01	0.0000000000000000e+00
3.0125000000000000e+01	1.4458693127589370e+00	1.2822526361684655e-01	0.0000000000000000e+00
3.0375000000000000e+01	1.4757323085590772e+00	1.2468063751591245e-01	0.0000000000000000e+00
3.0625000000000000e+01	1.4830277440895023e+00	1.2116656539969402e-01	0.0000000000000000e+00
3.0875000000000000e+01	1.4666739917965610e+00	1.1759595293090916e-01	0.0000000000000000e+00
3.1125000000000000e+01	1.4297696304876164e+00	1.1399750615049266e-01	0.0000000000000000e+00
3.1375000000000000e+01	1.3735550286557605e+00	1.1051524735443644e-01	0.0000000000000000e+00
3.1625000000000000e+01	1.2956566816827286e+00	1.0719099757641093e-01	0.0000000000000000e+00
3.1875000000000000e+01	1.1968184501097265e+00	1.0393729469636059e-01	0.0000000000000000e+00
3.2125000000000000e+01	1.0878683569675680e+00	1.0073973465108578e-01	0.0000000000000000e+00
3.2375000000000000e+01	9.8546583592088011e-01	9.7686313984877829e-02	0.0000000000000000e+00
3.2625000000000000e+01	9.0062503842456332e-01	9.4789845158087221e-02	0.0000000000000000e+00
3.2875000000000000e+01	8.3677335056310442e-01	9.1952655946521855e-02	0.0000000000000000e+00
3.3125000000000000e+01	7.9932141214054997e-01	8.9126028084757239e-02	0.0000000000000000e+00
3.3375000000000000e+01	8.0180292250159080e-01	8.6330660875190979e-02	0.0000000000000000e+00
3.3625000000000000e+01	8.5732402522019491e-01	8.3524934023151171e-02	0.0000000000000000e+00
3.3875000000000000e+01	9.6101044647858258e-01	8.0614322213995920e-02	0.0000000000000000e+00
3.4125000000000000e+01	1.0816793445251052e+00	7.7605950423633593e-02	0.0000000000000000e+00
3.4375000000000000e+01	1.1748877895181693e+00	7.4584109185715924e-02	0.0000000000000000e+00
3.4625000000000000e+01	1.2092195681727069e+00	7.1541839276373906e-02	0.0000000000000000e+00
3.4875000000000000e+01	1.1847767232966853e+00	6.8394132239375835e-02	0.0000000000000000e+00
3.5125000000000000e+01	1.1304070197050931e+00	6.5159363869084275e-02	0.0000000000000000e+00
3.5375000000000000e+01	1.0845918189727515e+00	6.1942245308533470e-02	0.0000000000000000e+00
3.5625000000000000e+01	1.0740264058140543e+00	5.8748162188955573e-02	0.0000000000000000e+00
3.5875000000000000e+01	1.1027077075313112e+00	5.5482369175802869e-02	0.0000000000000000e+00
3.6125000000000000e+01	1.1559049534238912e+00	5.2136375801695035e-02	0.0000000000000000e+00
3.6375000000000000e+01	1.2141096024528011e+00	4.8781074195545331e-02	0.0000000000000000e+00
3.6625000000000000e+01	1.2655796011013583e+00	4.5392539721981082e-02	0.0000000000000000e+00
3.6875000000000000e+01	1.3089887402298446e+00	4.1868385605460412e-02	0.0000000000000000e+00
3.7125000000000000e+01	1.3482219058301959e+00	3.8224013722342479e-02	0.0000000000000000e+00
3.7375000000000000e+01	1.3876215310438202e+00	3.4567689992263388e-02	0.0000000000000000e+00
3.7625000000000000e+01	1.4303060895593249e+00	3.0897045209261318e-02	0.0000000000000000e+00
3.7875000000000000e+01	1.4743270630250787e+00	2.7117137741002113e-02	0.0000000000000000e+00
3.8125000000000000e+01	1.5076769429011037e+00	2.3265389782627006e-02	0.0000000000000000e+00
3.8375000000000000e+01	1.5096018977126693e+00	1.9497056283424536e-02	0.0000000000000000e+00
3.8625000000000000e+01	1.4624513017947374e+00	1.5851865364728112e-02	0.0000000000000000e+00
3.8875000000000000e+01	1.3667112442073208e+00	1.2237020951092629e-02	0.0000000000000000e+00
3.9125000000000000e+01	1.2452575497755463e+00	8.6516066432874468e-03	0.0000000000000000e+00
3.9375000000000000e+01	1.1300103489343241e+00	5.2078331433205874e-03	0.0000000000000000e+00
3.9625000000000000e+01	1.0422714712020777e+00	1.9262391320576968e-03	0.0000000000000000e+00
3.9875000000000000e+01	9.8753957378741142e-01	-1.3013786507237854e-03	0.0000000000000000e+00
4.0125000000000000e+01	9.6693059767428557e-01	-4.5292670808597234e-03	0.0000000000000000e+00
4.0375000000000000e+01	9.8808937482071557e-01	-7.7359283678407990e-03	0.0000000000000000e+00
4.0625000000000000e+01	1.0606820421707330e+00	-1.0972846210436742e-02	0.0000000000000000e+00
4.0875000000000000e+01	1.1797613353975323e+00	-1.4349607947794560e-02	0.0000000000000000e+00
4.1125000000000000e+01	1.3160052226059680e+00	-1.7855906158203524e-02	0.0000000000000000e+00
4.1375000000000000e+01	1.4274128274017697e+00	-2.1393970236889218e-02	0.0000000000000000e+00
4.1625000000000000e+01	1.4845784026966569e+00	-2.4973832977339239e-02	0.0000000000000000e+00
4.1875000000000000e+01	1.4865234083250536e+00	-2.8690965793178549e-02	0.0000000000000000e+00
4.2125000000000000e+01	1.4552256490819790e+00	-3.2509208046857953e-02	0.0000000000000000e+00
4.2375000000000000e+01	1.4177473654472108e+00	-3.6283038287819182e-02	0.0000000000000000e+00
4.2625000000000000e+01	1.3913135711331408e+00	-3.9985289130610772e-02	0.0000000000000000e+00
4.2875000000000000e+01	1.3792109884231771e+00	-4.3713349846939205e-02	0.0000000000000000e+00
4.3125000000000000e+01	1.3755173291370910e+00	-4.7463552734236754e-02	0.0000000000000000e+00
4.3375000000000000e+01	1.3717015541889659e+00	-5.1122199332600073e-02	0.0000000000000000e+00
4.3625000000000000e+01	1.3611495085515659e+00	-5.4675069330851020e-02	0.0000000000000000e+00
4.3875000000000000e+01	1.3399419423212662e+00	-5.8218912001303108e-02	0.0000000000000000e+00
4.4125000000000000e+01	1.3047315924488923e+00	-6.1747730650986828e-02	0.0000000000000000e+00
4.4375000000000000e+01	1.2497478487974210e+00	-6.5141010316809883e-02	0.0000000000000000e+00
4.4625000000000000e+01	1.1686088011538638e+00	-6.8370394957650016e-02	0.0000000000000000e+00
4.4875000000000000e+01	1.0649201967003687e+00	-7.1533222665559865e-02	0.0000000000000000e+00
4.5125000000000000e+01	9.6166076054817928e-01	-7.4665745472440925e-02	0.0000000000000000e+00
4.5375000000000000e+01	8.9499519351069046e-01	-7.7717647152842267e-02	0.0000000000000000e+00
4.5625000000000000e+01	8.9267060812722843e-01	-8.0710350307501066e-02	0.0000000000000000e+00
4.5875000000000000e+01	9.5542511772789551e-01	-8.3747759839203711e-02	0.0000000000000000e+00
4.6125000000000000e+01	1.0577409130430131e+00	-8.6853781611664183e-02	0.0000000000000000e+00
4.6375000000000000e+01	1.1667913175298743e+00	-8.9979236037235844e-02	0.0000000000000000e+00
4.6625000000000000e+01	1.2620052367756993e+00	-9.3157319510451225e-02	0.0000000000000000e+00
4.6875000000000000e+01	1.3367439460133950e+00	-9.6477470958412651e-02	0.0000000000000000e+00
4.7125000000000000e+01	1.3853712263275693e+00	-9.9896441174254613e-02	0.0000000000000000e+00
4.7375000000000000e+01	1.3949087666490403e+00	-1.0326741513552516e-01	0.0000000000000000e+00
4.7625000000000000e+01	1.3527820793868537e+00	-1.0655281378348568e-01	0.0000000000000000e+00
4.7875000000000000e+01	1.2628479122734286e+00	-1.0983487258125371e-01	0.0000000000000000e+00
4.8125000000000000e+01	1.1518009816586181e+00	-1.1311227178573093e-01	0.0000000000000000e+00
4.8375000000000000e+01	1.0567599883775782e+00	-1.1628505113165129e-01	0.0000000000000000e+00
4.8625000000000000e+01	1.0035054075287728e+00	-1.1933930663008965e-01	0.0000000000000000e+00
4.8875000000000000e+01	9.9533241473066025e-01	-1.2237129933189117e-01	0.0000000000000000e+00
4.9125000000000000e+01	1.0199897032304801e+00	-1.2541386042737002e-01	0.0000000000000000e+00
4.9375000000000000e+01	1.0642658876106577e+00	-1.2842242982339017e-01	0.0000000000000000e+00
4.9625000000000000e+01	1.1215613245741500e+00	-1.3142536914883182e-01	0.0000000000000000e+00
4.9875000000000000e+01	1.1869910115520428e+00	-1.3451533294746484e-01	0.0000000000000000e+00
5.0125000000000000e+01	1.2489221889747653e+00	-1.3767714948840148e-01	0.0000000000000000e+00
5.0375000000000000e+01	1.2891813802799399e+00	-1.4080490302311524e-01	0.0000000000000000e+00
5.0625000000000000e+01	1.2935671431763780e+00	-1.4388553308150670e-01	0.0000000000000000e+00
5.0875000000000000e+01	1.2616558593249816e+00	-1.4699848398901005e-01	0.0000000000000000e+00
5.1125000000000000e+01	1.2060874131254875e+00	-1.5012694396337004e-01	0.0000000000000000e+00
5.1375000000000000e+01	1.1422247245251258e+00	-1.5315515108356284e-01	0.0000000000000000e+00
5.1625000000000000e+01	1.0786748972910121e+00	-1.5605404680489041e-01	0.0000000000000000e+00
5.1875000000000000e+01	1.0177966061490498e+00	-1.5890466847398005e-01	0.0000000000000000e+00
5.2125000000000000e+01	9.6273753750785096e-01	-1.6172542723961719e-01	0.0000000000000000e+00
5.2375000000000000e+01	9.1997112876497300e-01	-1.6445024731867691e-01	0.0000000000000000e+00
5.2625000000000000e+01	8.9452075605308456e-01	-1.6707928753223983e-01	0.0000000000000000e+00
5.2875000000000000e+01	8.8563687027667803e-01	-1.6969568106105970e-01	0.0000000000000000e+00
5.3125000000000000e+01	8.8830089407834523e-01	-1.7231650846292126e-01	0.0000000000000000e+00
5.3375000000000000e+01	8.9758167847491199e-01	-1.7488485828111813e-01	0.0000000000000000e+00
5.3625000000000000e+01	9.1078295682714927e-01	-1.7740877684324724e-01	0.0000000000000000e+00
5.3875000000000000e+01	9.2568400923325111e-01	-1.7996449746207438e-01	0.0000000000000000e+00
5.4125000000000000e+01	9.3771697840167823e-01	-1.8255058682026809e-01	0.0000000000000000e+00
5.4375000000000000e+01	9.3997262536394122e-01	-1.8509118179133346e-01	0.0000000000000000e+00
5.4625000000000000e+01	9.2707282512215750e-01	-1.8758207655528469e-01	0.0000000000000000e+00
5.4875000000000000e+01	9.0083006695139478e-01	-1.9009759986924710e-01	0.0000000000000000e+00
5.5125000000000000e+01	8.7268192624394036e-01	-1.9264584323538003e-01	0.0000000000000000e+00
5.5375000000000000e+01	8.5976114072019627e-01	-1.9516814115687275e-01	0.0000000000000000e+00
5.5625000000000000e+01	8.7559961962057886e-01	-1.9767533273670335e-01	0.0000000000000000e+00
5.5875000000000000e+01	9.2239042544514527e-01	-2.0024821857093136e-01	0.0000000000000000e+00
5.6125000000000000e+01	9.9139007571333260e-01	-2.0289638284400507e-01	0.0000000000000000e+00
5.6375000000000000e+01	1.0719204200616692e+00	-2.0556858443301765e-01	0.0000000000000000e+00
5.6625000000000000e+01	1.1592290274104402e+00	-2.0828902743321664e-01	0.0000000000000000e+00
5.6875000000000000e+01	1.2515731123958236e+00	-2.1113764280915773e-01	0.0000000000000000e+00
5.7125000000000000e+01	1.3417412171944485e+00	-2.1409080974484909e-01	0.0000000000000000e+00
5.7375000000000000e+01	1.4165470894406602e+00	-2.1704613720356500e-01	0.0000000000000000e+00
5.7625000000000000e+01	1.4658093535579342e+00	-2.1999370785261108e-01	0.0000000000000000e+00
5.7875000000000000e+01	1.4864903426607377e+00	-2.2300503605466904e-01	0.0000000000000000e+00
5.8125000000000000e+01	1.4763437516075744e+00	-2.2604877212616112e-01	0.0000000000000000e+00
5.8375000000000000e+01	1.4267586651961519e+00	-2.2899547709398227e-01	0.0000000000000000e+00
5.8625000000000000e+01	1.3276565803791589e+00	-2.3180560267623274e-01	0.0000000000000000e+00
5.8875000000000000e+01	1.1859861297031458e+00	-2.3455613343520471e-01	0.0000000000000000e+00
5.9125000000000000e+01	1.0392118758744406e+00	-2.3727184215485739e-01	0.0000000000000000e+00
5.9375000000000000e+01	9.4377362928128772e-01	-2.3989908947055519e-01	0.0000000000000000e+00
5.9625000000000000e+01	9.4168740777079596e-01	-2.4244588176639459e-01	0.0000000000000000e+00
5.9875000000000000e+01	1.0310856852994887e+00	-2.4499543877082650e-01	0.0000000000000000e+00
6.0125000000000000e+01	1.1649783772013700e+00	-2.4756387818333567e-01	0.0000000000000000e+00
6.0375000000000000e+01	1.2794562649119925e+00	-2.5009696606243836e-01	0.0000000000000000e+00
6.0625000000000000e+01	1.3305658740146888e+00	-2.5260531995310082e-01	0.0000000000000000e+00
6.0875000000000000e+01	1.3137750251313309e+00	-2.5516082684699276e-01	0.0000000000000000e+00
6.1125000000000000e+01	1.2562549372237097e+00	-2.5774866772804289e-01	0.0000000000000000e+00
6.1375000000000000e+01	1.1931545231245742e+00	-2.6027397923355172e-01	0.0000000000000000e+00
6.1625000000000000e+01	1.1468769845229658e+00	-2.6271615084231520e-01	0.0000000000000000e+00
6.1875000000000000e+01	1.1209413964891954e+00	-2.6514230945299150e-01	0.0000000000000000e+00
6.2125000000000000e+01	1.1064693131973862e+00	-2.6756093825423843e-01	0.0000000000000000e+00
6.2375000000000000e+01	1.0918011062776432e+00	-2.6990933981360782e-01	0.0000000000000000e+00
6.2625000000000000e+01	1.0691945202743480e+00	-2.7218544520098081e-01	0.0000000000000000e+00
6.2875000000000000e+01	1.0401205514496921e+00	-2.7446039882081458e-01	0.0000000000000000e+00
6.3125000000000000e+01	1.0182708636795552e+00	-2.7674881164567378e-01	0.0000000000000000e+00
6.3375000000000000e+01	1.0258507598172497e+00	-2.7900332743653417e-01	0.0000000000000000e+00
6.3625000000000000e+01	1.0808705872017113e+00	-2.8123436936216872e-01	0.0000000000000000e+00
6.3875000000000000e+01	1.1804617063164262e+00	-2.8350886065271891e-01	0.0000000000000000e+00
6.4125000000000000e+01	1.2941495363810558e+00	-2.8582087375033149e-01	0.0000000000000000e+00
6.4375000000000000e+01	1.3771030051198141e+00	-2.8809768973589328e-01	0.0000000000000000e+00
6.4625000000000000e+01	1.3965235429885690e+00	-2.9033155599035976e-01	0.0000000000000000e+00
6.4875000000000000e+01	1.3501552841263997e+00	-2.9258128848615461e-01	0.0000000000000000e+00
6.5125000000000000e+01	1.2629502487228461e+00	-2.9483635839235339e-01	0.0000000000000000e+00
6.5375000000000000e+01	1.1664709154039263e+00	-2.9701378367676134e-01	0.0000000000000000e+00
6.5625000000000000e+01	1.0796294973920333e+00	-2.9909204353243107e-01	0.0000000000000000e+00
6.5875000000000000e+01	1.0055972466608911e+00	-3.0112928894492402e-01	0.0000000000000000e+00
6.6125000000000000e+01	9.4136745010303768e-01	-3.0313960035294346e-01	0.0000000000000000e+00
6.6375000000000000e+01	8.8516044648719339e-01	-3.0507405178888569e-01	0.0000000000000000e+00
6.6625000000000000e+01	8.3636649813791741e-01	-3.0692628198727040e-01	0.0000000000000000e+00
6.6875000000000000e+01	7.9715369941504155e-01	-3.0873552924955849e-01	0.0000000000000000e+00
6.7125000000000000e+01	7.7813227656236283e-01	-3.1046679450228182e-01	0.0000000000000000e+00
6.7375000000000000e+01	7.9914881020603412e-01	-3.1194781061646237e-01	0.0000000000000000e+00
6.7625000000000000e+01	8.7738317513891595e-01	-3.1294750421907258e-01	0.0000000000000000e+00
6.7875000000000000e+01	1.0059070089937874e+00	-3.1295665237505887e-01	0.0000000000000000e+00
6.8125000000000000e+01	1.1419144342618874e+00	-3.1071547388452903e-01	0.0000000000000000e+00
6.8375000000000000e+01	1.2212077744110419e+00	-3.0394854552473166e-01	0.0000000000000000e+00
6.8625000000000000e+01	1.1947190670601515e+00	-2.9030197110242728e-01	0.0000000000000000e+00
6.8875000000000000e+01	1.0596262674526318e+00	-2.6896528494638483e-01	0.0000000000000000e+00
6.9125000000000000e+01	8.5931697072206459e-01	-2.4116307401782147e-01	0.0000000000000000e+00
6.9375000000000000e+01	6.5076774165566387e-01	-2.0822497971829690e-01	0.0000000000000000e+00
6.9625000000000000e+01	4.6870245129799215e-01	-1.6996152438622697e-01	0.0000000000000000e+00
6.9875000000000000e+01	3.1896295803357977e-01	-1.2675986790855459e-01	0.0000000000000000e+00
