1.2500000000000000e-01	9.9854490895775294e-01	1.7454004150870086e-03	5.3858941387191925e-02	9.4215329285782077e-05	2.0552187161107923e-03	2.0237312372111860e-06
3.7500000000000000e-01	9.9584089137571652e-01	7.1045864827571758e-03	9.0642898511957309e-02	6.4658449143899243e-04	5.8214850891926510e-03	3.3228449485835462e-05
6.2500000000000000e-01	9.9650809032043186e-01	1.2799140564939566e-02	8.2369521814982027e-02	1.0436641981823884e-03	4.6869892417251147e-03	1.1269243648286011e-04
8.7500000000000000e-01	9.9851382007082001e-01	1.4672836893109499e-02	5.2450638545571270e-02	7.1007759532940560e-04	1.8025367674814061e-03	1.9013747247439411e-04
1.1250000000000000e+00	9.9547046782897586e-01	1.6533899755217758e-02	9.3389043442966002e-02	1.4757081329831695e-03	6.4366422047629985e-03	2.3733243759523030e-04
1.3750000000000000e+00	9.9086162602353411e-01	2.6715963508732104e-02	1.3159616155059606e-01	3.5333799971883251e-03	1.2223002115449740e-02	2.4305972276913806e-04
1.6250000000000000e+00	9.9265298139018987e-01	3.6590610206608511e-02	1.1495164166319968e-01	4.0964560536507506e-03	8.3770791120732387e-03	5.9114648074143209e-04
1.8750000000000000e+00	9.9649083716508857e-01	3.9118706991153024e-02	7.3867856921642522e-02	2.5645658195922955e-03	3.4854326386388711e-03	7.4342763223709087e-04
2.1250000000000000e+00	9.9393359461923703e-01	4.1364004782527365e-02	1.0148771930391731e-01	3.8816397375614760e-03	8.3518146881796027e-03	6.7193041671684316e-04
2.3750000000000000e+00	9.8958074514989047e-01	5.2051725305625941e-02	1.3347019755464132e-01	6.9387862623969980e-03	1.2565183283993768e-02	4.9244315946522928e-04
2.6250000000000000e+00	9.9158285211974528e-01	6.2323676209536487e-02	1.1304483459961231e-01	6.8589019428716399e-03	7.2110395452491816e-03	1.0141543089290230e-03
2.8750000000000000e+00	9.9526830612688266e-01	6.4813343662845774e-02	7.2169283382458080e-02	4.1230322673463868e-03	3.6699869684924573e-03	1.1643192023403459e-03
3.1250000000000000e+00	9.9242830217784284e-01	6.7136165884904120e-02	1.0224881420060274e-01	6.2856863837867987e-03	9.1377112738408282e-03	9.8622543661649954e-04
3.3750000000000000e+00	9.8781672907981255e-01	7.7739711436484060e-02	1.3383894128051455e-01	1.0378004142520365e-02	1.2389033908840741e-02	7.7050734477326541e-04
3.6250000000000000e+00	9.8963890019612777e-01	8.8126728476759508e-02	1.1275525376393145e-01	9.7119693452836272e-03	6.1737176909035458e-03	1.5305412521179882e-03
3.8750000000000000e+00	9.9308593993784855e-01	9.0611506365252947e-02	7.4238275722026709e-02	5.9277192209694031e-03	4.5474207627288722e-03	1.6529788401736820e-03
4.1250000000000000e+00	9.9000426678209574e-01	9.3054017846959602e-02	1.0511014180255400e-01	8.9065583886665696e-03	1.0164703533764936e-02	1.3082911647699434e-03
4.3750000000000000e+00	9.8567581172448537e-01	1.0344402339556902e-01	1.3198392086933411e-01	1.3593379408156995e-02	1.1700115446060477e-02	1.0488907417653089e-03
4.6250000000000000e+00	9.8792161265522804e-01	1.1318612897888024e-01	1.0506172265606775e-01	1.1790224393686726e-02	4.4469541452187298e-03	1.7427264813555667e-03
4.8750000000000000e+00	9.9175053866650720e-01	1.1553206939341069e-01	5.5118773584499473e-02	5.8134609698523671e-03	3.0438870567175928e-03	1.4384776852607078e-03
5.1250000000000000e+00	9.9051559890451968e-01	1.1716772850013117e-01	7.1182023136582534e-02	7.1952252114043441e-03	5.5834224678825446e-03	8.6338567793127301e-04
5.3750000000000000e+00	9.8768295377201287e-01	1.2380325451473344e-01	9.4779183561861241e-02	1.1548301063336874e-02	6.2076209351427606e-03	3.8150750695219952e-04
5.6250000000000000e+00	9.8847870390972825e-01	1.3059198757238555e-01	7.5803881182645069e-02	1.0223008225224791e-02	1.9549161768115755e-03	1.0122756818933833e-03
5.8750000000000000e+00	9.9059394722758909e-01	1.3245343316792668e-01	3.4006622562544227e-02	4.3408115972466419e-03	1.8771528337771786e-03	9.5027990720247357e-04
6.1250000000000000e+00	9.8874590708068333e-01	1.3361291806001285e-01	6.6676542204298278e-02	7.6542757429556340e-03	4.9215207173649751e-03	7.4079352481598614e-04
6.3750000000000000e+00	9.8525542869737304e-01	1.3998221122709248e-01	9.7238535676973603e-02	1.3496683885738818e-02	6.2390926655426279e-03	5.4880645945426792e-04
6.6250000000000000e+00	9.8586394338275896e-01	1.4701965461930194e-01	7.9404361045459892e-02	1.2150626819739680e-02	1.7153302310822952e-03	1.3688135260863823e-03
6.8750000000000000e+00	9.8802612046094829e-01	1.4890313174798375e-01	3.9909073842398973e-02	5.6093843170494546e-03	2.5449538185502120e-03	1.2515930730091415e-03
7.1250000000000000e+00	9.8590816525488423e-01	1.5037470616676815e-01	7.2462122585939454e-02	9.4077159200304048e-03	5.6992494845347101e-03	8.8975043117426027e-04
7.3750000000000000e+00	9.8219047641697577e-01	1.5737538203288054e-01	1.0119449636887200e-01	1.5887734236790407e-02	6.4397120037890275e-03	8.0067507842475740e-04
7.6250000000000000e+00	9.8278461248791782e-01	1.6488372393166506e-01	8.2100951559547192e-02	1.4217637019004678e-02	1.3477533279595193e-03	1.7997641461338996e-03
7.8750000000000000e+00	9.8466177466550187e-01	1.6679173136344877e-01	5.0448420876881651e-02	7.6421891107392101e-03	3.8921168153722547e-03	1.7643879082328443e-03
8.1250000000000000e+00	9.8126672788883118e-01	1.6880823945231707e-01	9.1431683686154938e-02	1.3728063842008954e-02	8.3286399758342247e-03	1.3447189210437549e-03
8.3750000000000000e+00	9.7644464791084140e-01	1.7772667650203647e-01	1.2014752505230016e-01	2.1500694564777798e-02	8.2669216652131918e-03	1.7402267198773937e-03
8.6250000000000000e+00	9.7741956639839478e-01	1.8672727959928570e-01	9.7022776677488723e-02	1.8902213951720464e-02	2.0405241689896159e-03	3.0062683939418916e-03
8.8750000000000000e+00	9.7965019368202644e-01	1.8886963540837420e-01	6.6624101712826136e-02	1.1408875745974408e-02	6.1304397544556773e-03	2.6913143755398264e-03
9.1250000000000000e+00	9.7573089335199514e-01	1.9148612898890180e-01	1.0415775155393578e-01	1.7937866019260972e-02	1.0399417814127296e-02	1.8799006348469058e-03
9.3750000000000000e+00	9.7072649580479375e-01	2.0148775101374866e-01	1.2781432146829849e-01	2.6029347820191420e-02	8.4930418095838702e-03	2.5684731739737702e-03
9.6250000000000000e+00	9.7206307552842908e-01	2.1103372156362807e-01	1.0020877044544302e-01	2.2286915931100305e-02	2.3610325828599954e-03	3.7505714838367175e-03
9.8750000000000000e+00	9.7441817234687689e-01	2.1329432198064935e-01	6.9106000862813988e-02	1.3447963329767023e-02	7.0010613484648944e-03	3.0423145819884118e-03
1.0125000000000000e+01	9.7052720731238407e-01	2.1600750166537391e-01	1.0440536463605951e-01	2.0159131692503472e-02	1.0335541875827975e-02	2.0012269885815123e-03
1.0375000000000000e+01	9.6579267931183488e-01	2.2575446638116159e-01	1.2415290544083400e-01	2.8382208904920700e-02	7.1781908409262376e-03	2.8985101613374412e-03
1.0625000000000000e+01	9.6720788424138660e-01	2.3486782762460778e-01	9.3607974490654597e-02	2.3760089224846952e-02	2.2069912501592390e-03	3.7612058713476066e-03
1.0875000000000000e+01	9.6954710357432095e-01	2.3710543523363059e-01	5.9530354441327232e-02	1.3059866391522965e-02	6.1507781986209998e-03	2.6779191166095354e-03
1.1125000000000000e+01	9.6635149617243032e-01	2.3947023484402355e-01	9.1579148510149991e-02	1.9037766167073294e-02	8.1978718507969370e-03	1.5525410455420018e-03
1.1375000000000000e+01	9.6231331624850658e-01	2.4767506229856193e-01	1.0877643493473713e-01	2.7324324757744461e-02	5.0381070790719972e-03	2.4147137903980410e-03
1.1625000000000000e+01	9.6330959274415884e-01	2.5544661550980940e-01	7.9063782976270008e-02	2.2768111458627175e-02	1.7259847098731694e-03	3.0343781139476156e-03
1.1875000000000000e+01	9.6514427601724018e-01	2.5744166683970854e-01	4.5525317955214646e-02	1.1041700463327369e-02	4.6697129533273280e-03	2.0086569742696538e-03
1.2125000000000000e+01	9.6231389001948897e-01	2.5929978059979741e-01	7.9814479642174141e-02	1.7418342966396744e-02	6.3735457051549722e-03	1.1085753723378867e-03
1.2375000000000000e+01	9.5855595806837535e-01	2.6620646104750495e-01	9.7882703118942968e-02	2.6550532154571291e-02	3.7722865181338918e-03	2.1002083342164420e-03
1.2625000000000000e+01	9.5913394677112351e-01	2.7308942211070519e-01	7.0485904195695961e-02	2.2485737964232463e-02	1.7758658454119756e-03	2.6860530352898564e-03
1.2875000000000000e+01	9.6054200479744001e-01	2.7491645715434110e-01	4.0615182928086163e-02	1.0460661355301753e-02	4.2215146854237429e-03	1.7773291507504809e-03
1.3125000000000000e+01	9.5748795426992606e-01	2.7664333132795937e-01	7.9416715117425582e-02	1.8453977265469591e-02	6.0481025435163548e-03	1.0682688934683011e-03
1.3375000000000000e+01	9.5335342729477168e-01	2.8358030878703244e-01	9.9213322299927978e-02	2.8967727077377794e-02	3.2737761577628171e-03	2.5141577944266407e-03
1.3625000000000000e+01	9.5363267488294889e-01	2.9077941214565522e-01	7.3348652920264920e-02	2.5179430098928115e-02	2.6893903774592299e-03	3.2853404531369410e-03
1.3875000000000000e+01	9.5449788152476844e-01	2.9261059414933349e-01	5.5314182806097068e-02	1.4502610972767982e-02	6.0454804378604178e-03	2.5103740847440613e-03
1.4125000000000000e+01	9.4992756614422158e-01	2.9485743869480580e-01	9.9784845564578728e-02	2.5824938762293657e-02	8.2656918688817534e-03	2.1084110511182361e-03
1.4375000000000000e+01	9.4486553224508363e-01	3.0358149614143959e-01	1.1697203091387980e-01	3.6798209807793331e-02	3.5568907750970400e-03	4.2644393040736864e-03
1.4625000000000000e+01	9.4587065940950432e-01	3.1194762232670331e-01	8.3904459208735155e-02	3.0692425686209019e-02	3.9338340387377021e-03	4.4629892547653031e-03
1.4875000000000000e+01	9.4762530370314446e-01	3.1416641626364911e-01	5.4819568777290772e-02	1.6028780861183652e-02	6.0714213999069431e-03	2.6033783704278710e-03
1.5125000000000000e+01	9.4430836924134953e-01	3.1651688783630721e-01	8.6715896643411908e-02	2.3135759691034558e-02	6.4241990608965831e-03	1.6071883635398049e-03
1.5375000000000000e+01	9.4026920829837368e-01	3.2394370323414656e-01	9.9072971398083173e-02	3.3524985381458851e-02	2.0966442956865186e-03	3.2432756777615820e-03
1.5625000000000000e+01	9.4058878738240237e-01	3.3110934703975498e-01	6.9422202015802570e-02	2.8544460977000627e-02	3.5546002368417292e-03	3.5312583273924571e-03
1.5875000000000000e+01	9.4102645944075447e-01	3.3289823017348785e-01	5.7585216041144340e-02	1.6879671772772963e-02	6.3454211790344283e-03	2.5934888002307368e-03
1.6125000000000000e+01	9.3582155462611016e-01	3.3518555236740782e-01	1.0427124259772880e-01	3.0782185105461313e-02	7.7866860444671619e-03	2.8277109169450947e-03
1.6375000000000000e+01	9.3037315262426967e-01	3.4407474213778261e-01	1.1885798610818121e-01	4.3087917779601304e-02	1.9207145138379358e-03	5.5578803763637538e-03
1.6625000000000000e+01	9.3132684748768024e-01	3.5257784616296373e-01	8.3529196741409767e-02	3.5896561715098384e-02	5.2375442738979176e-03	5.1033148533490905e-03
1.6875000000000000e+01	9.3287761827734206e-01	3.5493209625183192e-01	5.7891721742597789e-02	1.9032758013051040e-02	6.4200610997591553e-03	2.7643912609193228e-03
1.7125000000000000e+01	9.2946577852943157e-01	3.5745000274859701e-01	8.7240716511448754e-02	2.5986910400773711e-02	5.7086239099818654e-03	2.0028882023248257e-03
1.7375000000000000e+01	9.2587600206240861e-01	3.6446293299122490e-01	9.2869771456564068e-02	3.5814167958632771e-02	1.0948319714738353e-03	3.4280528517903540e-03
1.7625000000000000e+01	9.2645576019961640e-01	3.7074835338533269e-01	5.8037598072151621e-02	2.8974304458029062e-02	3.1167945584138139e-03	2.7920132313036701e-03
1.7875000000000000e+01	9.2731640827672057e-01	3.7248078019982162e-01	3.4550281565575117e-02	1.1595924761444446e-02	3.5238920482146387e-03	1.3198787792990186e-03
1.8125000000000000e+01	9.2430477811515444e-01	3.7404417759588171e-01	7.2547391412111181e-02	2.1711433852204674e-02	3.9621937900677561e-03	1.1920653774610060e-03
1.8375000000000000e+01	9.2057685199100137e-01	3.7970588137491051e-01	8.4556325692104264e-02	3.4664617695148066e-02	9.6142400229558560e-04	3.0612018926159039e-03
1.8625000000000000e+01	9.2045299005029069e-01	3.8562650720232633e-01	5.6002790304618771e-02	3.0017769724257570e-02	3.5528155440084567e-03	2.9135083664278100e-03
1.8875000000000000e+01	9.2036065171164960e-01	3.8719039982875630e-01	5.2030259579810639e-02	1.6766153552660340e-02	5.2154337482511887e-03	2.1005940299752266e-03
1.9125000000000000e+01	9.1517135084297618e-01	3.8922853941482882e-01	9.9005867294799474e-02	3.3445482445952440e-02	5.6180305796118797e-03	3.1966199038140422e-03
1.9375000000000000e+01	9.0990237255588224e-01	3.9722625305890413e-01	1.0960508278086044e-01	4.7324218991830390e-02	5.6633379930426430e-04	5.9832841651957470e-03
1.9625000000000000e+01	9.1050047493725972e-01	4.0495458358900710e-01	7.3479538796891369e-02	3.9358049389787958e-02	5.4710446156856609e-03	4.7370208483315255e-03
1.9875000000000000e+01	9.1138276992531531e-01	4.0720146972375271e-01	5.5838543093943732e-02	2.0307462330268446e-02	5.6346530921943987e-03	2.5148561501078829e-03
2.0125000000000000e+01	9.0742461992006662e-01	4.0969266349087768e-01	8.8298877953658705e-02	3.0149193072174018e-02	4.4414197568229535e-03	2.6624696125771949e-03
2.0375000000000000e+01	9.0319164011085029e-01	4.1678731382885653e-01	9.3111988640579582e-02	4.2909922336558444e-02	1.1245541379860408e-03	4.5637462304496494e-03
2.0625000000000000e+01	9.0307967629060470e-01	4.2347518018488139e-01	6.1112083616694200e-02	3.6669062192942053e-02	4.7807766805809653e-03	3.7023406764746573e-03
2.0875000000000000e+01	9.0229813559985395e-01	4.2510111505798259e-01	6.7161051656610252e-02	2.4174952489871990e-02	6.4918176971547649e-03	3.1523935294426723e-03
2.1125000000000000e+01	8.9536407378193350e-01	4.2750103663746936e-01	1.1625263728568758e-01	4.4580738315166492e-02	5.4628622845993031e-03	5.8376609669983284e-03
2.1375000000000000e+01	8.8874053349028559e-01	4.3692051910281238e-01	1.2442865687149307e-01	6.0529262318041489e-02	3.1131339825892553e-03	9.2059908498335168e-03
2.1625000000000000e+01	8.8922991861440348e-01	4.4597457677508956e-01	8.7231822879599921e-02	5.1541823050701666e-02	8.0827163102594156e-03	6.7489230296737118e-03
2.1875000000000000e+01	8.8957949196933284e-01	4.4869885380482610e-01	7.8788799901957807e-02	3.2100910389657421e-02	7.6453253685860667e-03	4.5903838609989683e-03
2.2125000000000000e+01	8.8395876844526688e-01	4.5210877135917088e-01	1.1063647628066321e-01	4.3831588476820713e-02	4.2170129011561107e-03	5.9273365701569903e-03
2.2375000000000000e+01	8.7889993437229386e-01	4.6109515157819003e-01	1.0805106076722679e-01	5.6449801906411419e-02	3.1489727505530497e-03	7.3917963908242731e-03
2.2625000000000000e+01	8.7927344305345867e-01	4.6895745743169714e-01	6.8813706022726129e-02	4.6518432670705545e-02	6.0807594188716733e-03	4.5660825969787008e-03
2.2875000000000000e+01	8.7883477818586231e-01	4.7112529421122978e-01	6.9651038968180326e-02	2.8123053968403134e-02	5.8384445868420202e-03	3.7588530615448065e-03
2.3125000000000000e+01	8.7258898620792380e-01	4.7384817257928935e-01	1.0923086206676726e-01	4.5570031151449954e-02	2.9798382399469333e-03	6.2834774581172525e-03
2.3375000000000000e+01	8.6669707494418213e-01	4.8245104288672525e-01	1.1037534769620426e-01	6.1703603709590042e-02	4.3016445118558627e-03	8.2834331889361148e-03
2.3625000000000000e+01	8.6651652758854858e-01	4.9051902682352927e-01	7.5171663284859441e-02	5.3019039373147371e-02	7.0409419111754209e-03	5.3683684600045051e-03
2.3875000000000000e+01	8.6536778128191882e-01	4.9275091851110076e-01	8.3364702887347708e-02	3.6212407468182481e-02	6.5690230997786066e-03	5.5651791573889543e-03
2.4125000000000000e+01	8.5795586869216334e-01	4.9586278799422784e-01	1.2229721215330813e-01	5.4687139276002557e-02	2.2108843279200598e-03	8.9243233408714713e-03
2.4375000000000000e+01	8.5194309623273523e-01	5.0545657822022461e-01	1.1727955578369630e-01	6.9463384165680653e-02	5.5803124842390573e-03	9.7883851217397486e-03
2.4625000000000000e+01	8.5276718546589803e-01	5.1411886855170785e-01	7.2701756149428115e-02	5.5840360599504084e-02	6.4802225377332155e-03	4.9225896081946663e-03
2.4875000000000000e+01	8.5308278081078703e-01	5.1702908035623951e-01	6.3939130288909740e-02	2.8449130842974794e-02	4.1847017236488673e-03	3.9524667965545619e-03
2.5125000000000000e+01	8.4872647724569983e-01	5.1996077104005056e-01	8.8582985055538105e-02	3.7858926604064196e-02	1.4670999626241676e-03	4.6655604464400759e-03
2.5375000000000000e+01	8.4495500144078506e-01	5.2638688806384815e-01	7.9703214254136179e-02	5.0823764813105438e-02	3.3671032136671016e-03	4.5710828467045031e-03
2.5625000000000000e+01	8.4477635232227666e-01	5.3196507029837869e-01	4.1163022991925993e-02	4.0727971672545334e-02	3.1848116473026777e-03	1.6653455760503274e-03
2.5875000000000000e+01	8.4361596528461735e-01	5.3348349500483772e-01	5.6728925328540770e-02	2.1703364993223440e-02	2.9405143397726809e-03	3.1000046424990344e-03
2.6125000000000000e+01	8.3759307325204024e-01	5.3535927023181107e-01	9.8341897880624099e-02	4.6017983414556596e-02	9.9907519999824744e-04	6.2059317998060968e-03
2.6375000000000000e+01	8.3191598821169199e-01	5.4234758797041538e-01	9.7063752680400156e-02	6.5384182136385000e-02	5.1123180831773880e-03	7.2307140868880368e-03
2.6625000000000000e+01	8.3133257111057624e-01	5.4935532078939331e-01	6.2822304199149623e-02	5.5736154564631109e-02	5.1441503919749595e-03	3.9069959383353867e-03
2.6875000000000000e+01	8.2971599748470537e-01	5.5149516434756363e-01	7.7971506191867407e-02	3.5970314550167720e-02	3.8274795947191229e-03	6.0314436496615373e-03
2.7125000000000000e+01	8.2252213881300917e-01	5.5433574692898646e-01	1.1348375120706730e-01	5.6621908139850997e-02	9.2980669478247735e-04	9.1511763855870402e-03
2.7375000000000000e+01	8.1662025035379116e-01	5.6273037774275925e-01	1.0438837668225605e-01	7.3886679266299396e-02	6.0543206517517777e-03	8.5474744626949893e-03
2.7625000000000000e+01	8.1650351516355113e-01	5.7049955994556734e-01	6.4488828991180441e-02	6.0431505135530299e-02	4.8828936967230448e-03	4.2003927227198569e-03
2.7875000000000000e+01	8.1524950490034043e-01	5.7306808883177063e-01	7.5121541108339129e-02	3.5651412026482476e-02	2.9007947330549075e-03	6.2069794904295395e-03
2.8125000000000000e+01	8.0896596925065323e-01	5.7606430579937218e-01	1.0418606781929690e-01	5.2934632772903702e-02	1.6217670764795238e-03	8.0333041358271896e-03
2.8375000000000000e+01	8.0417188603807344e-01	5.8353097983595847e-01	9.0106632671447778e-02	6.7929369329005035e-02	5.0132552075945608e-03	6.3589371009695550e-03
2.8625000000000000e+01	8.0425096389618855e-01	5.9011413005177116e-01	4.6698698378119491e-02	5.2448065513303416e-02	2.9980008704548842e-03	2.2681644066370353e-03
2.8875000000000000e+01	8.0341866787278604e-01	5.9234941801606267e-01	5.5453378025837045e-02	2.3403395428887593e-02	1.6309442521210758e-03	3.8929498223740869e-03
2.9125000000000000e+01	7.9884361465296372e-01	5.9459102339606063e-01	8.1663005361007041e-02	4.0194690491227168e-02	1.7896411080311259e-03	4.7677899953989479e-03
2.9375000000000000e+01	7.9510697897705185e-01	5.9987471639785617e-01	6.9256677368834882e-02	5.5967434331444250e-02	3.5527573972246413e-03	3.7085654421968582e-03
2.9625000000000000e+01	7.9462529247905733e-01	6.0469948758263525e-01	3.1142248487004542e-02	4.3985900278334183e-02	1.7518288893291906e-03	1.2273146670308706e-03
2.9875000000000000e+01	7.9302965147847682e-01	6.0615530854145205e-01	5.6519136633455085e-02	2.1650789776087552e-02	1.3166809857497147e-03	3.8484607839151430e-03
3.0125000000000000e+01	7.8731952618206269e-01	6.0791129608501948e-01	9.0459176364051722e-02	4.8427315556097132e-02	2.2984586797560628e-03	6.2023698656097324e-03
3.0375000000000000e+01	7.8237170059042460e-01	6.1374313329657459e-01	8.0650903129657545e-02	6.8280872267370160e-02	4.5148274684986009e-03	5.1632437728611437e-03
3.0625000000000000e+01	7.8161525003730892e-01	6.1958458099606217e-01	4.5627443096718526e-02	5.5649998530365119e-02	2.3206694250545935e-03	2.8942174235250333e-03
3.0875000000000000e+01	7.7954938954696895e-01	6.2151585676133414e-01	7.0183851362319777e-02	3.2501604393635926e-02	1.2022185573952117e-03	6.1005279693464266e-03
3.1125000000000000e+01	7.7283357405410302e-01	6.2389173197066761e-01	1.0075854931946422e-01	5.7089870305410795e-02	2.9343366069733900e-03	8.1990676072391470e-03
3.1375000000000000e+01	7.6735736406231125e-01	6.3064345906840735e-01	8.6595899848785823e-02	7.6764468268050542e-02	4.9400571328611330e-03	5.9553110752103627e-03
3.1625000000000000e+01	7.6643105004876588e-01	6.3709787210696978e-01	5.2180773407993951e-02	6.2801891822149902e-02	2.1762049184503342e-03	4.2544424045218776e-03
3.1875000000000000e+01	7.6372844161316644e-01	6.3916881429321881e-01	8.0400237766421773e-02	4.0621709377565270e-02	7.8259941580502705e-04	8.1951411597286482e-03
3.2125000000000000e+01	7.5598952226140803e-01	6.4179971317944007e-01	1.0988866623202764e-01	6.6173443774854818e-02	3.7603607694688982e-03	1.0216968893132748e-02
3.2375000000000000e+01	7.5030540515752675e-01	6.4924291160601844e-01	9.1155596584432758e-02	8.4551952060619689e-02	5.0513973182213460e-03	6.4458296555752167e-03
3.2625000000000000e+01	7.4999505984235204e-01	6.5630869272608716e-01	4.9960015347474532e-02	6.5174417439651744e-02	1.6026339845243596e-03	4.4759140335675265e-03
3.2875000000000000e+01	7.4839111242629763e-01	6.5908315788912097e-01	6.6694727188949962e-02	3.2116961791546488e-02	6.0009331256389003e-04	6.3314964046378387e-03
3.3125000000000000e+01	7.4309890147358082e-01	6.6181970603083262e-01	8.5579140650169805e-02	4.9302521775812520e-02	2.9149658451604853e-03	5.9728003705921198e-03
3.3375000000000000e+01	7.3929285454894345e-01	6.6720883319673707e-01	6.3938634058931826e-02	6.4594515410452386e-02	3.1706228579042274e-03	2.7919386426994174e-03
3.3625000000000000e+01	7.3860803113488671e-01	6.7187372441530768e-01	2.5961088383789861e-02	4.8607344562703048e-02	8.0288253788555596e-04	2.5647821492373510e-03
3.3875000000000000e+01	7.3634865828428031e-01	6.7332876804735931e-01	6.1514331077482477e-02	2.4686815131629545e-02	7.1883720190357822e-04	5.0055036301028290e-03
3.4125000000000000e+01	7.3013532892967470e-01	6.7498658327162353e-01	8.9810889913278527e-02	5.6332400830266492e-02	3.3800593881456848e-03	6.6898221406329903e-03
3.4375000000000000e+01	7.2486325124339279e-01	6.8031771996828017e-01	7.4033268348089681e-02	7.8949448225290556e-02	3.5875802688546533e-03	3.7757071466843349e-03
3.4625000000000000e+01	7.2329871322447503e-01	6.8580778896844830e-01	4.6702604010216274e-02	6.5522634919435205e-02	9.6945662858190533e-04	5.5999360490878976e-03
3.4875000000000000e+01	7.1946509254821289e-01	6.8749236974167127e-01	8.6260121755887029e-02	4.6687531716855406e-02	1.4834835491811837e-03	1.0074085813673023e-02
3.5125000000000000e+01	7.1042165545798519e-01	6.8974183889187302e-01	1.1471772684725831e-01	7.8979046122594571e-02	4.7950306203535598e-03	1.1680250010560316e-02
3.5375000000000000e+01	7.0369909020560550e-01	6.9705468544561133e-01	9.3099855855110658e-02	1.0098702365768936e-01	3.9741972215927377e-03	6.3717808412587012e-03
3.5625000000000000e+01	7.0258569647223601e-01	7.0455520238861313e-01	5.8911203018093557e-02	8.0187187996010933e-02	1.5451353013832042e-03	8.5090244399843428e-03
3.5875000000000000e+01	6.9950256305434322e-01	7.0772693029600919e-01	8.5511907451544675e-02	4.8875425751795841e-02	2.0455202666611549e-03	1.0652638293598901e-02
3.6125000000000000e+01	6.9212726108566736e-01	7.1101693277781874e-01	1.0192218112136570e-01	7.0210111316849566e-02	4.0874599753939721e-03	8.9709364376269005e-03
3.6375000000000000e+01	6.8718546354145338e-01	7.1764416610759252e-01	7.2859626108515582e-02	8.6240645726552323e-02	2.8553795849604502e-03	2.9769555725161776e-03
3.6625000000000000e+01	6.8629054018736146e-01	7.2355106123001656e-01	3.6634010678896212e-02	6.4039351112724407e-02	1.7207368366437578e-03	5.7537881121624505e-03
3.6875000000000000e+01	6.8346641405555897e-01	7.2579173901813809e-01	7.0053278498496296e-02	3.3772459031231890e-02	1.6508953516929552e-03	7.0175607016042816e-03
3.7125000000000000e+01	6.7714327017681775e-01	7.2800596177633015e-01	8.7719397526573276e-02	6.1152758473080431e-02	3.3459775834147284e-03	6.2260047454361419e-03
3.7375000000000000e+01	6.7264065022695885e-01	7.3309159871954888e-01	6.1559809637852521e-02	7.9581488586077220e-02	2.4778478333437291e-03	1.5166842007910454e-03
3.7625000000000000e+01	6.7142826430009162e-01	7.3795744011475783e-01	3.1099801614188537e-02	6.0017945348828483e-02	1.8760384941768357e-03	5.4801034184027335e-03
3.7875000000000000e+01	6.6824835193921728e-01	7.3976407575915903e-01	7.0747159172154739e-02	3.3714027377121980e-02	1.8511491819426069e-03	6.9303261476624384e-03
3.8125000000000000e+01	6.6147029544016134e-01	7.4164385201668903e-01	8.9556932804611189e-02	6.5949240866617950e-02	3.2973804338289562e-03	6.3895003075160883e-03
3.8375000000000000e+01	6.5640808302349596e-01	7.4664914073378685e-01	6.3769373518979836e-02	8.6986203121902542e-02	2.5206430786530376e-03	2.0007520645593979e-03
3.8625000000000000e+01	6.5472303819286626e-01	7.5173043614924029e-01	3.9078385218058675e-02	6.8203333949199321e-02	2.5165189418007369e-03	7.3448489269284187e-03
3.8875000000000000e+01	6.5064032457982413e-01	7.5360337919482356e-01	8.1438578664332892e-02	4.4988133492464999e-02	2.6375619397315704e-03	9.2727511462638735e-03
3.9125000000000000e+01	6.4253551967141287e-01	7.5564721138299307e-01	9.9599266524335608e-02	7.8429254252953870e-02	3.3436144890498206e-03	7.9408007774336552e-03
3.9375000000000000e+01	6.3692999862054489e-01	7.6140323288953371e-01	7.0018571462826931e-02	9.8304365147453665e-02	2.8651217777084779e-03	3.2766328852521704e-03
3.9625000000000000e+01	6.3555429325472246e-01	7.6740586918491782e-01	4.0546947790961969e-02	7.3729430993473177e-02	3.1362763903665116e-03	8.3097573162461292e-03
3.9875000000000000e+01	6.3220428901995052e-01	7.7018673824694495e-01	7.4248351569108334e-02	3.9377152408407660e-02	2.3495109217258549e-03	7.8247766242196294e-03
4.0125000000000000e+01	6.2594408574348370e-01	7.7272149642312382e-01	8.3516108889422860e-02	6.3942250920648883e-02	2.5726802057429951e-03	5.0318891180772445e-03
4.0375000000000000e+01	6.2200237543958969e-01	7.7741017001457080e-01	5.0154164153877509e-02	7.8879748466234814e-02	2.7127145513806791e-03	1.2879383216410452e-03
4.0625000000000000e+01	6.2084904450923406e-01	7.8164466543464362e-01	2.2169506030527197e-02	5.5278951308748707e-02	2.1474020922022346e-03	5.1205603562391499e-03
4.0875000000000000e+01	6.1790122476179787e-01	7.8334426235967114e-01	6.2736947419984465e-02	2.4655512960571425e-02	1.6640532939969032e-03	4.8223543798793615e-03
4.1125000000000000e+01	6.1249708324306418e-01	7.8488506844458339e-01	7.3680569096277501e-02	5.7937798725221257e-02	2.1856952313543850e-03	3.5157224527537709e-03
4.1375000000000000e+01	6.0875032412080632e-01	7.8849898201478585e-01	4.3771676030248029e-02	7.5934132844163602e-02	2.8340703232535725e-03	1.5537491993726322e-03
4.1625000000000000e+01	6.0730184992223457e-01	7.9216303277284128e-01	2.4012772818854763e-02	5.5243899637554758e-02	2.1785591864536507e-03	5.3800337756860755e-03
4.1875000000000000e+01	6.0382841565460332e-01	7.9362069020353110e-01	6.7958479926199147e-02	3.0067808704155669e-02	1.9822683792050312e-03	5.5755741274290532e-03
4.2125000000000000e+01	5.9742738209337398e-01	7.9498071008248494e-01	8.0333351006650372e-02	6.7910742836554128e-02	1.9940410891485798e-03	4.1111124254673672e-03
4.2375000000000000e+01	5.9263824786078589e-01	7.9884513499764997e-01	5.0261999815025132e-02	8.9874689796436022e-02	3.6695010860675749e-03	3.0271659116773999e-03
4.2625000000000000e+01	5.9036372480915322e-01	8.0303484297997041e-01	3.8500102529565768e-02	7.0983198672720321e-02	3.3349345329657877e-03	8.5859893235618323e-03
4.2875000000000000e+01	5.8513382482734067e-01	8.0452114227521365e-01	8.6534154666803864e-02	5.2657080836819338e-02	3.1810293451665543e-03	9.6484009695224689e-03
4.3125000000000000e+01	5.7580591797523384e-01	8.0584873879422370e-01	1.0082939007007219e-01	9.4024780767558797e-02	1.0947246592261169e-03	6.8506412905441610e-03
4.3375000000000000e+01	5.6901678899894070e-01	8.1083581854918074e-01	6.8307084221527328e-02	1.1836812029665385e-01	6.0506407348824669e-03	7.1895260140392350e-03
4.3625000000000000e+01	5.6611065565322949e-01	8.1675127123143143e-01	5.5826590098142101e-02	9.5379256113017910e-02	5.4915791614828400e-03	1.3860678099211854e-02
4.3875000000000000e+01	5.5996544975648543e-01	8.1956617657821129e-01	9.8406656105042692e-02	6.9925373188485920e-02	4.0081928865370172e-03	1.2668223887020772e-02
4.4125000000000000e+01	5.4997555920349184e-01	8.2202656499974391e-01	1.0554759072759246e-01	1.0300944360960908e-01	8.1391017031726522e-04	6.8781452881867943e-03
4.4375000000000000e+01	5.4366177391083015e-01	8.2798215344326731e-01	6.5044245263458172e-02	1.2052538199310825e-01	7.2045806969620744e-03	8.2705282833776036e-03
4.4625000000000000e+01	5.4148590520081186e-01	8.3453995601177067e-01	4.6814638525729882e-02	8.9340190486092527e-02	4.6318891876904588e-03	1.1888728901768347e-02
4.4875000000000000e+01	5.3678012812019349e-01	8.3811747662584379e-01	8.2106836666317892e-02	5.1132305001505188e-02	2.6737650382717515e-03	7.9369495402102710e-03
4.5125000000000000e+01	5.2978632455724051e-01	8.4082281607612763e-01	8.1012760942783188e-02	7.5975451262663515e-02	1.2746595155386942e-03	2.5457594005256000e-03
4.5375000000000000e+01	5.2577130190339816e-01	8.4512748560689432e-01	3.8356446885729312e-02	8.8372774255042266e-02	4.7965752792847758e-03	4.4832783693888332e-03
4.5625000000000000e+01	5.2413773484581661e-01	8.4913413555616024e-01	2.6958853218591233e-02	5.9054806706686280e-02	1.8452383969186895e-03	5.7619334624190105e-03
4.5875000000000000e+01	5.2058112150512237e-01	8.5098711436913965e-01	6.4407341813870755e-02	2.5544816344172664e-02	1.5646688365682719e-03	3.5966095148121167e-03
4.6125000000000000e+01	5.1546228043084841e-01	8.5232551327753070e-01	6.4347941996659899e-02	6.0791807457121150e-02	1.6399762458447549e-03	9.3051277763269422e-04
4.6375000000000000e+01	5.1231286314982438e-01	8.5503559694420472e-01	2.7066869003276515e-02	7.5425544372854092e-02	3.9064242151831416e-03	3.5735021712798667e-03
4.6625000000000000e+01	5.1072373193111942e-01	8.5786914918906376e-01	2.6111871624983504e-02	5.0192250276539722e-02	1.1337609029275387e-03	4.4062762756611543e-03
4.6875000000000000e+01	5.0729650923605674e-01	8.5917981544873290e-01	6.2737038769594813e-02	2.2658769401292744e-02	1.4368727279903733e-03	2.9792574243759353e-03
4.7125000000000000e+01	5.0222129425078998e-01	8.6013465430162506e-01	6.3051881046864391e-02	6.2949938391896873e-02	1.8845998786289030e-03	6.0158681357633671e-04
4.7375000000000000e+01	4.9878618461312113e-01	8.6256766208125502e-01	2.6125642947102946e-02	8.0434183175434451e-02	4.3617940676725165e-03	4.2588825740106223e-03
4.7625000000000000e+01	4.9671838232632737e-01	8.6539269692370557e-01	3.2012941823638071e-02	5.7514614338924477e-02	1.3477462083908555e-03	5.6349839071772384e-03
4.7875000000000000e+01	4.9224253264877754e-01	8.6664382463811718e-01	7.2533892288536753e-02	3.6645455611608264e-02	1.7439169764002897e-03	4.3213509703281397e-03
4.8125000000000000e+01	4.8552811544693530e-01	8.6750016408443098e-01	7.3657316992595825e-02	7.9198719814019006e-02	2.6695989525803592e-03	9.7473008650032008e-04
4.8375000000000000e+01	4.8107898571865321e-01	8.7051002056785687e-01	3.3777381049003741e-02	9.7766594847046126e-02	6.0374486240299743e-03	6.2963693078591848e-03
4.8625000000000000e+01	4.7876160846936783e-01	8.7441907129161034e-01	3.5750297651760216e-02	6.9602148669072703e-02	1.9354699269160942e-03	7.2333320099111044e-03
4.8875000000000000e+01	4.7423161127395697e-01	8.7664213652302969e-01	7.2133187259774800e-02	3.7138705934244683e-02	1.7976311653570131e-03	4.1511059148865784e-03
4.9125000000000000e+01	4.6815684194039298e-01	8.7812648796175341e-01	6.7438324591889823e-02	7.1889822966171690e-02	2.6257475752075035e-03	2.7141142113515474e-04
4.9375000000000000e+01	4.6441514462056660e-01	8.8092796124320361e-01	2.4748958804941559e-02	8.7287309235116461e-02	5.0547057108145813e-03	5.2311740264895370e-03
4.9625000000000000e+01	4.6211807243154196e-01	8.8399691220399668e-01	3.5289531986267809e-02	6.0964989783364100e-02	1.0159656230511881e-03	5.7648167981521146e-03
4.9875000000000000e+01	4.5733755776133117e-01	8.8540226289035906e-01	7.3392509234996489e-02	3.8750718922768004e-02	1.7152700492654562e-03	3.7643524481160181e-03
5.0125000000000000e+01	4.5062356562477363e-01	8.8618814450060335e-01	7.0482935996194637e-02	8.1403329786874576e-02	3.7019424241179796e-03	9.6120000538475216e-04
5.0375000000000000e+01	4.4629371749382007e-01	8.8890189986887946e-01	2.7967461321552731e-02	9.9037664536593753e-02	6.2206563428846926e-03	6.7820115065411581e-03
5.0625000000000000e+01	4.4381623980997692e-01	8.9262561376405236e-01	3.7502401993061998e-02	6.9242621684974318e-02	1.2631955079779578e-03	6.6402151574182213e-03
5.0875000000000000e+01	4.3914004463276596e-01	8.9483558296552557e-01	7.1339939105288519e-02	3.6361786971571032e-02	1.7554083350636034e-03	3.2638530833359260e-03
5.1125000000000000e+01	4.3320330061866147e-01	8.9612338106921063e-01	6.3272984304301172e-02	7.2677677157809331e-02	3.3994432159555597e-03	8.4541125053451838e-04
5.1375000000000000e+01	4.2947761539762241e-01	8.9846096764787464e-01	1.8956770644163973e-02	8.8878412519886651e-02	5.0850811884873134e-03	5.6813792003182519e-03
5.1625000000000000e+01	4.2675614735036621e-01	9.0114789003576778e-01	4.0661799016174477e-02	6.4213841647111233e-02	7.8674545985880722e-04	5.8525768709798724e-03
5.1875000000000000e+01	4.2107078572170276e-01	9.0220023593240595e-01	7.9336763901338994e-02	4.9195484832019333e-02	2.3386561347318135e-03	3.7603920690935811e-03
5.2125000000000000e+01	4.1305689632251297e-01	9.0236243019994822e-01	7.5126130993767054e-02	9.7135652835516326e-02	6.2518762901626786e-03	2.7727958883966460e-03
5.2375000000000000e+01	4.0764591478917284e-01	9.0477824228185533e-01	3.1572571736636197e-02	1.1848980787322304e-01	8.2458020511049137e-03	9.8226952358150751e-03
5.2625000000000000e+01	4.0421748157072335e-01	9.0906663687923539e-01	4.8283198761383060e-02	8.8266490201025602e-02	2.2646673592183904e-03	8.8717536269468326e-03
5.2875000000000000e+01	3.9806897215517933e-01	9.1199647957808028e-01	8.2080826904969595e-02	5.5141339139182260e-02	3.3506070272285539e-03	3.8024531024441395e-03
5.3125000000000000e+01	3.9066906424752845e-01	9.1361091309910314e-01	6.9354217561835921e-02	8.8550805810933997e-02	5.8863280572884671e-03	2.6230030138454561e-03
5.3375000000000000e+01	3.8632318102076324e-01	9.1637801080683801e-01	1.9630979021782884e-02	1.0260337124113618e-01	6.0898673352854111e-03	7.4717805204089979e-03
5.3625000000000000e+01	3.8334904007510379e-01	9.1984145463007860e-01	4.3369741493119902e-02	7.0852650842091247e-02	1.2259418512922248e-03	5.7163166085410387e-03
5.3875000000000000e+01	3.7783084614850482e-01	9.2175555084912697e-01	7.5236553364983638e-02	4.4031080797909246e-02	2.5783758539356392e-03	2.1524676570521227e-03
5.4125000000000000e+01	3.7111678311988716e-01	9.2249716825796513e-01	6.2966121310839354e-02	8.5227192527013301e-02	5.8644639887899634e-03	2.9170406140554368e-03
5.4375000000000000e+01	3.6695138107484609e-01	9.2451869471339665e-01	1.5145453537889679e-02	1.0147971998379014e-01	5.5748975906831999e-03	7.2985778548335378e-03
5.4625000000000000e+01	3.6390040241888727e-01	9.2768545245082679e-01	4.4652012668606404e-02	7.0373977191899764e-02	1.6209398029065638e-03	5.2222680394105186e-03
5.4875000000000000e+01	3.5839686005088733e-01	9.2962252774556564e-01	7.4181950733602800e-02	4.2903164701830705e-02	2.7283550690003705e-03	1.5997925359241569e-03
5.5125000000000000e+01	3.5189193292801207e-01	9.3031119328614365e-01	5.9735941747750709e-02	8.4132185125163503e-02	6.0183928691655538e-03	3.2129151173699868e-03
5.5375000000000000e+01	3.4777434851520378e-01	9.3198957712441255e-01	1.1276540766689224e-02	1.0121029425878510e-01	5.1018770997066113e-03	7.1914852942670734e-03
5.5625000000000000e+01	3.4438384888338602e-01	9.3472369570908886e-01	4.8486039334449560e-02	7.2859660155145542e-02	2.3898821847894280e-03	5.1224684569696928e-03
5.5875000000000000e+01	3.3806548335923442e-01	9.3621002762275296e-01	7.9636000935753126e-02	5.3496520318092849e-02	4.0506646220854012e-03	1.5280460183877155e-03
5.6125000000000000e+01	3.3030156692216467e-01	9.3630107155680242e-01	6.5041601601775731e-02	9.9577948517019330e-02	8.4329255150153021e-03	4.8873600060149571e-03
5.6375000000000000e+01	3.2522929203514761e-01	9.3782173753383602e-01	1.7323245583185650e-02	1.1951540153731290e-01	6.4313291150790422e-03	9.5345778613293141e-03
5.6625000000000000e+01	3.2118028823625455e-01	9.4131420272494393e-01	5.3982375731650559e-02	8.8337501078590758e-02	3.8701820686818595e-03	6.1810113330999601e-03
5.6875000000000000e+01	3.1415316107804758e-01	9.4376078624886106e-01	8.3116422041481522e-02	6.0684174335116824e-02	5.5458844354154650e-03	1.3054737555760480e-03
5.7125000000000000e+01	3.0615350075769954e-01	9.4440367504867961e-01	6.3714692108319579e-02	1.0099711119227585e-01	9.0206180548226024e-03	5.5120339827706777e-03
5.7375000000000000e+01	3.0112728544988615e-01	9.4593613331052795e-01	1.3732634301623151e-02	1.1926630758407430e-01	5.5026235373604373e-03	9.1582432662290908e-03
5.7625000000000000e+01	2.9681191449752320e-01	9.4907804998948075e-01	5.6714774354291821e-02	8.8793504865523190e-02	4.9440597441863937e-03	5.3147509229484703e-03
5.7875000000000000e+01	2.8919710723511771e-01	9.5101200489981708e-01	8.5826317781767983e-02	6.7264325620896612e-02	7.0065217440956253e-03	1.2091447877889754e-03
5.8125000000000000e+01	2.8038759106915223e-01	9.5094194383252562e-01	6.5358748945139850e-02	1.1245637707555113e-01	1.1040936417588538e-02	7.2189437492326909e-03
5.8375000000000000e+01	2.7470931583108299e-01	9.5202524859511173e-01	1.7938985245978790e-02	1.3309736301209610e-01	5.8283630573159649e-03	1.0584554061768827e-02
5.8625000000000000e+01	2.6981967257498218e-01	9.5562971076475700e-01	6.1771946166290288e-02	1.0037882622179876e-01	7.0741452666405547e-03	5.2416197034866685e-03
5.8875000000000000e+01	2.6163667392097212e-01	9.5837910964632556e-01	8.7889779105745636e-02	7.2486115725052563e-02	8.5931600618273461e-03	1.7436768869908282e-03
5.9125000000000000e+01	2.5277187046787036e-01	9.5878156079233479e-01	6.2545646398940530e-02	1.1290686119061576e-01	1.1170091473096402e-02	7.7208842694499614e-03
5.9375000000000000e+01	2.4725938435957490e-01	9.5984714867852972e-01	1.4627238605459829e-02	1.3127426867492475e-01	4.2294295919086435e-03	9.5640064721937736e-03
5.9625000000000000e+01	2.4228027109664302e-01	9.6318542618042180e-01	6.3016478556376571e-02	9.7592196261996431e-02	8.0701727738057439e-03	3.6964850198436070e-03
5.9875000000000000e+01	2.3400975861754053e-01	9.6562099361787157e-01	8.6738801113872360e-02	7.2130565834506610e-02	9.0996817721430041e-03	2.5074292757642914e-03
6.0125000000000000e+01	2.2518287645607615e-01	9.6557765998686373e-01	5.9189620463221945e-02	1.1513649335610758e-01	1.1181028069483933e-02	8.2228963059265432e-03
6.0375000000000000e+01	2.1964644346472625e-01	9.6619271597553458e-01	1.4766090452807360e-02	1.3385575217624626e-01	3.2741484580370702e-03	8.9975331659837149e-03
6.0625000000000000e+01	2.1450298292195602e-01	9.6953663490168762e-01	6.4924543389192763e-02	9.8382807230491628e-02	9.2896913849154650e-03	2.5519487126679044e-03
6.0875000000000000e+01	2.0627531778358810e-01	9.7228995793820638e-01	8.4662342639471963e-02	6.9584889634856248e-02	9.1142081335821006e-03	3.1453217977158248e-03
6.1125000000000000e+01	1.9799458459856570e-01	9.7247829185143220e-01	5.3496932469300096e-02	1.0985210328059439e-01	9.8013788399346820e-03	7.6578679417966282e-03
6.1375000000000000e+01	1.9299172830387912e-01	9.7310299320142102e-01	1.1756399457812211e-02	1.2502672133034340e-01	1.8255317609734091e-03	7.1785017720443801e-03
6.1625000000000000e+01	1.8824604558198996e-01	9.7627479286693908e-01	6.2437976488531798e-02	8.6474631526697168e-02	8.5013578676363614e-03	1.5229064701112612e-03
6.1875000000000000e+01	1.8096831546918479e-01	9.7886977229292838e-01	7.6854186825698431e-02	5.5690061985406311e-02	6.8962652918922208e-03	2.9883399897519727e-03
6.2125000000000000e+01	1.7400627814012193e-01	9.7890390282356277e-01	4.4345442813086756e-02	9.7019800082246643e-02	7.2131467183446383e-03	6.1298297499078284e-03
6.2375000000000000e+01	1.6966670845806306e-01	9.7888554324966215e-01	1.3606046684377650e-02	1.1304055793924442e-01	1.7782244639722850e-03	5.4632343895601931e-03
6.2625000000000000e+01	1.6496628596110927e-01	9.8079919457774400e-01	6.4641838253423511e-02	8.1019963675922915e-02	8.6297317132567660e-03	1.3380491718420168e-03
6.2875000000000000e+01	1.5721292675305235e-01	9.8210973106106425e-01	7.9805388178613879e-02	6.5472039539127766e-02	8.5876615089925980e-03	3.9161132478768854e-03
6.3125000000000000e+01	1.4914245309906221e-01	9.8078702760511172e-01	4.6947018129768120e-02	1.1603521871598906e-01	9.0829915991020253e-03	7.9145394687234836e-03
6.3375000000000000e+01	1.4379016294826369e-01	9.7994297288906718e-01	1.9745556143525383e-02	1.3630980932274520e-01	4.6341594470467552e-03	6.6657622115384165e-03
6.3625000000000000e+01	1.3814327485980385e-01	9.8273724231018533e-01	7.1183044061192954e-02	9.9654684724494028e-02	1.1965278168982631e-02	1.6426675189805859e-03
6.3875000000000000e+01	1.2959802617658844e-01	9.8568198510958860e-01	8.1857348656965132e-02	6.9455191401031194e-02	9.5248811767771335e-03	4.4725091876584525e-03
6.4125000000000000e+01	1.2175378541057587e-01	9.8560890190236572e-01	4.2842058402165248e-02	1.0869080993087842e-01	7.3884123445876453e-03	6.8837097907522432e-03
6.4375000000000000e+01	1.1704445439611025e-01	9.8547531384602149e-01	1.9293618471778663e-02	1.2132918591238044e-01	4.6266170260218535e-03	4.9579070398920299e-03
6.4625000000000000e+01	1.1207285779679400e-01	9.8810063945050319e-01	6.6628650023652050e-02	8.1037409431844024e-02	9.2496913099129694e-03	2.1921090424902191e-03
6.4875000000000000e+01	1.0487799477463294e-01	9.9045472616356833e-01	7.2230126153796273e-02	5.2245267820690236e-02	6.3637887174154929e-03	3.5755687139906569e-03
6.5125000000000000e+01	9.8548864223467314e-02	9.9000509743033682e-01	3.4066142576760362e-02	9.4699840377279645e-02	4.6992752813797677e-03	5.2329147247163997e-03
6.5375000000000000e+01	9.4624540043623750e-02	9.8941194088385609e-01	2.3182465445801773e-02	1.0739663858325718e-01	4.8556485982335709e-03	3.8943101507952142e-03
6.5625000000000000e+01	9.0050417236410843e-02	9.9115519872896807e-01	6.6116120675387982e-02	7.1142832798473887e-02	7.9931436281238909e-03	2.3999940187061819e-03
6.5875000000000000e+01	8.3202302610831294e-02	9.9269626693107504e-01	7.0011507055496164e-02	5.1770621086817653e-02	6.0797747482912810e-03	3.5674181829877982e-03
6.6125000000000000e+01	7.6935456948791295e-02	9.9156249904782445e-01	3.1453851589834596e-02	9.9241984745576189e-02	4.2732502030139339e-03	5.3074440887475750e-03
6.6375000000000000e+01	7.2824704622930531e-02	9.9044718392794739e-01	2.6212749121766646e-02	1.1388035763485010e-01	6.2237934523348163e-03	4.0445728202828917e-03
6.6625000000000000e+01	6.7873184622456811e-02	9.9227052378138159e-01	6.9196150712757559e-02	7.6915086337658076e-02	8.9790482587934813e-03	2.7887912111182562e-03
6.6875000000000000e+01	6.0680490018500025e-02	9.9421041478978822e-01	7.0400048772797277e-02	5.3432685473409521e-02	6.2421898803111291e-03	3.6531597328580395e-03
6.7125000000000000e+01	5.4442414658840206e-02	9.9326198126338205e-01	2.9112451404079216e-02	9.7889940422764568e-02	3.5029035577615200e-03	4.9410997571035700e-03
6.7375000000000000e+01	5.0469718035778502e-02	9.9218069512414275e-01	2.8779283713818733e-02	1.1019214137373393e-01	6.7007244933447955e-03	3.8497901284710108e-03
6.7625000000000000e+01	4.5615138363988103e-02	9.9393100477449914e-01	6.8956729661819136e-02	7.2044322297446978e-02	8.1635299225322425e-03	2.8911482594644656e-03
6.7875000000000000e+01	3.8778582937642747e-02	9.9575117064642737e-01	6.7234910208758686e-02	4.9144282214491415e-02	5.4000248458343243e-03	3.3126678284100472e-03
6.8125000000000000e+01	3.3063672657696573e-02	9.9474660210095900e-01	2.5759029563824826e-02	9.3259639883833942e-02	2.4326679250120066e-03	4.3800970802006182e-03
6.8375000000000000e+01	2.9456236169185645e-02	9.9370217122682813e-01	3.0637832685323094e-02	1.0340616558417003e-01	6.5946441504085747e-03	3.6501843658856251e-03
6.8625000000000000e+01	2.5039504617221393e-02	9.9544084389543208e-01	6.5929632800706808e-02	6.3816758480889135e-02	6.6301906930264203e-03	2.7009147380817481e-03
6.8875000000000000e+01	1.9290915536394206e-02	9.9731168727015762e-01	6.1420151196929160e-02	3.4736813147587295e-02	3.5123261743846583e-03	2.4169022069590236e-03
6.9125000000000000e+01	1.4959147866783049e-02	9.9683640509592264e-01	2.6001409177161004e-02	7.3517883913205476e-02	1.6620767533190119e-03	3.1129306365500278e-03
6.9375000000000000e+01	1.2485159705804079e-02	9.9633788817620883e-01	3.0194321914817458e-02	7.8848331945093469e-02	4.3078720962314177e-03	2.7602686997350561e-03
6.9625000000000000e+01	9.7846681561595313e-03	9.9761551573779061e-01	5.3364220348915414e-02	4.2501911642165560e-02	3.2652278006806740e-03	1.6519107234617709e-03
6.9875000000000000e+01	7.0014859451065113e-03	9.9872976162662597e-01	4.9286030526057845e-02	7.7298175402586355e-03	8.2984264724887441e-04	5.3936329266731611e-04
