1.2500000000000000e-01	5.0574361255767107e-03	0.0000000000000000e+00	0.0000000000000000e+00
3.7500000000000000e-01	1.3849585427751323e-02	0.0000000000000000e+00	0.0000000000000000e+00
6.2500000000000000e-01	3.1148080448253349e-02	0.0000000000000000e+00	0.0000000000000000e+00
8.7500000000000000e-01	5.9773997271890839e-02	0.0000000000000000e+00	0.0000000000000000e+00
1.1250000000000000e+00	1.0286128552021721e-01	0.0000000000000000e+00	0.0000000000000000e+00
1.3750000000000000e+00	1.6630457397517637e-01	0.0000000000000000e+00	0.0000000000000000e+00
1.6250000000000000e+00	2.5707046756233198e-01	0.0000000000000000e+00	0.0000000000000000e+00
1.8750000000000000e+00	3.7285168689559189e-01	0.0000000000000000e+00	0.0000000000000000e+00
2.1250000000000000e+00	4.9287955832266650e-01	0.0000000000000000e+00	0.0000000000000000e+00
2.3750000000000000e+00	5.8469821468640648e-01	0.0000000000000000e+00	0.0000000000000000e+00
2.6250000000000000e+00	6.2473310134531801e-01	0.0000000000000000e+00	0.0000000000000000e+00
2.8750000000000000e+00	6.1357917447492882e-01	0.0000000000000000e+00	0.0000000000000000e+00
3.1250000000000000e+00	5.7319840501209474e-01	0.0000000000000000e+00	0.0000000000000000e+00
3.3750000000000000e+00	5.3105325956952398e-01	0.0000000000000000e+00	0.0000000000000000e+00
3.6250000000000000e+00	5.0477840443991850e-01	0.0000000000000000e+00	0.0000000000000000e+00
3.8750000000000000e+00	4.9611628840389183e-01	0.0000000000000000e+00	0.0000000000000000e+00
4.1250000000000000e+00	4.9445428219893267e-01	0.0000000000000000e+00	0.0000000000000000e+00
4.3750000000000000e+00	4.8450106715957680e-01	0.0000000000000000e+00	0.0000000000000000e+00
4.6250000000000000e+00	4.5446045300431792e-01	0.0000000000000000e+00	0.0000000000000000e+00
4.8750000000000000e+00	4.0237906082354741e-01	0.0000000000000000e+00	0.0000000000000000e+00
5.1250000000000000e+00	3.3711793592027295e-01	0.0000000000000000e+00	0.0000000000000000e+00
5.3750000000000000e+00	2.7166421987477624e-01	0.0000000000000000e+00	0.0000000000000000e+00
5.6250000000000000e+00	2.1445836206105390e-01	0.0000000000000000e+00	0.0000000000000000e+00
5.8750000000000000e+00	1.6943985287293703e-01	0.0000000000000000e+00	0.0000000000000000e+00
6.1250000000000000e+00	1.4373553406403894e-01	0.0000000000000000e+00	0.0000000000000000e+00
6.3750000000000000e+00	1.5163945991192862e-01	0.0000000000000000e+00	0.0000000000000000e+00
6.6250000000000000e+00	2.0659152229169986e-01	0.0000000000000000e+00	0.0000000000000000e+00
6.8750000000000000e+00	3.0655481931769696e-01	0.0000000000000000e+00	0.0000000000000000e+00
7.1250000000000000e+00	4.2794469084735576e-01	0.0000000000000000e+00	0.0000000000000000e+00
7.3750000000000000e+00	5.3780765990851331e-01	0.0000000000000000e+00	0.0000000000000000e+00
7.6250000000000000e+00	6.1449234114915641e-01	0.0000000000000000e+00	0.0000000000000000e+00
7.8750000000000000e+00	6.5765120935773014e-01	0.0000000000000000e+00	0.0000000000000000e+00
8.1250000000000000e+00	6.8167868609909787e-01	0.0000000000000000e+00	0.0000000000000000e+00
8.3750000000000000e+00	7.0359255778834884e-01	0.0000000000000000e+00	0.0000000000000000e+00
8.6250000000000000e+00	7.3472532179461769e-01	0.0000000000000000e+00	0.0000000000000000e+00
8.8750000000000000e+00	7.7515978860851420e-01	0.0000000000000000e+00	0.0000000000000000e+00
9.1250000000000000e+00	8.1128133940529024e-01	0.0000000000000000e+00	0.0000000000000000e+00
9.3750000000000000e+00	8.2060888558490641e-01	0.0000000000000000e+00	0.0000000000000000e+00
9.6250000000000000e+00	7.8512123528779199e-01	0.0000000000000000e+00	0.0000000000000000e+00
9.8750000000000000e+00	7.0581747767845182e-01	0.0000000000000000e+00	0.0000000000000000e+00
1.0125000000000000e+01	6.0642607073995503e-01	0.0000000000000000e+00	0.0000000000000000e+00
1.0375000000000000e+01	5.2056714912582736e-01	0.0000000000000000e+00	0.0000000000000000e+00
1.0625000000000000e+01	4.7157693697016967e-01	0.0000000000000000e+00	0.0000000000000000e+00
1.0875000000000000e+01	4.6264898511484814e-01	0.0000000000000000e+00	0.0000000000000000e+00
1.1125000000000000e+01	4.8330955272080584e-01	0.0000000000000000e+00	0.0000000000000000e+00
1.1375000000000000e+01	5.2223551579638972e-01	0.0000000000000000e+00	0.0000000000000000e+00
1.1625000000000000e+01	5.7339019987515571e-01	0.0000000000000000e+00	0.0000000000000000e+00
1.1875000000000000e+01	6.2981919278735177e-01	0.0000000000000000e+00	0.0000000000000000e+00
1.2125000000000000e+01	6.7410113248645998e-01	0.0000000000000000e+00	0.0000000000000000e+00
1.2375000000000000e+01	6.7857025284064187e-01	0.0000000000000000e+00	0.0000000000000000e+00
1.2625000000000000e+01	6.2024929965002362e-01	0.0000000000000000e+00	0.0000000000000000e+00
1.2875000000000000e+01	5.0044834683770367e-01	0.0000000000000000e+00	0.0000000000000000e+00
1.3125000000000000e+01	3.5050765183081017e-01	0.0000000000000000e+00	0.0000000000000000e+00
1.3375000000000000e+01	2.1446646153331925e-01	0.0000000000000000e+00	0.0000000000000000e+00
1.3625000000000000e+01	1.2213776911394547e-01	0.0000000000000000e+00	0.0000000000000000e+00
1.3875000000000000e+01	7.8195528760505201e-02	0.0000000000000000e+00	0.0000000000000000e+00
1.4125000000000000e+01	7.3341150665001673e-02	0.0000000000000000e+00	0.0000000000000000e+00
1.4375000000000000e+01	1.0059127327576169e-01	0.0000000000000000e+00	0.0000000000000000e+00
1.4625000000000000e+01	1.5904815696126839e-01	0.0000000000000000e+00	0.0000000000000000e+00
1.4875000000000000e+01	2.4500440761498471e-01	0.0000000000000000e+00	0.0000000000000000e+00
1.5125000000000000e+01	3.4428377527383869e-01	0.0000000000000000e+00	0.0000000000000000e+00
1.5375000000000000e+01	4.3716130419938981e-01	0.0000000000000000e+00	0.0000000000000000e+00
1.5625000000000000e+01	5.1047037505407211e-01	0.0000000000000000e+00	0.0000000000000000e+00
1.5875000000000000e+01	5.6040856540959627e-01	0.0000000000000000e+00	0.0000000000000000e+00
1.6125000000000000e+01	5.8357292246441650e-01	0.0000000000000000e+00	0.0000000000000000e+00
1.6375000000000000e+01	5.6984490558004053e-01	0.0000000000000000e+00	0.0000000000000000e+00
1.6625000000000000e+01	5.0857299616807194e-01	0.0000000000000000e+00	0.0000000000000000e+00
1.6875000000000000e+01	4.0443584166406510e-01	0.0000000000000000e+00	0.0000000000000000e+00
1.7125000000000000e+01	2.8607950503284485e-01	0.0000000000000000e+00	0.0000000000000000e+00
1.7375000000000000e+01	1.9471526262325314e-01	0.0000000000000000e+00	0.0000000000000000e+00
1.7625000000000000e+01	1.5951265605227805e-01	0.0000000000000000e+00	0.0000000000000000e+00
1.7875000000000000e+01	1.7997585232559715e-01	0.0000000000000000e+00	0.0000000000000000e+00
1.8125000000000000e+01	2.2847796889054095e-01	0.0000000000000000e+00	0.0000000000000000e+00
1.8375000000000000e+01	2.6845739381382377e-01	0.0000000000000000e+00	0.0000000000000000e+00
1.8625000000000000e+01	2.7492034677936550e-01	0.0000000000000000e+00	0.0000000000000000e+00
1.8875000000000000e+01	2.4630528226185502e-01	0.0000000000000000e+00	0.0000000000000000e+00
1.9125000000000000e+01	2.0271841623368611e-01	0.0000000000000000e+00	0.0000000000000000e+00
1.9375000000000000e+01	1.7310626504962145e-01	0.0000000000000000e+00	0.0000000000000000e+00
1.9625000000000000e+01	1.7865802505190090e-01	0.0000000000000000e+00	0.0000000000000000e+00
1.9875000000000000e+01	2.2240956978079082e-01	0.0000000000000000e+00	0.0000000000000000e+00
2.0125000000000000e+01	2.9110729524855011e-01	0.0000000000000000e+00	0.0000000000000000e+00
2.0375000000000000e+01	3.6746001392864741e-01	0.0000000000000000e+00	0.0000000000000000e+00
2.0625000000000000e+01	4.4155057626073768e-01	0.0000000000000000e+00	0.0000000000000000e+00
2.0875000000000000e+01	5.1067171201261463e-01	0.0000000000000000e+00	0.0000000000000000e+00
2.1125000000000000e+01	5.7119632039664947e-01	0.0000000000000000e+00	0.0000000000000000e+00
2.1375000000000000e+01	6.1549225662475227e-01	0.0000000000000000e+00	0.0000000000000000e+00
2.1625000000000000e+01	6.3777564929891395e-01	0.0000000000000000e+00	0.0000000000000000e+00
2.1875000000000000e+01	6.4114492264285861e-01	0.0000000000000000e+00	0.0000000000000000e+00
2.2125000000000000e+01	6.3814803861973879e-01	0.0000000000000000e+00	0.0000000000000000e+00
2.2375000000000000e+01	6.4536917485316081e-01	0.0000000000000000e+00	0.0000000000000000e+00
2.2625000000000000e+01	6.7526143566223606e-01	0.0000000000000000e+00	0.0000000000000000e+00
2.2875000000000000e+01	7.2841980825924957e-01	0.0000000000000000e+00	0.0000000000000000e+00
2.3125000000000000e+01	7.9163960479959561e-01	0.0000000000000000e+00	0.0000000000000000e+00
2.3375000000000000e+01	8.4529863163193153e-01	0.0000000000000000e+00	0.0000000000000000e+00
2.3625000000000000e+01	8.7549332221413279e-01	0.0000000000000000e+00	0.0000000000000000e+00
2.3875000000000000e+01	8.7993150062614245e-01	0.0000000000000000e+00	0.0000000000000000e+00
2.4125000000000000e+01	8.6371411877229654e-01	0.0000000000000000e+00	0.0000000000000000e+00
2.4375000000000000e+01	8.3100648841820390e-01	0.0000000000000000e+00	0.0000000000000000e+00
2.4625000000000000e+01	7.8197662022547620e-01	0.0000000000000000e+00	0.0000000000000000e+00
2.4875000000000000e+01	7.1665447119036818e-01	0.0000000000000000e+00	0.0000000000000000e+00
2.5125000000000000e+01	6.3897500673541208e-01	0.0000000000000000e+00	0.0000000000000000e+00
2.5375000000000000e+01	5.5411041435094111e-01	0.0000000000000000e+00	0.0000000000000000e+00
2.5625000000000000e+01	4.6391390319690773e-01	0.0000000000000000e+00	0.0000000000000000e+00
2.5875000000000000e+01	3.7155305045295534e-01	0.0000000000000000e+00	0.0000000000000000e+00
2.6125000000000000e+01	2.9133012488104965e-01	0.0000000000000000e+00	0.0000000000000000e+00
2.6375000000000000e+01	2.4824843818420769e-01	0.0000000000000000e+00	0.0000000000000000e+00
2.6625000000000000e+01	2.6237896643471720e-01	0.0000000000000000e+00	0.0000000000000000e+00
2.6875000000000000e+01	3.3091483123239396e-01	0.0000000000000000e+00	0.0000000000000000e+00
2.7125000000000000e+01	4.2483020953351119e-01	0.0000000000000000e+00	0.0000000000000000e+00
2.7375000000000000e+01	5.0466419162991338e-01	0.0000000000000000e+00	0.0000000000000000e+00
2.7625000000000000e+01	5.4353901896424772e-01	0.0000000000000000e+00	0.0000000000000000e+00
2.7875000000000000e+01	5.4035826461106140e-01	0.0000000000000000e+00	0.0000000000000000e+00
2.8125000000000000e+01	5.1573808059106063e-01	0.0000000000000000e+00	0.0000000000000000e+00
2.8375000000000000e+01	4.9733984791234698e-01	0.0000000000000000e+00	0.0000000000000000e+00
2.8625000000000000e+01	5.0476831553684154e-01	0.0000000000000000e+00	0.0000000000000000e+00
2.8875000000000000e+01	5.4164506971250959e-01	0.0000000000000000e+00	0.0000000000000000e+00
2.9125000000000000e+01	5.9779765620342062e-01	0.0000000000000000e+00	0.0000000000000000e+00
2.9375000000000000e+01	6.5939906203572562e-01	0.0000000000000000e+00	0.0000000000000000e+00
2.9625000000000000e+01	7.1835426559869520e-01	0.0000000000000000e+00	0.0000000000000000e+00
2.9875000000000000e+01	7.7223922844673609e-01	0.0000000000000000e+00	0.0000000000000000e+00
3.0125000000000000e+01	8.1764282021054513e-01	0.0000000000000000e+00	0.0000000000000000e+00
3.0375000000000000e+01	8.4714821141413421e-01	0.0000000000000000e+00	0.0000000000000000e+00
3.0625000000000000e+01	8.5405436786717215e-01	0.0000000000000000e+00	0.0000000000000000e+00
3.0875000000000000e+01	8.3726612263120925e-01	0.0000000000000000e+00	0.0000000000000000e+00
3.1125000000000000e+01	7.9989053880405492e-01	0.0000000000000000e+00	0.0000000000000000e+00
3.1375000000000000e+01	7.4318745008504661e-01	0.0000000000000000e+00	0.0000000000000000e+00
3.1625000000000000e+01	6.6478531877533831e-01	0.0000000000000000e+00	0.0000000000000000e+00
3.1875000000000000e+01	5.6542027796885097e-01	0.0000000000000000e+00	0.0000000000000000e+00
3.2125000000000000e+01	4.5593794235645413e-01	0.0000000000000000e+00	0.0000000000000000e+00
3.2375000000000000e+01	3.5303770218979513e-01	0.0000000000000000e+00	0.0000000000000000e+00
3.2625000000000000e+01	2.6775589637302039e-01	0.0000000000000000e+00	0.0000000000000000e+00
3.2875000000000000e+01	2.0351309875706533e-01	0.0000000000000000e+00	0.0000000000000000e+00
3.3125000000000000e+01	1.6571469560932039e-01	0.0000000000000000e+00	0.0000000000000000e+00
3.3375000000000000e+01	1.6790611770006925e-01	0.0000000000000000e+00	0.0000000000000000e+00
3.3625000000000000e+01	2.2320179646578517e-01	0.0000000000000000e+00	0.0000000000000000e+00
3.3875000000000000e+01	3.2671480002919473e-01	0.0000000000000000e+00	0.0000000000000000e+00
3.4125000000000000e+01	4.4723707320461076e-01	0.0000000000000000e+00	0.0000000000000000e+00
3.4375000000000000e+01	5.4030099571828427e-01	0.0000000000000000e+00	0.0000000000000000e+00
3.4625000000000000e+01	5.7447104721626729e-01	0.0000000000000000e+00	0.0000000000000000e+00
3.4875000000000000e+01	5.4984252667231215e-01	0.0000000000000000e+00	0.0000000000000000e+00
3.5125000000000000e+01	4.9527679346661130e-01	0.0000000000000000e+00	0.0000000000000000e+00
3.5375000000000000e+01	4.4928040935119445e-01	0.0000000000000000e+00	0.0000000000000000e+00
3.5625000000000000e+01	4.3856456981280867e-01	0.0000000000000000e+00	0.0000000000000000e+00
3.5875000000000000e+01	4.6712559409049598e-01	0.0000000000000000e+00	0.0000000000000000e+00
3.6125000000000000e+01	5.2022727931107315e-01	0.0000000000000000e+00	0.0000000000000000e+00
3.6375000000000000e+01	5.7836055845624623e-01	0.0000000000000000e+00	0.0000000000000000e+00
3.6625000000000000e+01	6.2978411956066349e-01	0.0000000000000000e+00	0.0000000000000000e+00
3.6875000000000000e+01	6.7316688960744153e-01	0.0000000000000000e+00	0.0000000000000000e+00
3.7125000000000000e+01	7.1238324667414687e-01	0.0000000000000000e+00	0.0000000000000000e+00
3.7375000000000000e+01	7.5176345779867026e-01	0.0000000000000000e+00	0.0000000000000000e+00
3.7625000000000000e+01	7.9441610873948776e-01	0.0000000000000000e+00	0.0000000000000000e+00
3.7875000000000000e+01	8.3838624950861418e-01	0.0000000000000000e+00	0.0000000000000000e+00
3.8125000000000000e+01	8.7166096920473768e-01	0.0000000000000000e+00	0.0000000000000000e+00
3.8375000000000000e+01	8.7347676069503921e-01	0.0000000000000000e+00	0.0000000000000000e+00
3.8625000000000000e+01	8.2617092396689062e-01	0.0000000000000000e+00	0.0000000000000000e+00
3.8875000000000000e+01	7.3023077148838567e-01	0.0000000000000000e+00	0.0000000000000000e+00
3.9125000000000000e+01	6.0856024319210833e-01	0.0000000000000000e+00	0.0000000000000000e+00
3.9375000000000000e+01	4.9312336514381799e-01	0.0000000000000000e+00	0.0000000000000000e+00
3.9625000000000000e+01	4.0525276501870067e-01	0.0000000000000000e+00	0.0000000000000000e+00
3.9875000000000000e+01	3.5045252142975031e-01	0.0000000000000000e+00	0.0000000000000000e+00
4.0125000000000000e+01	3.2983353271503446e-01	0.0000000000000000e+00	0.0000000000000000e+00
4.0375000000000000e+01	3.5104441462098857e-01	0.0000000000000000e+00	0.0000000000000000e+00
4.0625000000000000e+01	4.2376173288186481e-01	0.0000000000000000e+00	0.0000000000000000e+00
4.0875000000000000e+01	5.4303415806226163e-01	0.0000000000000000e+00	0.0000000000000000e+00
4.1125000000000000e+01	6.7950770611705535e-01	0.0000000000000000e+00	0.0000000000000000e+00
4.1375000000000000e+01	7.9113760964600444e-01	0.0000000000000000e+00	0.0000000000000000e+00
4.1625000000000000e+01	8.4849157274444953e-01	0.0000000000000000e+00	0.0000000000000000e+00
4.1875000000000000e+01	8.5059087582074699e-01	0.0000000000000000e+00	0.0000000000000000e+00
4.2125000000000000e+01	8.1942391818655580e-01	0.0000000000000000e+00	0.0000000000000000e+00
4.2375000000000000e+01	7.8206114836088603e-01	0.0000000000000000e+00	0.0000000000000000e+00
4.2625000000000000e+01	7.5573392387673599e-01	0.0000000000000000e+00	0.0000000000000000e+00
4.2875000000000000e+01	7.4373456940951055e-01	0.0000000000000000e+00	0.0000000000000000e+00
4.3125000000000000e+01	7.4014133676723926e-01	0.0000000000000000e+00	0.0000000000000000e+00
4.3375000000000000e+01	7.3641928010476598e-01	0.0000000000000000e+00	0.0000000000000000e+00
4.3625000000000000e+01	7.2595273043117348e-01	0.0000000000000000e+00	0.0000000000000000e+00
4.3875000000000000e+01	7.0482568309048310e-01	0.0000000000000000e+00	0.0000000000000000e+00
4.4125000000000000e+01	6.6969449938484027e-01	0.0000000000000000e+00	0.0000000000000000e+00
4.4375000000000000e+01	6.1479157857634592e-01	0.0000000000000000e+00	0.0000000000000000e+00
4.4625000000000000e+01	5.3374023605162890e-01	0.0000000000000000e+00	0.0000000000000000e+00
4.4875000000000000e+01	4.3015526948144545e-01	0.0000000000000000e+00	0.0000000000000000e+00
4.5125000000000000e+01	3.2702814011374176e-01	0.0000000000000000e+00	0.0000000000000000e+00
4.5375000000000000e+01	2.6054382534495013e-01	0.0000000000000000e+00	0.0000000000000000e+00
4.5625000000000000e+01	2.5847312040119091e-01	0.0000000000000000e+00	0.0000000000000000e+00
4.5875000000000000e+01	3.2156072297977623e-01	0.0000000000000000e+00	0.0000000000000000e+00
4.6125000000000000e+01	4.2426269204714456e-01	0.0000000000000000e+00	0.0000000000000000e+00
4.6375000000000000e+01	5.3371384149631051e-01	0.0000000000000000e+00	0.0000000000000000e+00
4.6625000000000000e+01	6.2932581653898878e-01	0.0000000000000000e+00	0.0000000000000000e+00
4.6875000000000000e+01	7.0446182684901371e-01	0.0000000000000000e+00	0.0000000000000000e+00
4.7125000000000000e+01	7.5347581291397214e-01	0.0000000000000000e+00	0.0000000000000000e+00
4.7375000000000000e+01	7.6336359967443423e-01	0.0000000000000000e+00	0.0000000000000000e+00
4.7625000000000000e+01	7.2153676249269405e-01	0.0000000000000000e+00	0.0000000000000000e+00
4.7875000000000000e+01	6.3186495644385010e-01	0.0000000000000000e+00	0.0000000000000000e+00
4.8125000000000000e+01	5.2106823609324004e-01	0.0000000000000000e+00	0.0000000000000000e+00
4.8375000000000000e+01	4.2629183918543817e-01	0.0000000000000000e+00	0.0000000000000000e+00
4.8625000000000000e+01	3.7334237355285654e-01	0.0000000000000000e+00	0.0000000000000000e+00
4.8875000000000000e+01	3.6552963941520089e-01	0.0000000000000000e+00	0.0000000000000000e+00
4.9125000000000000e+01	3.9059200522527954e-01	0.0000000000000000e+00	0.0000000000000000e+00
4.9375000000000000e+01	4.3529875126630396e-01	0.0000000000000000e+00	0.0000000000000000e+00
4.9625000000000000e+01	4.9304834906137190e-01	0.0000000000000000e+00	0.0000000000000000e+00
4.9875000000000000e+01	5.5896268023752715e-01	0.0000000000000000e+00	0.0000000000000000e+00
5.0125000000000000e+01	6.2139301271043113e-01	0.0000000000000000e+00	0.0000000000000000e+00
5.0375000000000000e+01	6.6213196541607711e-01	0.0000000000000000e+00	0.0000000000000000e+00
5.0625000000000000e+01	6.6696255496626122e-01	0.0000000000000000e+00	0.0000000000000000e+00
5.0875000000000000e+01	6.3547238178828502e-01	0.0000000000000000e+00	0.0000000000000000e+00
5.1125000000000000e+01	5.8031178344157075e-01	0.0000000000000000e+00	0.0000000000000000e+00
5.1375000000000000e+01	5.1684445259862266e-01	0.0000000000000000e+00	0.0000000000000000e+00
5.1625000000000000e+01	4.5368541564023601e-01	0.0000000000000000e+00	0.0000000000000000e+00
5.1875000000000000e+01	3.9320949475827682e-01	0.0000000000000000e+00	0.0000000000000000e+00
5.2125000000000000e+01	3.3856951296963816e-01	0.0000000000000000e+00	0.0000000000000000e+00
5.2375000000000000e+01	2.9623630422526243e-01	0.0000000000000000e+00	0.0000000000000000e+00
5.2625000000000000e+01	2.7124239955165402e-01	0.0000000000000000e+00	0.0000000000000000e+00
5.2875000000000000e+01	2.6285218687249945e-01	0.0000000000000000e+00	0.0000000000000000e+00
5.3125000000000000e+01	2.6603950168650148e-01	0.0000000000000000e+00	0.0000000000000000e+00
5.3375000000000000e+01	2.7585264870534487e-01	0.0000000000000000e+00	0.0000000000000000e+00
5.3625000000000000e+01	2.8959352359092627e-01	0.0000000000000000e+00	0.0000000000000000e+00
5.3875000000000000e+01	3.0505520655686508e-01	0.0000000000000000e+00	0.0000000000000000e+00
5.4125000000000000e+01	3.1766604743705418e-01	0.0000000000000000e+00	0.0000000000000000e+00
5.4375000000000000e+01	3.2049838028581018e-01	0.0000000000000000e+00	0.0000000000000000e+00
5.4625000000000000e+01	3.0817397008558112e-01	0.0000000000000000e+00	0.0000000000000000e+00
5.4875000000000000e+01	2.8252388885197843e-01	0.0000000000000000e+00	0.0000000000000000e+00
5.5125000000000000e+01	2.5499055133184706e-01	0.0000000000000000e+00	0.0000000000000000e+00
5.5375000000000000e+01	2.4270004661027270e-01	0.0000000000000000e+00	0.0000000000000000e+00
5.5625000000000000e+01	2.5919510248760752e-01	0.0000000000000000e+00	0.0000000000000000e+00
5.5875000000000000e+01	3.0668869046287883e-01	0.0000000000000000e+00	0.0000000000000000e+00
5.6125000000000000e+01	3.7642832826286399e-01	0.0000000000000000e+00	0.0000000000000000e+00
5.6375000000000000e+01	4.5770798464993045e-01	0.0000000000000000e+00	0.0000000000000000e+00
5.6625000000000000e+01	5.4577222441570916e-01	0.0000000000000000e+00	0.0000000000000000e+00
5.6875000000000000e+01	6.3889457780320480e-01	0.0000000000000000e+00	0.0000000000000000e+00
5.7125000000000000e+01	7.2985038735361984e-01	0.0000000000000000e+00	0.0000000000000000e+00
5.7375000000000000e+01	8.0541304919130885e-01	0.0000000000000000e+00	0.0000000000000000e+00
5.7625000000000000e+01	8.5538524956932638e-01	0.0000000000000000e+00	0.0000000000000000e+00
5.7875000000000000e+01	8.7674740470846091e-01	0.0000000000000000e+00	0.0000000000000000e+00
5.8125000000000000e+01	8.6726161500003462e-01	0.0000000000000000e+00	0.0000000000000000e+00
5.8375000000000000e+01	8.1830541835023918e-01	0.0000000000000000e+00	0.0000000000000000e+00
5.8625000000000000e+01	7.1980271037788990e-01	0.0000000000000000e+00	0.0000000000000000e+00
5.8875000000000000e+01	5.7872696503117915e-01	0.0000000000000000e+00	0.0000000000000000e+00
5.9125000000000000e+01	4.3256061514038757e-01	0.0000000000000000e+00	0.0000000000000000e+00
5.9375000000000000e+01	3.3775240223075270e-01	0.0000000000000000e+00	0.0000000000000000e+00
5.9625000000000000e+01	3.3634013319967432e-01	0.0000000000000000e+00	0.0000000000000000e+00
5.9875000000000000e+01	4.2647603181155019e-01	0.0000000000000000e+00	0.0000000000000000e+00
6.0125000000000000e+01	5.6114827605548967e-01	0.0000000000000000e+00	0.0000000000000000e+00
6.0375000000000000e+01	6.7640075145941814e-01	0.0000000000000000e+00	0.0000000000000000e+00
6.0625000000000000e+01	7.2826317097822857e-01	0.0000000000000000e+00	0.0000000000000000e+00
6.0875000000000000e+01	7.1222085221870868e-01	0.0000000000000000e+00	0.0000000000000000e+00
6.1125000000000000e+01	6.5544913701310159e-01	0.0000000000000000e+00	0.0000000000000000e+00
6.1375000000000000e+01	5.9308168184689358e-01	0.0000000000000000e+00	0.0000000000000000e+00
6.1625000000000000e+01	5.4752514617737758e-01	0.0000000000000000e+00	0.0000000000000000e+00
6.1875000000000000e+01	5.2232230963669679e-01	0.0000000000000000e+00	0.0000000000000000e+00
6.2125000000000000e+01	5.0859841117157445e-01	0.0000000000000000e+00	0.0000000000000000e+00
6.2375000000000000e+01	4.9467922270684767e-01	0.0000000000000000e+00	0.0000000000000000e+00
6.2625000000000000e+01	4.7282852023253996e-01	0.0000000000000000e+00	0.0000000000000000e+00
6.2875000000000000e+01	4.4454068330096996e-01	0.0000000000000000e+00	0.0000000000000000e+00
6.3125000000000000e+01	4.2350479278593034e-01	0.0000000000000000e+00	0.0000000000000000e+00
6.3375000000000000e+01	4.3190321426463713e-01	0.0000000000000000e+00	0.0000000000000000e+00
6.3625000000000000e+01	4.8774778631941362e-01	0.0000000000000000e+00	0.0000000000000000e+00
6.3875000000000000e+01	5.8819037847462119e-01	0.0000000000000000e+00	0.0000000000000000e+00
6.4125000000000000e+01	7.0274476439950129e-01	0.0000000000000000e+00	0.0000000000000000e+00
6.4375000000000000e+01	7.8654022442975169e-01	0.0000000000000000e+00	0.0000000000000000e+00
6.4625000000000000e+01	8.0676559580685570e-01	0.0000000000000000e+00	0.0000000000000000e+00
6.4875000000000000e+01	7.6118727680103593e-01	0.0000000000000000e+00	0.0000000000000000e+00
6.5125000000000000e+01	6.7476623263120150e-01	0.0000000000000000e+00	0.0000000000000000e+00
6.5375000000000000e+01	5.7905328744691598e-01	0.0000000000000000e+00	0.0000000000000000e+00
6.5625000000000000e+01	4.9296702195065517e-01	0.0000000000000000e+00	0.0000000000000000e+00
6.5875000000000000e+01	4.1970447720895582e-01	0.0000000000000000e+00	0.0000000000000000e+00
6.6125000000000000e+01	3.5626278274986178e-01	0.0000000000000000e+00	0.0000000000000000e+00
6.6375000000000000e+01	3.0084891449477602e-01	0.0000000000000000e+00	0.0000000000000000e+00
6.6625000000000000e+01	2.5286567118406855e-01	0.0000000000000000e+00	0.0000000000000000e+00
6.6875000000000000e+01	2.1452630153933408e-01	0.0000000000000000e+00	0.0000000000000000e+00
6.7125000000000000e+01	1.9648779206735464e-01	0.0000000000000000e+00	0.0000000000000000e+00
6.7375000000000000e+01	2.1873369439292620e-01	0.0000000000000000e+00	0.0000000000000000e+00
6.7625000000000000e+01	2.9876485827473337e-01	0.0000000000000000e+00	0.0000000000000000e+00
6.7875000000000000e+01	4.3052264574467969e-01	0.0000000000000000e+00	0.0000000000000000e+00
6.8125000000000000e+01	5.7314268999441065e-01	0.0000000000000000e+00	0.0000000000000000e+00
6.8375000000000000e+01	6.6606484762602813e-01	0.0000000000000000e+00	0.0000000000000000e+00
6.8625000000000000e+01	6.6456733528446832e-01	0.0000000000000000e+00	0.0000000000000000e+00
6.8875000000000000e+01	5.6986981948630244e-01	0.0000000000000000e+00	0.0000000000000000e+00
6.9125000000000000e+01	4.3016738720118025e-01	0.0000000000000000e+00	0.0000000000000000e+00
6.9375000000000000e+01	3.1141171087325953e-01	0.0000000000000000e+00	0.0000000000000000e+00
6.9625000000000000e+01	2.5896072435367001e-01	0.0000000000000000e+00	0.0000000000000000e+00
6.9875000000000000e+01	2.7687298877696592e-01	0.0000000000000000e+00	0.0000000000000000e+00
7.0125000000000000e+01	3.3535989314664161e-01	0.0000000000000000e+00	0.0000000000000000e+00
7.0375000000000000e+01	3.9526819172597105e-01	0.0000000000000000e+00	0.0000000000000000e+00
7.0625000000000000e+01	4.3065021085180216e-01	0.0000000000000000e+00	0.0000000000000000e+00
7.0875000000000000e+01	4.3646108997305566e-01	0.0000000000000000e+00	0.0000000000000000e+00
7.1125000000000000e+01	4.2178581449837349e-01	0.0000000000000000e+00	0.0000000000000000e+00
7.1375000000000000e+01	3.9835125515594128e-01	0.0000000000000000e+00	0.0000000000000000e+00
7.1625000000000000e+01	3.7365084524655073e-01	0.0000000000000000e+00	0.0000000000000000e+00
7.1875000000000000e+01	3.5302112433540439e-01	0.0000000000000000e+00	0.0000000000000000e+00
7.2125000000000000e+01	3.4573588833249763e-01	0.0000000000000000e+00	0.0000000000000000e+00
7.2375000000000000e+01	3.6693661797609517e-01	0.0000000000000000e+00	0.0000000000000000e+00
7.2625000000000000e+01	4.2991552778610154e-01	0.0000000000000000e+00	0.0000000000000000e+00
7.2875000000000000e+01	5.3166038693688622e-01	0.0000000000000000e+00	0.0000000000000000e+00
7.3125000000000000e+01	6.4541428121408551e-01	0.0000000000000000e+00	0.0000000000000000e+00
7.3375000000000000e+01	7.3166913923658861e-01	0.0000000000000000e+00	0.0000000000000000e+00
7.3625000000000000e+01	7.6185858763951275e-01	0.0000000000000000e+00	0.0000000000000000e+00
7.3875000000000000e+01	7.3486264004402324e-01	0.0000000000000000e+00	0.0000000000000000e+00
7.4125000000000000e+01	6.7366555345772872e-01	0.0000000000000000e+00	0.0000000000000000e+00
7.4375000000000000e+01	6.0761062560263157e-01	0.0000000000000000e+00	0.0000000000000000e+00
7.4625000000000000e+01	5.5570577321887371e-01	0.0000000000000000e+00	0.0000000000000000e+00
7.4875000000000000e+01	5.2379020347667593e-01	0.0000000000000000e+00	0.0000000000000000e+00
7.5125000000000000e+01	5.1330225865185752e-01	0.0000000000000000e+00	0.0000000000000000e+00
7.5375000000000000e+01	5.2891336367124753e-01	0.0000000000000000e+00	0.0000000000000000e+00
7.5625000000000000e+01	5.7584522159424489e-01	0.0000000000000000e+00	0.0000000000000000e+00
7.5875000000000000e+01	6.4753246817104160e-01	0.0000000000000000e+00	0.0000000000000000e+00
7.6125000000000000e+01	7.1675440868963869e-01	0.0000000000000000e+00	0.0000000000000000e+00
7.6375000000000000e+01	7.4268693354457072e-01	0.0000000000000000e+00	0.0000000000000000e+00
7.6625000000000000e+01	6.9398287284909177e-01	0.0000000000000000e+00	0.0000000000000000e+00
7.6875000000000000e+01	5.7421232725591376e-01	0.0000000000000000e+00	0.0000000000000000e+00
7.7125000000000000e+01	4.2855728810709826e-01	0.0000000000000000e+00	0.0000000000000000e+00
7.7375000000000000e+01	3.2197306957452670e-01	0.0000000000000000e+00	0.0000000000000000e+00
7.7625000000000000e+01	3.0133382437262007e-01	0.0000000000000000e+00	0.0000000000000000e+00
7.7875000000000000e+01	3.6916526531874705e-01	0.0000000000000000e+00	0.0000000000000000e+00
7.8125000000000000e+01	4.8730137511771926e-01	0.0000000000000000e+00	0.0000000000000000e+00
7.8375000000000000e+01	6.0532627997959165e-01	0.0000000000000000e+00	0.0000000000000000e+00
7.8625000000000000e+01	6.9061104124980943e-01	0.0000000000000000e+00	0.0000000000000000e+00
7.8875000000000000e+01	7.3833240928121613e-01	0.0000000000000000e+00	0.0000000000000000e+00
7.9125000000000000e+01	7.6076884001164047e-01	0.0000000000000000e+00	0.0000000000000000e+00
7.9375000000000000e+01	7.7195906520748681e-01	0.0000000000000000e+00	0.0000000000000000e+00
7.9625000000000000e+01	7.8000133720770637e-01	0.0000000000000000e+00	0.0000000000000000e+00
7.9875000000000000e+01	7.8486027884892062e-01	0.0000000000000000e+00	0.0000000000000000e+00
8.0125000000000000e+01	7.7767092768060320e-01	0.0000000000000000e+00	0.0000000000000000e+00
8.0375000000000000e+01	7.4234811178015492e-01	0.0000000000000000e+00	0.0000000000000000e+00
8.0625000000000000e+01	6.6410201775825284e-01	0.0000000000000000e+00	0.0000000000000000e+00
8.0875000000000000e+01	5.4321238995284615e-01	0.0000000000000000e+00	0.0000000000000000e+00
8.1125000000000000e+01	4.0168146729604048e-01	0.0000000000000000e+00	0.0000000000000000e+00
8.1375000000000000e+01	2.7172346955188398e-01	0.0000000000000000e+00	0.0000000000000000e+00
8.1625000000000000e+01	1.7509935711989097e-01	0.0000000000000000e+00	0.0000000000000000e+00
8.1875000000000000e+01	1.1624907247743609e-01	0.0000000000000000e+00	0.0000000000000000e+00
8.2125000000000000e+01	9.3603186246924611e-02	0.0000000000000000e+00	0.0000000000000000e+00
8.2375000000000000e+01	1.1180757807426198e-01	0.0000000000000000e+00	0.0000000000000000e+00
8.2625000000000000e+01	1.7878070075641592e-01	0.0000000000000000e+00	0.0000000000000000e+00
8.2875000000000000e+01	2.9136587677481146e-01	0.0000000000000000e+00	0.0000000000000000e+00
8.3125000000000000e+01	4.2738980625414308e-01	0.0000000000000000e+00	0.0000000000000000e+00
8.3375000000000000e+01	5.5637738466526121e-01	0.0000000000000000e+00	0.0000000000000000e+00
8.3625000000000000e+01	6.5873988055247834e-01	0.0000000000000000e+00	0.0000000000000000e+00
8.3875000000000000e+01	7.3181144069282633e-01	0.0000000000000000e+00	0.0000000000000000e+00
8.4125000000000000e+01	7.7938432015662762e-01	0.0000000000000000e+00	0.0000000000000000e+00
8.4375000000000000e+01	8.0151846787739112e-01	0.0000000000000000e+00	0.0000000000000000e+00
8.4625000000000000e+01	7.9611733630856896e-01	0.0000000000000000e+00	0.0000000000000000e+00
8.4875000000000000e+01	7.6696677233095900e-01	0.0000000000000000e+00	0.0000000000000000e+00
8.5125000000000000e+01	7.2712738532222432e-01	0.0000000000000000e+00	0.0000000000000000e+00
8.5375000000000000e+01	6.9358444466971736e-01	0.0000000000000000e+00	0.0000000000000000e+00
8.5625000000000000e+01	6.7798476765844429e-01	0.0000000000000000e+00	0.0000000000000000e+00
8.5875000000000000e+01	6.8128992702600499e-01	0.0000000000000000e+00	0.0000000000000000e+00
8.6125000000000000e+01	6.9584717663710993e-01	0.0000000000000000e+00	0.0000000000000000e+00
8.6375000000000000e+01	7.1195523210373923e-01	0.0000000000000000e+00	0.0000000000000000e+00
8.6625000000000000e+01	7.2363322940034547e-01	0.0000000000000000e+00	0.0000000000000000e+00
8.6875000000000000e+01	7.3093665309849642e-01	0.0000000000000000e+00	0.0000000000000000e+00
8.7125000000000000e+01	7.3904248901681080e-01	0.0000000000000000e+00	0.0000000000000000e+00
8.7375000000000000e+01	7.5577401379110154e-01	0.0000000000000000e+00	0.0000000000000000e+00
8.7625000000000000e+01	7.8761477130196300e-01	0.0000000000000000e+00	0.0000000000000000e+00
8.7875000000000000e+01	8.3423426208602536e-01	0.0000000000000000e+00	0.0000000000000000e+00
8.8125000000000000e+01	8.8562468618192502e-01	0.0000000000000000e+00	0.0000000000000000e+00
8.8375000000000000e+01	9.2630759698660869e-01	0.0000000000000000e+00	0.0000000000000000e+00
8.8625000000000000e+01	9.4457291192533266e-01	0.0000000000000000e+00	0.0000000000000000e+00
8.8875000000000000e+01	9.3705111572931610e-01	0.0000000000000000e+00	0.0000000000000000e+00
8.9125000000000000e+01	9.0463493605686951e-01	0.0000000000000000e+00	0.0000000000000000e+00
8.9375000000000000e+01	8.4510264582928218e-01	0.0000000000000000e+00	0.0000000000000000e+00
8.9625000000000000e+01	7.5315757848184195e-01	0.0000000000000000e+00	0.0000000000000000e+00
8.9875000000000000e+01	6.3135911948365264e-01	0.0000000000000000e+00	0.0000000000000000e+00
9.0125000000000000e+01	4.9961814621817752e-01	0.0000000000000000e+00	0.0000000000000000e+00
9.0375000000000000e+01	3.8802419523044623e-01	0.0000000000000000e+00	0.0000000000000000e+00
9.0625000000000000e+01	3.1742777939502387e-01	0.0000000000000000e+00	0.0000000000000000e+00
9.0875000000000000e+01	2.8819990935802220e-01	0.0000000000000000e+00	0.0000000000000000e+00
9.1125000000000000e+01	2.8629333746271468e-01	0.0000000000000000e+00	0.0000000000000000e+00
9.1375000000000000e+01	2.9638818930649735e-01	0.0000000000000000e+00	0.0000000000000000e+00
9.1625000000000000e+01	3.0955112760261161e-01	0.0000000000000000e+00	0.0000000000000000e+00
9.1875000000000000e+01	3.2329149266287821e-01	0.0000000000000000e+00	0.0000000000000000e+00
9.2125000000000000e+01	3.3851831432108365e-01	0.0000000000000000e+00	0.0000000000000000e+00
9.2375000000000000e+01	3.5756994818723115e-01	0.0000000000000000e+00	0.0000000000000000e+00
9.2625000000000000e+01	3.8294477051036979e-01	0.0000000000000000e+00	0.0000000000000000e+00
9.2875000000000000e+01	4.1511867771493471e-01	0.0000000000000000e+00	0.0000000000000000e+00
9.3125000000000000e+01	4.5080031053947872e-01	0.0000000000000000e+00	0.0000000000000000e+00
9.3375000000000000e+01	4.8490970694987601e-01	0.0000000000000000e+00	0.0000000000000000e+00
9.3625000000000000e+01	5.1462440715293711e-01	0.0000000000000000e+00	0.0000000000000000e+00
9.3875000000000000e+01	5.4108987018595556e-01	0.0000000000000000e+00	0.0000000000000000e+00
9.4125000000000000e+01	5.6788246409421539e-01	0.0000000000000000e+00	0.0000000000000000e+00
9.4375000000000000e+01	5.9932515488451921e-01	0.0000000000000000e+00	0.0000000000000000e+00
9.4625000000000000e+01	6.3897934753336028e-01	0.0000000000000000e+00	0.0000000000000000e+00
9.4875000000000000e+01	6.8515718387909119e-01	0.0000000000000000e+00	0.0000000000000000e+00
9.5125000000000000e+01	7.2639829605451522e-01	0.0000000000000000e+00	0.0000000000000000e+00
9.5375000000000000e+01	7.4403556020419692e-01	0.0000000000000000e+00	0.0000000000000000e+00
9.5625000000000000e+01	7.2349754645239928e-01	0.0000000000000000e+00	0.0000000000000000e+00
9.5875000000000000e+01	6.6741459231812827e-01	0.0000000000000000e+00	0.0000000000000000e+00
9.6125000000000000e+01	5.9933631422343048e-01	0.0000000000000000e+00	0.0000000000000000e+00
9.6375000000000000e+01	5.5274505733731616e-01	0.0000000000000000e+00	0.0000000000000000e+00
9.6625000000000000e+01	5.5150086723624336e-01	0.0000000000000000e+00	0.0000000000000000e+00
9.6875000000000000e+01	5.9409567732598678e-01	0.0000000000000000e+00	0.0000000000000000e+00
9.7125000000000000e+01	6.5261654445922690e-01	0.0000000000000000e+00	0.0000000000000000e+00
9.7375000000000000e+01	6.8741958214602328e-01	0.0000000000000000e+00	0.0000000000000000e+00
9.7625000000000000e+01	6.6950798012089596e-01	0.0000000000000000e+00	0.0000000000000000e+00
9.7875000000000000e+01	5.9767746506332642e-01	0.0000000000000000e+00	0.0000000000000000e+00
9.8125000000000000e+01	4.9904012766486089e-01	0.0000000000000000e+00	0.0000000000000000e+00
9.8375000000000000e+01	4.1158459043642559e-01	0.0000000000000000e+00	0.0000000000000000e+00
9.8625000000000000e+01	3.6124826146525713e-01	0.0000000000000000e+00	0.0000000000000000e+00
9.8875000000000000e+01	3.5116304844163920e-01	0.0000000000000000e+00	0.0000000000000000e+00
9.9125000000000000e+01	3.6817580121518356e-01	0.0000000000000000e+00	0.0000000000000000e+00
9.9375000000000000e+01	3.9674223758624405e-01	0.0000000000000000e+00	0.0000000000000000e+00
9.9625000000000000e+01	4.2774563314873310e-01	0.0000000000000000e+00	0.0000000000000000e+00
9.9875000000000000e+01	4.5781020979519560e-01	0.0000000000000000e+00	0.0000000000000000e+00
1.0012500000000000e+02	4.8416185064070416e-01	0.0000000000000000e+00	0.0000000000000000e+00
1.0037500000000000e+02	5.0233141675613324e-01	0.0000000000000000e+00	0.0000000000000000e+00
1.0062500000000000e+02	5.0860969930206690e-01	0.0000000000000000e+00	0.0000000000000000e+00
1.0087500000000000e+02	5.0276961401020182e-01	0.0000000000000000e+00	0.0000000000000000e+00
1.0112500000000000e+02	4.8735024360001417e-01	0.0000000000000000e+00	0.0000000000000000e+00
1.0137500000000000e+02	4.6445268221584440e-01	0.0000000000000000e+00	0.0000000000000000e+00
1.0162500000000000e+02	4.3422156611223245e-01	0.0000000000000000e+00	0.0000000000000000e+00
1.0187500000000000e+02	3.9701395942305484e-01	0.0000000000000000e+00	0.0000000000000000e+00
1.0212500000000000e+02	3.5616071391574106e-01	0.0000000000000000e+00	0.0000000000000000e+00
1.0237500000000000e+02	3.1667730348117390e-01	0.0000000000000000e+00	0.0000000000000000e+00
1.0262500000000000e+02	2.8142993029727581e-01	0.0000000000000000e+00	0.0000000000000000e+00
1.0287500000000000e+02	2.5031186237026959e-01	0.0000000000000000e+00	0.0000000000000000e+00
1.0312500000000000e+02	2.2304305016495299e-01	0.0000000000000000e+00	0.0000000000000000e+00
1.0337500000000000e+02	2.0087898897382053e-01	0.0000000000000000e+00	0.0000000000000000e+00
1.0362500000000000e+02	1.8525272620122368e-01	0.0000000000000000e+00	0.0000000000000000e+00
1.0387500000000000e+02	1.7745305787571161e-01	0.0000000000000000e+00	0.0000000000000000e+00
1.0412500000000000e+02	1.8087568244531274e-01	0.0000000000000000e+00	0.0000000000000000e+00
1.0437500000000000e+02	2.0275712970827797e-01	0.0000000000000000e+00	0.0000000000000000e+00
1.0462500000000000e+02	2.5061804282297551e-01	0.0000000000000000e+00	0.0000000000000000e+00
1.0487500000000000e+02	3.2457573213399527e-01	0.0000000000000000e+00	0.0000000000000000e+00
1.0512500000000000e+02	4.1350683358309098e-01	0.0000000000000000e+00	0.0000000000000000e+00
1.0537500000000000e+02	5.0147623490845272e-01	0.0000000000000000e+00	0.0000000000000000e+00
1.0562500000000000e+02	5.7820484437738773e-01	0.0000000000000000e+00	0.0000000000000000e+00
1.0587500000000000e+02	6.3914119558397864e-01	0.0000000000000000e+00	0.0000000000000000e+00
1.0612500000000000e+02	6.7568410967946890e-01	0.0000000000000000e+00	0.0000000000000000e+00
1.0637500000000000e+02	6.7036267303382979e-01	0.0000000000000000e+00	0.0000000000000000e+00
1.0662500000000000e+02	6.0723166219833968e-01	0.0000000000000000e+00	0.0000000000000000e+00
1.0687500000000000e+02	4.9131061490993178e-01	0.0000000000000000e+00	0.0000000000000000e+00
1.0712500000000000e+02	3.5762843193622645e-01	0.0000000000000000e+00	0.0000000000000000e+00
1.0737500000000000e+02	2.5666527220669866e-01	0.0000000000000000e+00	0.0000000000000000e+00
1.0762500000000000e+02	2.2467544952127197e-01	0.0000000000000000e+00	0.0000000000000000e+00
1.0787500000000000e+02	2.6290390163315164e-01	0.0000000000000000e+00	0.0000000000000000e+00
1.0812500000000000e+02	3.4119995913736606e-01	0.0000000000000000e+00	0.0000000000000000e+00
1.0837500000000000e+02	4.2059604031123521e-01	0.0000000000000000e+00	0.0000000000000000e+00
1.0862500000000000e+02	4.7621810490124633e-01	0.0000000000000000e+00	0.0000000000000000e+00
1.0887500000000000e+02	5.0602705608626375e-01	0.0000000000000000e+00	0.0000000000000000e+00
1.0912500000000000e+02	5.2467137212692361e-01	0.0000000000000000e+00	0.0000000000000000e+00
1.0937500000000000e+02	5.5223285439792225e-01	0.0000000000000000e+00	0.0000000000000000e+00
1.0962500000000000e+02	6.0381348142369262e-01	0.0000000000000000e+00	0.0000000000000000e+00
1.0987500000000000e+02	6.8032051017059136e-01	0.0000000000000000e+00	0.0000000000000000e+00
1.1012500000000000e+02	7.6493478969885276e-01	0.0000000000000000e+00	0.0000000000000000e+00
1.1037500000000000e+02	8.3155708630574321e-01	0.0000000000000000e+00	0.0000000000000000e+00
1.1062500000000000e+02	8.6127430686197537e-01	0.0000000000000000e+00	0.0000000000000000e+00
1.1087500000000000e+02	8.5269648423287103e-01	0.0000000000000000e+00	0.0000000000000000e+00
1.1112500000000000e+02	8.1849152615055631e-01	0.0000000000000000e+00	0.0000000000000000e+00
1.1137500000000000e+02	7.7364348489133239e-01	0.0000000000000000e+00	0.0000000000000000e+00
1.1162500000000000e+02	7.2690869981465811e-01	0.0000000000000000e+00	0.0000000000000000e+00
1.1187500000000000e+02	6.8254184942861851e-01	0.0000000000000000e+00	0.0000000000000000e+00
1.1212500000000000e+02	6.4741486380064472e-01	0.0000000000000000e+00	0.0000000000000000e+00
1.1237500000000000e+02	6.3315269333690161e-01	0.0000000000000000e+00	0.0000000000000000e+00
1.1262500000000000e+02	6.4933976524140413e-01	0.0000000000000000e+00	0.0000000000000000e+00
1.1287500000000000e+02	6.9355253493301994e-01	0.0000000000000000e+00	0.0000000000000000e+00
1.1312500000000000e+02	7.4818920128467425e-01	0.0000000000000000e+00	0.0000000000000000e+00
1.1337500000000000e+02	7.8854510720984505e-01	0.0000000000000000e+00	0.0000000000000000e+00
1.1362500000000000e+02	7.9709895335929370e-01	0.0000000000000000e+00	0.0000000000000000e+00
1.1387500000000000e+02	7.7387985571786166e-01	0.0000000000000000e+00	0.0000000000000000e+00
1.1412500000000000e+02	7.3576443995696739e-01	0.0000000000000000e+00	0.0000000000000000e+00
1.1437500000000000e+02	7.0567027228339996e-01	0.0000000000000000e+00	0.0000000000000000e+00
1.1462500000000000e+02	6.9901100800728544e-01	0.0000000000000000e+00	0.0000000000000000e+00
1.1487500000000000e+02	7.1419342469212166e-01	0.0000000000000000e+00	0.0000000000000000e+00
1.1512500000000000e+02	7.3194457445743721e-01	0.0000000000000000e+00	0.0000000000000000e+00
1.1537500000000000e+02	7.2368618204226232e-01	0.0000000000000000e+00	0.0000000000000000e+00
1.1562500000000000e+02	6.6694152129680584e-01	0.0000000000000000e+00	0.0000000000000000e+00
1.1587500000000000e+02	5.6124374248476294e-01	0.0000000000000000e+00	0.0000000000000000e+00
1.1612500000000000e+02	4.3241495900623256e-01	0.0000000000000000e+00	0.0000000000000000e+00
1.1637500000000000e+02	3.1785679921722571e-01	0.0000000000000000e+00	0.0000000000000000e+00
1.1662500000000000e+02	2.4330943070639255e-01	0.0000000000000000e+00	0.0000000000000000e+00
1.1687500000000000e+02	2.1294466625000930e-01	0.0000000000000000e+00	0.0000000000000000e+00
1.1712500000000000e+02	2.1866080616019576e-01	0.0000000000000000e+00	0.0000000000000000e+00
1.1737500000000000e+02	2.5426247192810802e-01	0.0000000000000000e+00	0.0000000000000000e+00
1.1762500000000000e+02	3.1860123185938249e-01	0.0000000000000000e+00	0.0000000000000000e+00
1.1787500000000000e+02	4.0498234909777842e-01	0.0000000000000000e+00	0.0000000000000000e+00
1.1812500000000000e+02	4.9072749961743056e-01	0.0000000000000000e+00	0.0000000000000000e+00
1.1837500000000000e+02	5.4170259644257979e-01	0.0000000000000000e+00	0.0000000000000000e+00
1.1862500000000000e+02	5.3177174699531804e-01	0.0000000000000000e+00	0.0000000000000000e+00
1.1887500000000000e+02	4.6109664803854883e-01	0.0000000000000000e+00	0.0000000000000000e+00
1.1912500000000000e+02	3.5702985448688479e-01	0.0000000000000000e+00	0.0000000000000000e+00
1.1937500000000000e+02	2.5609394731225654e-01	0.0000000000000000e+00	0.0000000000000000e+00
1.1962500000000000e+02	1.8214589393811312e-01	0.0000000000000000e+00	0.0000000000000000e+00
1.1987500000000000e+02	1.3919073566622012e-01	0.0000000000000000e+00	0.0000000000000000e+00
1.2012500000000000e+02	1.2053953744724986e-01	0.0000000000000000e+00	0.0000000000000000e+00
1.2037500000000000e+02	1.2024765260057228e-01	0.0000000000000000e+00	0.0000000000000000e+00
1.2062500000000000e+02	1.3579377742018897e-01	0.0000000000000000e+00	0.0000000000000000e+00
1.2087500000000000e+02	1.6292620438187078e-01	0.0000000000000000e+00	0.0000000000000000e+00
1.2112500000000000e+02	1.9111567083718145e-01	0.0000000000000000e+00	0.0000000000000000e+00
1.2137500000000000e+02	2.0568219888141703e-01	0.0000000000000000e+00	0.0000000000000000e+00
1.2162500000000000e+02	1.9585978420205394e-01	0.0000000000000000e+00	0.0000000000000000e+00
1.2187500000000000e+02	1.6352560175967776e-01	0.0000000000000000e+00	0.0000000000000000e+00
1.2212500000000000e+02	1.2540504737337327e-01	0.0000000000000000e+00	0.0000000000000000e+00
1.2237500000000000e+02	1.0566984040323490e-01	0.0000000000000000e+00	0.0000000000000000e+00
1.2262500000000000e+02	1.2212185679083730e-01	0.0000000000000000e+00	0.0000000000000000e+00
1.2287500000000000e+02	1.7362431050772714e-01	0.0000000000000000e+00	0.0000000000000000e+00
1.2312500000000000e+02	2.3789306998465379e-01	0.0000000000000000e+00	0.0000000000000000e+00
1.2337500000000000e+02	2.8312710723084322e-01	0.0000000000000000e+00	0.0000000000000000e+00
1.2362500000000000e+02	2.8692768930919077e-01	0.0000000000000000e+00	0.0000000000000000e+00
1.2387500000000000e+02	2.5122842675401907e-01	0.0000000000000000e+00	0.0000000000000000e+00
1.2412500000000000e+02	2.0346716798229927e-01	0.0000000000000000e+00	0.0000000000000000e+00
1.2437500000000000e+02	1.8319816016684651e-01	0.0000000000000000e+00	0.0000000000000000e+00
1.2462500000000000e+02	2.2037245991377888e-01	0.0000000000000000e+00	0.0000000000000000e+00
1.2487500000000000e+02	3.1769072599105391e-01	0.0000000000000000e+00	0.0000000000000000e+00
1.2512500000000000e+02	4.4965543738879798e-01	0.0000000000000000e+00	0.0000000000000000e+00
1.2537500000000000e+02	5.8095695788240154e-01	0.0000000000000000e+00	0.0000000000000000e+00
1.2562500000000000e+02	6.8878110391531955e-01	0.0000000000000000e+00	0.0000000000000000e+00
1.2587500000000000e+02	7.6687711181222173e-01	0.0000000000000000e+00	0.0000000000000000e+00
1.2612500000000000e+02	8.1194381780303437e-01	0.0000000000000000e+00	0.0000000000000000e+00
1.2637500000000000e+02	8.1285192145004082e-01	0.0000000000000000e+00	0.0000000000000000e+00
1.2662500000000000e+02	7.5737772700362493e-01	0.0000000000000000e+00	0.0000000000000000e+00
1.2687500000000000e+02	6.4905097085526220e-01	0.0000000000000000e+00	0.0000000000000000e+00
1.2712500000000000e+02	5.1442106425449496e-01	0.0000000000000000e+00	0.0000000000000000e+00
1.2737500000000000e+02	3.8977890722440245e-01	0.0000000000000000e+00	0.0000000000000000e+00
1.2762500000000000e+02	2.9899334324261573e-01	0.0000000000000000e+00	0.0000000000000000e+00
1.2787500000000000e+02	2.4469652459002525e-01	0.0000000000000000e+00	0.0000000000000000e+00
1.2812500000000000e+02	2.1778402178925413e-01	0.0000000000000000e+00	0.0000000000000000e+00
1.2837500000000000e+02	2.1037494003519530e-01	0.0000000000000000e+00	0.0000000000000000e+00
1.2862500000000000e+02	2.1948282524675128e-01	0.0000000000000000e+00	0.0000000000000000e+00
1.2887500000000000e+02	2.4440313386444737e-01	0.0000000000000000e+00	0.0000000000000000e+00
1.2912500000000000e+02	2.8539582480015951e-01	0.0000000000000000e+00	0.0000000000000000e+00
1.2937500000000000e+02	3.4571190757724130e-01	0.0000000000000000e+00	0.0000000000000000e+00
1.2962500000000000e+02	4.3049483723435000e-01	0.0000000000000000e+00	0.0000000000000000e+00
1.2987500000000000e+02	5.3751002557005345e-01	0.0000000000000000e+00	0.0000000000000000e+00
1.3012500000000000e+02	6.4845117491467641e-01	0.0000000000000000e+00	0.0000000000000000e+00
1.3037500000000000e+02	7.3446517154158042e-01	0.0000000000000000e+00	0.0000000000000000e+00
1.3062500000000000e+02	7.7413145419737561e-01	0.0000000000000000e+00	0.0000000000000000e+00
1.3087500000000000e+02	7.6531442002030825e-01	0.0000000000000000e+00	0.0000000000000000e+00
1.3112500000000000e+02	7.2028594606799135e-01	0.0000000000000000e+00	0.0000000000000000e+00
1.3137500000000000e+02	6.5165588382904860e-01	0.0000000000000000e+00	0.0000000000000000e+00
1.3162500000000000e+02	5.6496255434087794e-01	0.0000000000000000e+00	0.0000000000000000e+00
1.3187500000000000e+02	4.6632289735041971e-01	0.0000000000000000e+00	0.0000000000000000e+00
1.3212500000000000e+02	3.7426664018744388e-01	0.0000000000000000e+00	0.0000000000000000e+00
1.3237500000000000e+02	3.1814186365561514e-01	0.0000000000000000e+00	0.0000000000000000e+00
1.3262500000000000e+02	3.2050995903919222e-01	0.0000000000000000e+00	0.0000000000000000e+00
1.3287500000000000e+02	3.7880658085806834e-01	0.0000000000000000e+00	0.0000000000000000e+00
1.3312500000000000e+02	4.6319710402447667e-01	0.0000000000000000e+00	0.0000000000000000e+00
1.3337500000000000e+02	5.3314370937600331e-01	0.0000000000000000e+00	0.0000000000000000e+00
1.3362500000000000e+02	5.6052806568565849e-01	0.0000000000000000e+00	0.0000000000000000e+00
1.3387500000000000e+02	5.4268882574594468e-01	0.0000000000000000e+00	0.0000000000000000e+00
1.3412500000000000e+02	4.9808795801614897e-01	0.0000000000000000e+00	0.0000000000000000e+00
1.3437500000000000e+02	4.5088723968637423e-01	0.0000000000000000e+00	0.0000000000000000e+00
1.3462500000000000e+02	4.1678542873007013e-01	0.0000000000000000e+00	0.0000000000000000e+00
1.3487500000000000e+02	3.9919543546420316e-01	0.0000000000000000e+00	0.0000000000000000e+00
1.3512500000000000e+02	3.9465760281223650e-01	0.0000000000000000e+00	0.0000000000000000e+00
1.3537500000000000e+02	3.9950458255520488e-01	0.0000000000000000e+00	0.0000000000000000e+00
1.3562500000000000e+02	4.1185370248440534e-01	0.0000000000000000e+00	0.0000000000000000e+00
1.3587500000000000e+02	4.2848150234210081e-01	0.0000000000000000e+00	0.0000000000000000e+00
1.3612500000000000e+02	4.4135026521554988e-01	0.0000000000000000e+00	0.0000000000000000e+00
1.3637500000000000e+02	4.3846845847393912e-01	0.0000000000000000e+00	0.0000000000000000e+00
1.3662500000000000e+02	4.1038480181440407e-01	0.0000000000000000e+00	0.0000000000000000e+00
1.3687500000000000e+02	3.5948840948732003e-01	0.0000000000000000e+00	0.0000000000000000e+00
1.3712500000000000e+02	3.0412110141544907e-01	0.0000000000000000e+00	0.0000000000000000e+00
1.3737500000000000e+02	2.7168415115440975e-01	0.0000000000000000e+00	0.0000000000000000e+00
1.3762500000000000e+02	2.8308553984546181e-01	0.0000000000000000e+00	0.0000000000000000e+00
1.3787500000000000e+02	3.3998861466294128e-01	0.0000000000000000e+00	0.0000000000000000e+00
1.3812500000000000e+02	4.2516882769759284e-01	0.0000000000000000e+00	0.0000000000000000e+00
1.3837500000000000e+02	5.1610459784701246e-01	0.0000000000000000e+00	0.0000000000000000e+00
1.3862500000000000e+02	5.9921800260982949e-01	0.0000000000000000e+00	0.0000000000000000e+00
1.3887500000000000e+02	6.7078776582984845e-01	0.0000000000000000e+00	0.0000000000000000e+00
1.3912500000000000e+02	7.2728233272205201e-01	0.0000000000000000e+00	0.0000000000000000e+00
1.3937500000000000e+02	7.6023887474720586e-01	0.0000000000000000e+00	0.0000000000000000e+00
1.3962500000000000e+02	7.6237628968731619e-01	0.0000000000000000e+00	0.0000000000000000e+00
1.3987500000000000e+02	7.3752999346519965e-01	0.0000000000000000e+00	0.0000000000000000e+00
1.4012500000000000e+02	7.0343502106959688e-01	0.0000000000000000e+00	0.0000000000000000e+00
1.4037500000000000e+02	6.8420959979125495e-01	0.0000000000000000e+00	0.0000000000000000e+00
1.4062500000000000e+02	6.9718673651584417e-01	0.0000000000000000e+00	0.0000000000000000e+00
1.4087500000000000e+02	7.4156506512678944e-01	0.0000000000000000e+00	0.0000000000000000e+00
1.4112500000000000e+02	7.9677912584965416e-01	0.0000000000000000e+00	0.0000000000000000e+00
1.4137500000000000e+02	8.3281419263725043e-01	0.0000000000000000e+00	0.0000000000000000e+00
1.4162500000000000e+02	8.2723457857667482e-01	0.0000000000000000e+00	0.0000000000000000e+00
1.4187500000000000e+02	7.7691625862621627e-01	0.0000000000000000e+00	0.0000000000000000e+00
1.4212500000000000e+02	6.9609839647567251e-01	0.0000000000000000e+00	0.0000000000000000e+00
1.4237500000000000e+02	6.0295197101484110e-01	0.0000000000000000e+00	0.0000000000000000e+00
1.4262500000000000e+02	5.0793774431657657e-01	0.0000000000000000e+00	0.0000000000000000e+00
1.4287500000000000e+02	4.1773278505649442e-01	0.0000000000000000e+00	0.0000000000000000e+00
1.4312500000000000e+02	3.4813528890276896e-01	0.0000000000000000e+00	0.0000000000000000e+00
1.4337500000000000e+02	3.2664674707313146e-01	0.0000000000000000e+00	0.0000000000000000e+00
1.4362500000000000e+02	3.7617304395037165e-01	0.0000000000000000e+00	0.0000000000000000e+00
1.4387500000000000e+02	4.9156630172100885e-01	0.0000000000000000e+00	0.0000000000000000e+00
1.4412500000000000e+02	6.3161649444891699e-01	0.0000000000000000e+00	0.0000000000000000e+00
1.4437500000000000e+02	7.3774114096413923e-01	0.0000000000000000e+00	0.0000000000000000e+00
1.4462500000000000e+02	7.6777867601174044e-01	0.0000000000000000e+00	0.0000000000000000e+00
1.4487500000000000e+02	7.1820291259325775e-01	0.0000000000000000e+00	0.0000000000000000e+00
1.4512500000000000e+02	6.1890240240830852e-01	0.0000000000000000e+00	0.0000000000000000e+00
1.4537500000000000e+02	5.0797235960041609e-01	0.0000000000000000e+00	0.0000000000000000e+00
1.4562500000000000e+02	4.0894473257449060e-01	0.0000000000000000e+00	0.0000000000000000e+00
1.4587500000000000e+02	3.2881250656734246e-01	0.0000000000000000e+00	0.0000000000000000e+00
1.4612500000000000e+02	2.7152662114420106e-01	0.0000000000000000e+00	0.0000000000000000e+00
1.4637500000000000e+02	2.4675941581686947e-01	0.0000000000000000e+00	0.0000000000000000e+00
1.4662500000000000e+02	2.6368431777156176e-01	0.0000000000000000e+00	0.0000000000000000e+00
1.4687500000000000e+02	3.1788556514164579e-01	0.0000000000000000e+00	0.0000000000000000e+00
1.4712500000000000e+02	3.8659515833835661e-01	0.0000000000000000e+00	0.0000000000000000e+00
1.4737500000000000e+02	4.3858408511535812e-01	0.0000000000000000e+00	0.0000000000000000e+00
1.4762500000000000e+02	4.5186297944334197e-01	0.0000000000000000e+00	0.0000000000000000e+00
1.4787500000000000e+02	4.2615601353304311e-01	0.0000000000000000e+00	0.0000000000000000e+00
1.4812500000000000e+02	3.8154797099809151e-01	0.0000000000000000e+00	0.0000000000000000e+00
1.4837500000000000e+02	3.4549224353548003e-01	0.0000000000000000e+00	0.0000000000000000e+00
1.4862500000000000e+02	3.3713343147671943e-01	0.0000000000000000e+00	0.0000000000000000e+00
1.4887500000000000e+02	3.5846253686181101e-01	0.0000000000000000e+00	0.0000000000000000e+00
1.4912500000000000e+02	3.9654228067199609e-01	0.0000000000000000e+00	0.0000000000000000e+00
1.4937500000000000e+02	4.3404763512293532e-01	0.0000000000000000e+00	0.0000000000000000e+00
1.4962500000000000e+02	4.6009551099111001e-01	0.0000000000000000e+00	0.0000000000000000e+00
1.4987500000000000e+02	4.7531489507136121e-01	0.0000000000000000e+00	0.0000000000000000e+00
1.5012500000000000e+02	4.9021128066318004e-01	0.0000000000000000e+00	0.0000000000000000e+00
1.5037500000000000e+02	5.1980046839791838e-01	0.0000000000000000e+00	0.0000000000000000e+00
1.5062500000000000e+02	5.7565390097853375e-01	0.0000000000000000e+00	0.0000000000000000e+00
1.5087500000000000e+02	6.5435911996283247e-01	0.0000000000000000e+00	0.0000000000000000e+00
1.5112500000000000e+02	7.3032747889392247e-01	0.0000000000000000e+00	0.0000000000000000e+00
1.5137500000000000e+02	7.6356972120141364e-01	0.0000000000000000e+00	0.0000000000000000e+00
1.5162500000000000e+02	7.2278237316751870e-01	0.0000000000000000e+00	0.0000000000000000e+00
1.5187500000000000e+02	6.0859889829392921e-01	0.0000000000000000e+00	0.0000000000000000e+00
1.5212500000000000e+02	4.5742202959719847e-01	0.0000000000000000e+00	0.0000000000000000e+00
1.5237500000000000e+02	3.1959470535431472e-01	0.0000000000000000e+00	0.0000000000000000e+00
1.5262500000000000e+02	2.2884253396026533e-01	0.0000000000000000e+00	0.0000000000000000e+00
1.5287500000000000e+02	1.8900379839253420e-01	0.0000000000000000e+00	0.0000000000000000e+00
1.5312500000000000e+02	1.8442575225126051e-01	0.0000000000000000e+00	0.0000000000000000e+00
1.5337500000000000e+02	1.9795998329022599e-01	0.0000000000000000e+00	0.0000000000000000e+00
1.5362500000000000e+02	2.2017505558053146e-01	0.0000000000000000e+00	0.0000000000000000e+00
1.5387500000000000e+02	2.4833913080757256e-01	0.0000000000000000e+00	0.0000000000000000e+00
1.5412500000000000e+02	2.8248084285213865e-01	0.0000000000000000e+00	0.0000000000000000e+00
1.5437500000000000e+02	3.2402228341900152e-01	0.0000000000000000e+00	0.0000000000000000e+00
1.5462500000000000e+02	3.7504099808591401e-01	0.0000000000000000e+00	0.0000000000000000e+00
1.5487500000000000e+02	4.3298532341121643e-01	0.0000000000000000e+00	0.0000000000000000e+00
1.5512500000000000e+02	4.8449353699367614e-01	0.0000000000000000e+00	0.0000000000000000e+00
1.5537500000000000e+02	5.0780020378464730e-01	0.0000000000000000e+00	0.0000000000000000e+00
1.5562500000000000e+02	4.8593126551781002e-01	0.0000000000000000e+00	0.0000000000000000e+00
1.5587500000000000e+02	4.2218522195749625e-01	0.0000000000000000e+00	0.0000000000000000e+00
1.5612500000000000e+02	3.4447041287658903e-01	0.0000000000000000e+00	0.0000000000000000e+00
1.5637500000000000e+02	2.9267240450429410e-01	0.0000000000000000e+00	0.0000000000000000e+00
1.5662500000000000e+02	2.9595383940819497e-01	0.0000000000000000e+00	0.0000000000000000e+00
1.5687500000000000e+02	3.5562602921583653e-01	0.0000000000000000e+00	0.0000000000000000e+00
1.5712500000000000e+02	4.4591894395195747e-01	0.0000000000000000e+00	0.0000000000000000e+00
1.5737500000000000e+02	5.3201921836068011e-01	0.0000000000000000e+00	0.0000000000000000e+00
1.5762500000000000e+02	5.9119094651250959e-01	0.0000000000000000e+00	0.0000000000000000e+00
1.5787500000000000e+02	6.2131900919151517e-01	0.0000000000000000e+00	0.0000000000000000e+00
1.5812500000000000e+02	6.3443649669132740e-01	0.0000000000000000e+00	0.0000000000000000e+00
1.5837500000000000e+02	6.4532804005923472e-01	0.0000000000000000e+00	0.0000000000000000e+00
1.5862500000000000e+02	6.6362948806015321e-01	0.0000000000000000e+00	0.0000000000000000e+00
1.5887500000000000e+02	6.8901543030799228e-01	0.0000000000000000e+00	0.0000000000000000e+00
1.5912500000000000e+02	7.0945576137429989e-01	0.0000000000000000e+00	0.0000000000000000e+00
1.5937500000000000e+02	7.0527863772415744e-01	0.0000000000000000e+00	0.0000000000000000e+00
1.5962500000000000e+02	6.6049236356658492e-01	0.0000000000000000e+00	0.0000000000000000e+00
1.5987500000000000e+02	5.7648667434159573e-01	0.0000000000000000e+00	0.0000000000000000e+00
1.6012500000000000e+02	4.7679259159078047e-01	0.0000000000000000e+00	0.0000000000000000e+00
1.6037500000000000e+02	3.9540224245702554e-01	0.0000000000000000e+00	0.0000000000000000e+00
1.6062500000000000e+02	3.5608912640529072e-01	0.0000000000000000e+00	0.0000000000000000e+00
1.6087500000000000e+02	3.5968829476829828e-01	0.0000000000000000e+00	0.0000000000000000e+00
1.6112500000000000e+02	3.8795942335480121e-01	0.0000000000000000e+00	0.0000000000000000e+00
1.6137500000000000e+02	4.1761229287515256e-01	0.0000000000000000e+00	0.0000000000000000e+00
1.6162500000000000e+02	4.3308703773404783e-01	0.0000000000000000e+00	0.0000000000000000e+00
1.6187500000000000e+02	4.3068154018656868e-01	0.0000000000000000e+00	0.0000000000000000e+00
1.6212500000000000e+02	4.1441357411445412e-01	0.0000000000000000e+00	0.0000000000000000e+00
1.6237500000000000e+02	3.8895369569811572e-01	0.0000000000000000e+00	0.0000000000000000e+00
1.6262500000000000e+02	3.5601898194138415e-01	0.0000000000000000e+00	0.0000000000000000e+00
1.6287500000000000e+02	3.1618778174645340e-01	0.0000000000000000e+00	0.0000000000000000e+00
1.6312500000000000e+02	2.7201235786137135e-01	0.0000000000000000e+00	0.0000000000000000e+00
1.6337500000000000e+02	2.2754812765088295e-01	0.0000000000000000e+00	0.0000000000000000e+00
1.6362500000000000e+02	1.8561836715387814e-01	0.0000000000000000e+00	0.0000000000000000e+00
1.6387500000000000e+02	1.5039808642109717e-01	0.0000000000000000e+00	0.0000000000000000e+00
1.6412500000000000e+02	1.3406055716412793e-01	0.0000000000000000e+00	0.0000000000000000e+00
1.6437500000000000e+02	1.5799455939987658e-01	0.0000000000000000e+00	0.0000000000000000e+00
1.6462500000000000e+02	2.4103529830640327e-01	0.0000000000000000e+00	0.0000000000000000e+00
1.6487500000000000e+02	3.7920559576432555e-01	0.0000000000000000e+00	0.0000000000000000e+00
1.6512500000000000e+02	5.3585574596257290e-01	0.0000000000000000e+00	0.0000000000000000e+00
1.6537500000000000e+02	6.5716643243445583e-01	0.0000000000000000e+00	0.0000000000000000e+00
1.6562500000000000e+02	7.0431949108752767e-01	0.0000000000000000e+00	0.0000000000000000e+00
1.6587500000000000e+02	6.7465472263557291e-01	0.0000000000000000e+00	0.0000000000000000e+00
1.6612500000000000e+02	5.9574797032825533e-01	0.0000000000000000e+00	0.0000000000000000e+00
1.6637500000000000e+02	5.0167633656207167e-01	0.0000000000000000e+00	0.0000000000000000e+00
1.6662500000000000e+02	4.1348206921345027e-01	0.0000000000000000e+00	0.0000000000000000e+00
1.6687500000000000e+02	3.4006717759295518e-01	0.0000000000000000e+00	0.0000000000000000e+00
1.6712500000000000e+02	2.9229307853263448e-01	0.0000000000000000e+00	0.0000000000000000e+00
1.6737500000000000e+02	2.8997783569969815e-01	0.0000000000000000e+00	0.0000000000000000e+00
1.6762500000000000e+02	3.5077176957582762e-01	0.0000000000000000e+00	0.0000000000000000e+00
1.6787500000000000e+02	4.6923250152242396e-01	0.0000000000000000e+00	0.0000000000000000e+00
1.6812500000000000e+02	6.0769873434230282e-01	0.0000000000000000e+00	0.0000000000000000e+00
1.6837500000000000e+02	7.1209412336264011e-01	0.0000000000000000e+00	0.0000000000000000e+00
1.6862500000000000e+02	7.4330726924517310e-01	0.0000000000000000e+00	0.0000000000000000e+00
1.6887500000000000e+02	6.9833391969939929e-01	0.0000000000000000e+00	0.0000000000000000e+00
1.6912500000000000e+02	6.0536520503610869e-01	0.0000000000000000e+00	0.0000000000000000e+00
1.6937500000000000e+02	5.0010884348938145e-01	0.0000000000000000e+00	0.0000000000000000e+00
1.6962500000000000e+02	4.0479732724940620e-01	0.0000000000000000e+00	0.0000000000000000e+00
1.6987500000000000e+02	3.2783272537613395e-01	0.0000000000000000e+00	0.0000000000000000e+00
1.7012500000000000e+02	2.7807087840523859e-01	0.0000000000000000e+00	0.0000000000000000e+00
1.7037500000000000e+02	2.7273921299857395e-01	0.0000000000000000e+00	0.0000000000000000e+00
1.7062500000000000e+02	3.2730382526856383e-01	0.0000000000000000e+00	0.0000000000000000e+00
1.7087500000000000e+02	4.3485819826917776e-01	0.0000000000000000e+00	0.0000000000000000e+00
1.7112500000000000e+02	5.5637015042864923e-01	0.0000000000000000e+00	0.0000000000000000e+00
1.7137500000000000e+02	6.3538619757367598e-01	0.0000000000000000e+00	0.0000000000000000e+00
1.7162500000000000e+02	6.3020217870703954e-01	0.0000000000000000e+00	0.0000000000000000e+00
1.7187500000000000e+02	5.3986690099870094e-01	0.0000000000000000e+00	0.0000000000000000e+00
1.7212500000000000e+02	4.0381878057204879e-01	0.0000000000000000e+00	0.0000000000000000e+00
1.7237500000000000e+02	2.7523760669199587e-01	0.0000000000000000e+00	0.0000000000000000e+00
1.7262500000000000e+02	1.8917337345072507e-01	0.0000000000000000e+00	0.0000000000000000e+00
1.7287500000000000e+02	1.4964271761346559e-01	0.0000000000000000e+00	0.0000000000000000e+00
1.7312500000000000e+02	1.3977985291299899e-01	0.0000000000000000e+00	0.0000000000000000e+00
1.7337500000000000e+02	1.3937897308420508e-01	0.0000000000000000e+00	0.0000000000000000e+00
1.7362500000000000e+02	1.3571846717000252e-01	0.0000000000000000e+00	0.0000000000000000e+00
1.7387500000000000e+02	1.2644252719906254e-01	0.0000000000000000e+00	0.0000000000000000e+00
1.7412500000000000e+02	1.1804438732583743e-01	0.0000000000000000e+00	0.0000000000000000e+00
1.7437500000000000e+02	1.2162359636488414e-01	0.0000000000000000e+00	0.0000000000000000e+00
1.7462500000000000e+02	1.4610905181334141e-01	0.0000000000000000e+00	0.0000000000000000e+00
1.7487500000000000e+02	1.9105965295811730e-01	0.0000000000000000e+00	0.0000000000000000e+00
1.7512500000000000e+02	2.4427696697617804e-01	0.0000000000000000e+00	0.0000000000000000e+00
1.7537500000000000e+02	2.8796133996585499e-01	0.0000000000000000e+00	0.0000000000000000e+00
1.7562500000000000e+02	3.0951843512406713e-01	0.0000000000000000e+00	0.0000000000000000e+00
1.7587500000000000e+02	3.0773648931191866e-01	0.0000000000000000e+00	0.0000000000000000e+00
1.7612500000000000e+02	2.9009199348008846e-01	0.0000000000000000e+00	0.0000000000000000e+00
1.7637500000000000e+02	2.6554835127076604e-01	0.0000000000000000e+00	0.0000000000000000e+00
1.7662500000000000e+02	2.3977986303065738e-01	0.0000000000000000e+00	0.0000000000000000e+00
1.7687500000000000e+02	2.1755201716645128e-01	0.0000000000000000e+00	0.0000000000000000e+00
1.7712500000000000e+02	2.0850688098443668e-01	0.0000000000000000e+00	0.0000000000000000e+00
1.7737500000000000e+02	2.2858530921995873e-01	0.0000000000000000e+00	0.0000000000000000e+00
1.7762500000000000e+02	2.9174919027640434e-01	0.0000000000000000e+00	0.0000000000000000e+00
1.7787500000000000e+02	3.9527436019205481e-01	0.0000000000000000e+00	0.0000000000000000e+00
1.7812500000000000e+02	5.1250836763591223e-01	0.0000000000000000e+00	0.0000000000000000e+00
1.7837500000000000e+02	6.0428222179998992e-01	0.0000000000000000e+00	0.0000000000000000e+00
1.7862500000000000e+02	6.4252894323535525e-01	0.0000000000000000e+00	0.0000000000000000e+00
1.7887500000000000e+02	6.2580391827058823e-01	0.0000000000000000e+00	0.0000000000000000e+00
1.7912500000000000e+02	5.7503453194983822e-01	0.0000000000000000e+00	0.0000000000000000e+00
1.7937500000000000e+02	5.1619198524861354e-01	0.0000000000000000e+00	0.0000000000000000e+00
1.7962500000000000e+02	4.6538868765332930e-01	0.0000000000000000e+00	0.0000000000000000e+00
1.7987500000000000e+02	4.2671673958015993e-01	0.0000000000000000e+00	0.0000000000000000e+00
1.8012500000000000e+02	3.9958125749520268e-01	0.0000000000000000e+00	0.0000000000000000e+00
1.8037500000000000e+02	3.8489670879626020e-01	0.0000000000000000e+00	0.0000000000000000e+00
1.8062500000000000e+02	3.8459668192935553e-01	0.0000000000000000e+00	0.0000000000000000e+00
1.8087500000000000e+02	3.9882206490845995e-01	0.0000000000000000e+00	0.0000000000000000e+00
1.8112500000000000e+02	4.2607540220120305e-01	0.0000000000000000e+00	0.0000000000000000e+00
1.8137500000000000e+02	4.6639306287443677e-01	0.0000000000000000e+00	0.0000000000000000e+00
1.8162500000000000e+02	5.2201846438942534e-01	0.0000000000000000e+00	0.0000000000000000e+00
1.8187500000000000e+02	5.9249060276353627e-01	0.0000000000000000e+00	0.0000000000000000e+00
1.8212500000000000e+02	6.6971795768707809e-01	0.0000000000000000e+00	0.0000000000000000e+00
1.8237500000000000e+02	7.4123145903619281e-01	0.0000000000000000e+00	0.0000000000000000e+00
1.8262500000000000e+02	7.9884081430011322e-01	0.0000000000000000e+00	0.0000000000000000e+00
1.8287500000000000e+02	8.4113534276680080e-01	0.0000000000000000e+00	0.0000000000000000e+00
1.8312500000000000e+02	8.6769380791126594e-01	0.0000000000000000e+00	0.0000000000000000e+00
1.8337500000000000e+02	8.7409977303998465e-01	0.0000000000000000e+00	0.0000000000000000e+00
1.8362500000000000e+02	8.5489060284060681e-01	0.0000000000000000e+00	0.0000000000000000e+00
1.8387500000000000e+02	8.0987146242908392e-01	0.0000000000000000e+00	0.0000000000000000e+00
1.8412500000000000e+02	7.4556470472877523e-01	0.0000000000000000e+00	0.0000000000000000e+00
1.8437500000000000e+02	6.6928176987607557e-01	0.0000000000000000e+00	0.0000000000000000e+00
1.8462500000000000e+02	5.8389840495278211e-01	0.0000000000000000e+00	0.0000000000000000e+00
1.8487500000000000e+02	4.9305931830449695e-01	0.0000000000000000e+00	0.0000000000000000e+00
1.8512500000000000e+02	4.1098754446617725e-01	0.0000000000000000e+00	0.0000000000000000e+00
1.8537500000000000e+02	3.6187936413663391e-01	0.0000000000000000e+00	0.0000000000000000e+00
1.8562500000000000e+02	3.6514839034571406e-01	0.0000000000000000e+00	0.0000000000000000e+00
1.8587500000000000e+02	4.2051987919873529e-01	0.0000000000000000e+00	0.0000000000000000e+00
1.8612500000000000e+02	5.0754181334624837e-01	0.0000000000000000e+00	0.0000000000000000e+00
1.8637500000000000e+02	6.0002832560608543e-01	0.0000000000000000e+00	0.0000000000000000e+00
1.8662500000000000e+02	6.8153268570503256e-01	0.0000000000000000e+00	0.0000000000000000e+00
1.8687500000000000e+02	7.4601377024462812e-01	0.0000000000000000e+00	0.0000000000000000e+00
1.8712500000000000e+02	7.8648327465923884e-01	0.0000000000000000e+00	0.0000000000000000e+00
1.8737500000000000e+02	7.8852614627693152e-01	0.0000000000000000e+00	0.0000000000000000e+00
1.8762500000000000e+02	7.3894505538694166e-01	0.0000000000000000e+00	0.0000000000000000e+00
1.8787500000000000e+02	6.4337359688161855e-01	0.0000000000000000e+00	0.0000000000000000e+00
1.8812500000000000e+02	5.3466256226427855e-01	0.0000000000000000e+00	0.0000000000000000e+00
1.8837500000000000e+02	4.6007689018565878e-01	0.0000000000000000e+00	0.0000000000000000e+00
1.8862500000000000e+02	4.5390642261527797e-01	0.0000000000000000e+00	0.0000000000000000e+00
1.8887500000000000e+02	5.1544351671229283e-01	0.0000000000000000e+00	0.0000000000000000e+00
1.8912500000000000e+02	6.0898872520080571e-01	0.0000000000000000e+00	0.0000000000000000e+00
1.8937500000000000e+02	6.8551584925724252e-01	0.0000000000000000e+00	0.0000000000000000e+00
1.8962500000000000e+02	7.1088933685602096e-01	0.0000000000000000e+00	0.0000000000000000e+00
1.8987500000000000e+02	6.8187201272296105e-01	0.0000000000000000e+00	0.0000000000000000e+00
1.9012500000000000e+02	6.2153300671226608e-01	0.0000000000000000e+00	0.0000000000000000e+00
1.9037500000000000e+02	5.6058645605318169e-01	0.0000000000000000e+00	0.0000000000000000e+00
1.9062500000000000e+02	5.1920738321355264e-01	0.0000000000000000e+00	0.0000000000000000e+00
1.9087500000000000e+02	5.0117734710240547e-01	0.0000000000000000e+00	0.0000000000000000e+00
1.9112500000000000e+02	5.0017051344500862e-01	0.0000000000000000e+00	0.0000000000000000e+00
1.9137500000000000e+02	5.0907441390330521e-01	0.0000000000000000e+00	0.0000000000000000e+00
1.9162500000000000e+02	5.2431662098036336e-01	0.0000000000000000e+00	0.0000000000000000e+00
1.9187500000000000e+02	5.4492251637514511e-01	0.0000000000000000e+00	0.0000000000000000e+00
1.9212500000000000e+02	5.7053535621859242e-01	0.0000000000000000e+00	0.0000000000000000e+00
1.9237500000000000e+02	6.0150277297082810e-01	0.0000000000000000e+00	0.0000000000000000e+00
1.9262500000000000e+02	6.3914578709820802e-01	0.0000000000000000e+00	0.0000000000000000e+00
1.9287500000000000e+02	6.8296802185785788e-01	0.0000000000000000e+00	0.0000000000000000e+00
1.9312500000000000e+02	7.2717606640634858e-01	0.0000000000000000e+00	0.0000000000000000e+00
1.9337500000000000e+02	7.6211041295094817e-01	0.0000000000000000e+00	0.0000000000000000e+00
1.9362500000000000e+02	7.8047778960402592e-01	0.0000000000000000e+00	0.0000000000000000e+00
1.9387500000000000e+02	7.8114505811387402e-01	0.0000000000000000e+00	0.0000000000000000e+00
1.9412500000000000e+02	7.6677592663110694e-01	0.0000000000000000e+00	0.0000000000000000e+00
1.9437500000000000e+02	7.3901283118047123e-01	0.0000000000000000e+00	0.0000000000000000e+00
1.9462500000000000e+02	6.9758632033565626e-01	0.0000000000000000e+00	0.0000000000000000e+00
1.9487500000000000e+02	6.4628377186399288e-01	0.0000000000000000e+00	0.0000000000000000e+00
1.9512500000000000e+02	5.9926788431927169e-01	0.0000000000000000e+00	0.0000000000000000e+00
1.9537500000000000e+02	5.7857824775946964e-01	0.0000000000000000e+00	0.0000000000000000e+00
1.9562500000000000e+02	6.0139288820383829e-01	0.0000000000000000e+00	0.0000000000000000e+00
1.9587500000000000e+02	6.6566732100878589e-01	0.0000000000000000e+00	0.0000000000000000e+00
1.9612500000000000e+02	7.4670848418033309e-01	0.0000000000000000e+00	0.0000000000000000e+00
1.9637500000000000e+02	8.0952377461629033e-01	0.0000000000000000e+00	0.0000000000000000e+00
1.9662500000000000e+02	8.2907350066625496e-01	0.0000000000000000e+00	0.0000000000000000e+00
1.9687500000000000e+02	8.0283402980862406e-01	0.0000000000000000e+00	0.0000000000000000e+00
1.9712500000000000e+02	7.4723539022617669e-01	0.0000000000000000e+00	0.0000000000000000e+00
1.9737500000000000e+02	6.8307090105210166e-01	0.0000000000000000e+00	0.0000000000000000e+00
1.9762500000000000e+02	6.2305463458923527e-01	0.0000000000000000e+00	0.0000000000000000e+00
1.9787500000000000e+02	5.7196094943710662e-01	0.0000000000000000e+00	0.0000000000000000e+00
1.9812500000000000e+02	5.3521281704074319e-01	0.0000000000000000e+00	0.0000000000000000e+00
1.9837500000000000e+02	5.2296913843266735e-01	0.0000000000000000e+00	0.0000000000000000e+00
1.9862500000000000e+02	5.4366155414357242e-01	0.0000000000000000e+00	0.0000000000000000e+00
1.9887500000000000e+02	5.9161110007801399e-01	0.0000000000000000e+00	0.0000000000000000e+00
1.9912500000000000e+02	6.4097930153992255e-01	0.0000000000000000e+00	0.0000000000000000e+00
1.9937500000000000e+02	6.5371609741216208e-01	0.0000000000000000e+00	0.0000000000000000e+00
1.9962500000000000e+02	6.0013045315315217e-01	0.0000000000000000e+00	0.0000000000000000e+00
1.9987500000000000e+02	4.7981812517989575e-01	0.0000000000000000e+00	0.0000000000000000e+00
