1.2500000000000000e-01	-8.2699865019040908e-01	1.3209410878555821e+00	0.0000000000000000e+00
3.7500000000000000e-01	-1.0121662209526137e+00	1.5905509255768664e+00	0.0000000000000000e+00
6.2500000000000000e-01	-1.0561732294222219e+00	1.6068144830907543e+00	0.0000000000000000e+00
8.7500000000000000e-01	-9.5529082241716090e-01	1.3692863511148250e+00	0.0000000000000000e+00
1.1250000000000000e+00	-7.6206599688283738e-01	9.9036724212598815e-01	0.0000000000000000e+00
1.3750000000000000e+00	-5.4167216267158480e-01	6.1822136904302760e-01	0.0000000000000000e+00
1.6250000000000000e+00	-3.3256389170522666e-01	3.4896157095459807e-01	0.0000000000000000e+00
1.8750000000000000e+00	-1.4512017115158263e-01	1.9648814047115126e-01	0.0000000000000000e+00
2.1250000000000000e+00	1.3195467823207128e-02	1.2533086679159824e-01	0.0000000000000000e+00
2.3750000000000000e+00	1.2488033416167552e-01	9.6055815310704368e-02	0.0000000000000000e+00
2.6250000000000000e+00	1.7526481925985510e-01	8.5096335553525387e-02	0.0000000000000000e+00
2.8750000000000000e+00	1.6935770754833673e-01	8.2019942944790508e-02	0.0000000000000000e+00
3.1250000000000000e+00	1.3156150296844898e-01	8.2403342636857252e-02	0.0000000000000000e+00
3.3750000000000000e+00	9.0775376072810512e-02	8.4129747162952018e-02	0.0000000000000000e+00
3.6250000000000000e+00	6.5394084268758632e-02	8.6216282909091363e-02	0.0000000000000000e+00
3.8750000000000000e+00	5.7473084869688933e-02	8.8387823316106992e-02	0.0000000000000000e+00
4.1250000000000000e+00	5.6500826479899929e-02	9.0543056348834902e-02	0.0000000000000000e+00
4.3750000000000000e+00	4.7198936127168772e-02	9.2580407260406533e-02	0.0000000000000000e+00
4.6250000000000000e+00	1.7781504931165915e-02	9.4465916281193843e-02	0.0000000000000000e+00
4.8750000000000000e+00	-3.3680525830395831e-02	9.6250656339035984e-02	0.0000000000000000e+00
5.1250000000000000e+00	-9.8315353762414112e-02	9.7952706795874853e-02	0.0000000000000000e+00
5.3750000000000000e+00	-1.6313846317245470e-01	9.9527796967614643e-02	0.0000000000000000e+00
5.6250000000000000e+00	-2.1969540387911682e-01	1.0096494110001566e-01	0.0000000000000000e+00
5.8750000000000000e+00	-2.6401653704434869e-01	1.0232375195299064e-01	0.0000000000000000e+00
6.1250000000000000e+00	-2.8895809982108273e-01	1.0366418389715100e-01	0.0000000000000000e+00
6.3750000000000000e+00	-2.8021174201819082e-01	1.0502630302020534e-01	0.0000000000000000e+00
6.6250000000000000e+00	-2.2430125162582618e-01	1.0647199126991003e-01	0.0000000000000000e+00
6.8750000000000000e+00	-1.2324194376343421e-01	1.0806620777840575e-01	0.0000000000000000e+00
7.1250000000000000e+00	-6.7293851719521112e-04	1.0980995475647017e-01	0.0000000000000000e+00
7.3750000000000000e+00	1.1035536214375084e-01	1.1168072406321658e-01	0.0000000000000000e+00
7.6250000000000000e+00	1.8814642138296186e-01	1.1371858278778087e-01	0.0000000000000000e+00
7.8750000000000000e+00	2.3237035046128646e-01	1.1597992870135657e-01	0.0000000000000000e+00
8.1250000000000000e+00	2.5742557315168313e-01	1.1841526247036942e-01	0.0000000000000000e+00
8.3750000000000000e+00	2.8029991941830346e-01	1.2091821659896977e-01	0.0000000000000000e+00
8.6250000000000000e+00	3.1231768895143702e-01	1.2347546594994170e-01	0.0000000000000000e+00
8.8750000000000000e+00	3.5359216952579842e-01	1.2614356113404154e-01	0.0000000000000000e+00
9.1250000000000000e+00	3.9052960432758071e-01	1.2888440907906179e-01	0.0000000000000000e+00
9.3750000000000000e+00	4.0064759276628092e-01	1.3157869655380414e-01	0.0000000000000000e+00
9.6250000000000000e+00	3.6593774874771523e-01	1.3419335176432334e-01	0.0000000000000000e+00
9.8750000000000000e+00	2.8742724064633496e-01	1.3678904529112043e-01	0.0000000000000000e+00
1.0125000000000000e+01	1.8884657946370056e-01	1.3935448200470285e-01	0.0000000000000000e+00
1.0375000000000000e+01	1.0379607845373222e-01	1.4179070025845664e-01	0.0000000000000000e+00
1.0625000000000000e+01	5.5614523270834278e-02	1.4406569371976288e-01	0.0000000000000000e+00
1.0875000000000000e+01	4.7516975323281418e-02	1.4625184502507074e-01	0.0000000000000000e+00
1.1125000000000000e+01	6.9021154044175748e-02	1.4839725361649386e-01	0.0000000000000000e+00
1.1375000000000000e+01	1.0876845960732165e-01	1.5049510417895862e-01	0.0000000000000000e+00
1.1625000000000000e+01	1.6071172044942017e-01	1.5257707263739809e-01	0.0000000000000000e+00
1.1875000000000000e+01	2.1791578790912272e-01	1.5470353452717081e-01	0.0000000000000000e+00
1.2125000000000000e+01	2.6295917665607060e-01	1.5684144467270345e-01	0.0000000000000000e+00
1.2375000000000000e+01	2.6815036109278551e-01	1.5887529477974041e-01	0.0000000000000000e+00
1.2625000000000000e+01	2.1050535233639905e-01	1.6075224040359709e-01	0.0000000000000000e+00
1.2875000000000000e+01	9.1358400082520566e-02	1.6251045950653459e-01	0.0000000000000000e+00
1.3125000000000000e+01	-5.7931302825138135e-02	1.6415650041587629e-01	0.0000000000000000e+00
1.3375000000000000e+01	-1.9331734785041221e-01	1.6562716143607431e-01	0.0000000000000000e+00
1.3625000000000000e+01	-2.8496550437709667e-01	1.6689009716977635e-01	0.0000000000000000e+00
1.3875000000000000e+01	-3.2816969149748787e-01	1.6799882695053800e-01	0.0000000000000000e+00
1.4125000000000000e+01	-3.3221590009655411e-01	1.6903192558339100e-01	0.0000000000000000e+00
1.4375000000000000e+01	-3.0408073408954012e-01	1.7005292732783386e-01	0.0000000000000000e+00
1.4625000000000000e+01	-2.4463104077243950e-01	1.7112792783145603e-01	0.0000000000000000e+00
1.4875000000000000e+01	-1.5755585410139186e-01	1.7231283762164179e-01	0.0000000000000000e+00
1.5125000000000000e+01	-5.7092171122842754e-02	1.7360965242655826e-01	0.0000000000000000e+00
1.5375000000000000e+01	3.6925404960818767e-02	1.7499972276912643e-01	0.0000000000000000e+00
1.5625000000000000e+01	1.1127219287255834e-01	1.7650853185890428e-01	0.0000000000000000e+00
1.5875000000000000e+01	1.6216236878669707e-01	1.7816514336231434e-01	0.0000000000000000e+00
1.6125000000000000e+01	1.8621264171243379e-01	1.7990204391540152e-01	0.0000000000000000e+00
1.6375000000000000e+01	1.7329571094787374e-01	1.8158716241532519e-01	0.0000000000000000e+00
1.6625000000000000e+01	1.1276363599035379e-01	1.8315697693506275e-01	0.0000000000000000e+00
1.6875000000000000e+01	9.3302757629054513e-03	1.8463953669127237e-01	0.0000000000000000e+00
1.7125000000000000e+01	-1.0832423441759817e-01	1.8604843813008226e-01	0.0000000000000000e+00
1.7375000000000000e+01	-1.9896418138866825e-01	1.8734824547477211e-01	0.0000000000000000e+00
1.7625000000000000e+01	-2.3338593303029512e-01	1.8852879714517423e-01	0.0000000000000000e+00
1.7875000000000000e+01	-2.1206148355749363e-01	1.8963147511050640e-01	0.0000000000000000e+00
1.8125000000000000e+01	-1.6264897808140030e-01	1.9068547433954630e-01	0.0000000000000000e+00
1.8375000000000000e+01	-1.2177352983276252e-01	1.9168786122224862e-01	0.0000000000000000e+00
1.8625000000000000e+01	-1.1445457794128219e-01	1.9265194833272906e-01	0.0000000000000000e+00
1.8875000000000000e+01	-1.4222832254341605e-01	1.9361582074081410e-01	0.0000000000000000e+00
1.9125000000000000e+01	-1.8496219309491246e-01	1.9459377812311882e-01	0.0000000000000000e+00
1.9375000000000000e+01	-2.1369330958780375e-01	1.9557804635478548e-01	0.0000000000000000e+00
1.9625000000000000e+01	-2.0719960480864003e-01	1.9658664633367057e-01	0.0000000000000000e+00
1.9875000000000000e+01	-1.6241770743993977e-01	1.9766016674985631e-01	0.0000000000000000e+00
2.0125000000000000e+01	-9.2634428004631036e-02	1.9881128043073285e-01	0.0000000000000000e+00
2.0375000000000000e+01	-1.5211727895239308e-02	2.0003985837326357e-01	0.0000000000000000e+00
2.0625000000000000e+01	5.9904355738209854e-02	2.0138243736412248e-01	0.0000000000000000e+00
2.0875000000000000e+01	1.3002805166051340e-01	2.0288212342686951e-01	0.0000000000000000e+00
2.1125000000000000e+01	1.9153741297141405e-01	2.0451265500840637e-01	0.0000000000000000e+00
2.1375000000000000e+01	2.3677591249785224e-01	2.0621528116563639e-01	0.0000000000000000e+00
2.1625000000000000e+01	2.5995741637688430e-01	2.0799451567019572e-01	0.0000000000000000e+00
2.1875000000000000e+01	2.6420765519456613e-01	2.0989505046540349e-01	0.0000000000000000e+00
2.2125000000000000e+01	2.6207965470758782e-01	2.1189140667446721e-01	0.0000000000000000e+00
2.2375000000000000e+01	2.7013498436515115e-01	2.1391000997716983e-01	0.0000000000000000e+00
2.2625000000000000e+01	3.0082495757898431e-01	2.1594639891428710e-01	0.0000000000000000e+00
2.2875000000000000e+01	3.5477239106203773e-01	2.1805780254074830e-01	0.0000000000000000e+00
2.3125000000000000e+01	4.1878688405323672e-01	2.2024162458288360e-01	0.0000000000000000e+00
2.3375000000000000e+01	4.7324316245405379e-01	2.2244470013091794e-01	0.0000000000000000e+00
2.3625000000000000e+01	5.0425275630954336e-01	2.2467810340940414e-01	0.0000000000000000e+00
2.3875000000000000e+01	5.0954976904678140e-01	2.2699891677966449e-01	0.0000000000000000e+00
2.4125000000000000e+01	4.9422678341787213e-01	2.2937275413629912e-01	0.0000000000000000e+00
2.4375000000000000e+01	4.6241624635077172e-01	2.3168813560214460e-01	0.0000000000000000e+00
2.4625000000000000e+01	4.1428183743720087e-01	2.3390655304385694e-01	0.0000000000000000e+00
2.4875000000000000e+01	3.4987351065092587e-01	2.3607273920022329e-01	0.0000000000000000e+00
2.5125000000000000e+01	2.7311325669813191e-01	2.3816904874424374e-01	0.0000000000000000e+00
2.5375000000000000e+01	1.8912897337452453e-01	2.4009227126731211e-01	0.0000000000000000e+00
2.5625000000000000e+01	9.9758426343521805e-02	2.4178991739857922e-01	0.0000000000000000e+00
2.5875000000000000e+01	8.1986794632944657e-03	2.4331228671119973e-01	0.0000000000000000e+00
2.6125000000000000e+01	-7.1217893267243593e-02	2.4471376695796901e-01	0.0000000000000000e+00
2.6375000000000000e+01	-1.1346801486024329e-01	2.4600332052450219e-01	0.0000000000000000e+00
2.6625000000000000e+01	-9.8447034707349390e-02	2.4720216453747415e-01	0.0000000000000000e+00
2.6875000000000000e+01	-2.8936023561620887e-02	2.4836674664320818e-01	0.0000000000000000e+00
2.7125000000000000e+01	6.6004773235274733e-02	2.4953550217370149e-01	0.0000000000000000e+00
2.7375000000000000e+01	1.4684254901420407e-01	2.5072402840640451e-01	0.0000000000000000e+00
2.7625000000000000e+01	1.8666786748716349e-01	2.5197044280472958e-01	0.0000000000000000e+00
2.7875000000000000e+01	1.8440436407328745e-01	2.5331664518490216e-01	0.0000000000000000e+00
2.8125000000000000e+01	1.6067826509672259e-01	2.5473970600166113e-01	0.0000000000000000e+00
2.8375000000000000e+01	1.4313535604091787e-01	2.5617823481323643e-01	0.0000000000000000e+00
2.8625000000000000e+01	1.5138295522949927e-01	2.5762283775647549e-01	0.0000000000000000e+00
2.8875000000000000e+01	1.8906926532204055e-01	2.5911439966281774e-01	0.0000000000000000e+00
2.9125000000000000e+01	2.4602657458493304e-01	2.6065823122992282e-01	0.0000000000000000e+00
2.9375000000000000e+01	3.0840817874935222e-01	2.6222850183812513e-01	0.0000000000000000e+00
2.9625000000000000e+01	3.6811969391215560e-01	2.6384447201417438e-01	0.0000000000000000e+00
2.9875000000000000e+01	4.2276476416952902e-01	2.6555515615904612e-01	0.0000000000000000e+00
3.0125000000000000e+01	4.6894705038164503e-01	2.6734576268367277e-01	0.0000000000000000e+00
3.0375000000000000e+01	4.9925069643608272e-01	2.6915684217891445e-01	0.0000000000000000e+00
3.0625000000000000e+01	5.0699434205527660e-01	2.7098622207617290e-01	0.0000000000000000e+00
3.0875000000000000e+01	4.9110743422877767e-01	2.7287397861599771e-01	0.0000000000000000e+00
3.1125000000000000e+01	4.5467758937288705e-01	2.7478468074108647e-01	0.0000000000000000e+00
3.1375000000000000e+01	3.9891630683893697e-01	2.7661401433526217e-01	0.0000000000000000e+00
3.1625000000000000e+01	3.2143708744697108e-01	2.7831568299151566e-01	0.0000000000000000e+00
3.1875000000000000e+01	2.2299483105359635e-01	2.7992182249998893e-01	0.0000000000000000e+00
3.2125000000000000e+01	1.1442713632943258e-01	2.8142965463409303e-01	0.0000000000000000e+00
3.2375000000000000e+01	1.2394289634680469e-02	2.8276924228147338e-01	0.0000000000000000e+00
3.2625000000000000e+01	-7.2080097678486332e-02	2.8390020130374022e-01	0.0000000000000000e+00
3.2875000000000000e+01	-1.3554335521639049e-01	2.8486309189672038e-01	0.0000000000000000e+00
3.3125000000000000e+01	-1.7255395183746355e-01	2.8571927893494686e-01	0.0000000000000000e+00
3.3375000000000000e+01	-1.6953723743591581e-01	2.8650663703218765e-01	0.0000000000000000e+00
3.3625000000000000e+01	-1.1333777569443285e-01	2.8726121238908281e-01	0.0000000000000000e+00
3.3875000000000000e+01	-8.8177989421038029e-03	2.8802704560138059e-01	0.0000000000000000e+00
3.4125000000000000e+01	1.1276874282295317e-01	2.8882937716943891e-01	0.0000000000000000e+00
3.4375000000000000e+01	2.0686599837960781e-01	2.8968284422847512e-01	0.0000000000000000e+00
3.4625000000000000e+01	2.4199514775341352e-01	2.9062106083977240e-01	0.0000000000000000e+00
3.4875000000000000e+01	2.1827116329020729e-01	2.9167040944452416e-01	0.0000000000000000e+00
3.5125000000000000e+01	1.6457530956889960e-01	2.9279434418988792e-01	0.0000000000000000e+00
3.5375000000000000e+01	1.1941140883352362e-01	2.9392168110310796e-01	0.0000000000000000e+00
3.5625000000000000e+01	1.0950129887703469e-01	2.9502806110185320e-01	0.0000000000000000e+00
3.5875000000000000e+01	1.3886661715676368e-01	2.9614181957052160e-01	0.0000000000000000e+00
3.6125000000000000e+01	1.9276533687184086e-01	2.9727585262021616e-01	0.0000000000000000e+00
3.6375000000000000e+01	2.5165245020532989e-01	2.9842146734661851e-01	0.0000000000000000e+00
3.6625000000000000e+01	3.0377312165039561e-01	2.9959895840809531e-01	0.0000000000000000e+00
3.6875000000000000e+01	3.4782102477370380e-01	3.0084649093071369e-01	0.0000000000000000e+00
3.7125000000000000e+01	3.8769619778102377e-01	3.0215383068093382e-01	0.0000000000000000e+00
3.7375000000000000e+01	4.2774493174425099e-01	3.0347858227838792e-01	0.0000000000000000e+00
3.7625000000000000e+01	4.7110335934808201e-01	3.0482168242402874e-01	0.0000000000000000e+00
3.7875000000000000e+01	5.1584642592235119e-01	3.0621988798345590e-01	0.0000000000000000e+00
3.8125000000000000e+01	5.4995927666346345e-01	3.0766499106025369e-01	0.0000000000000000e+00
3.8375000000000000e+01	5.5266190635817380e-01	3.0911130211846699e-01	0.0000000000000000e+00
3.8625000000000000e+01	5.0630324827969519e-01	3.1055570899461299e-01	0.0000000000000000e+00
3.8875000000000000e+01	4.1138760430403626e-01	3.1202713793006359e-01	0.0000000000000000e+00
3.9125000000000000e+01	2.9077736756426620e-01	3.1349150618480842e-01	0.0000000000000000e+00
3.9375000000000000e+01	1.7635282701859870e-01	3.1485379498938343e-01	0.0000000000000000e+00
3.9625000000000000e+01	8.9403857760261135e-02	3.1606405411196176e-01	0.0000000000000000e+00
3.9875000000000000e+01	3.5453820469002743e-02	3.1715290661164036e-01	0.0000000000000000e+00
4.0125000000000000e+01	1.5634891974835523e-02	3.1815701901977961e-01	0.0000000000000000e+00
4.0375000000000000e+01	3.7593479809407422e-02	3.1908206889944363e-01	0.0000000000000000e+00
4.0625000000000000e+01	1.1101459665451736e-01	3.1994381317982717e-01	0.0000000000000000e+00
4.0875000000000000e+01	2.3097551497670704e-01	3.2078626150058365e-01	0.0000000000000000e+00
4.1125000000000000e+01	3.6813606608371435e-01	3.2164596582947574e-01	0.0000000000000000e+00
4.1375000000000000e+01	4.8044820724269355e-01	3.2254947022624381e-01	0.0000000000000000e+00
4.1625000000000000e+01	5.3849186634002411e-01	3.2353918395517117e-01	0.0000000000000000e+00
4.1875000000000000e+01	5.4131447778723474e-01	3.2464690079157210e-01	0.0000000000000000e+00
4.2125000000000000e+01	5.1090883661411868e-01	3.2583810801430013e-01	0.0000000000000000e+00
4.2375000000000000e+01	4.7433592544893927e-01	3.2704284957531127e-01	0.0000000000000000e+00
4.2625000000000000e+01	4.4884069899513129e-01	3.2823902630892343e-01	0.0000000000000000e+00
4.2875000000000000e+01	4.3773883238545808e-01	3.2945060810165960e-01	0.0000000000000000e+00
4.3125000000000000e+01	4.3509209255187886e-01	3.3066886676360807e-01	0.0000000000000000e+00
4.3375000000000000e+01	4.3232337171513835e-01	3.3184778100645457e-01	0.0000000000000000e+00
4.3625000000000000e+01	4.2280807317323210e-01	3.3297478550313642e-01	0.0000000000000000e+00
4.3875000000000000e+01	4.0265057603501159e-01	3.3407776208904078e-01	0.0000000000000000e+00
4.4125000000000000e+01	3.6849531986117418e-01	3.3515500539947696e-01	0.0000000000000000e+00
4.4375000000000000e+01	3.1453035898898690e-01	3.3616498096125974e-01	0.0000000000000000e+00
4.4625000000000000e+01	2.3436351461847341e-01	3.3709075849609005e-01	0.0000000000000000e+00
4.4875000000000000e+01	1.3163426663357478e-01	3.3795530811582403e-01	0.0000000000000000e+00
4.5125000000000000e+01	2.9346156064623062e-02	3.3876423338269013e-01	0.0000000000000000e+00
4.5375000000000000e+01	-3.6327520560930721e-02	3.3948841223827897e-01	0.0000000000000000e+00
4.5625000000000000e+01	-3.7610724226936558e-02	3.4011327022484006e-01	0.0000000000000000e+00
4.5875000000000000e+01	2.6265573942088758e-02	3.4066481796651432e-01	0.0000000000000000e+00
4.6125000000000000e+01	1.2975578951557779e-01	3.4117925777066188e-01	0.0000000000000000e+00
4.6375000000000000e+01	2.3996750531948816e-01	3.4168404767705973e-01	0.0000000000000000e+00
4.6625000000000000e+01	3.3630721269734437e-01	3.4220860777607304e-01	0.0000000000000000e+00
4.6875000000000000e+01	4.1216505080965710e-01	3.4277973436277931e-01	0.0000000000000000e+00
4.7125000000000000e+01	4.6191575349780789e-01	3.4339989182915581e-01	0.0000000000000000e+00
4.7375000000000000e+01	4.7256540402529940e-01	3.4406119783794431e-01	0.0000000000000000e+00
4.7625000000000000e+01	4.3155107896932543e-01	3.4477557831115097e-01	0.0000000000000000e+00
4.7875000000000000e+01	3.4276458808213217e-01	3.4555481048165199e-01	0.0000000000000000e+00
4.8125000000000000e+01	2.3289592352620214e-01	3.4636158902666586e-01	0.0000000000000000e+00
4.8375000000000000e+01	1.3902668001396903e-01	3.4712386591516853e-01	0.0000000000000000e+00
4.8625000000000000e+01	8.6935502172957438e-02	3.4780207059063434e-01	0.0000000000000000e+00
4.8875000000000000e+01	7.9949991222022079e-02	3.4840898954728589e-01	0.0000000000000000e+00
4.9125000000000000e+01	1.0581608808600708e-01	3.4896450783816912e-01	0.0000000000000000e+00
4.9375000000000000e+01	1.5128658831005243e-01	3.4947156162168230e-01	0.0000000000000000e+00
4.9625000000000000e+01	2.0976064227414654e-01	3.4993798797739928e-01	0.0000000000000000e+00
4.9875000000000000e+01	2.7638762808130979e-01	3.5038734649145586e-01	0.0000000000000000e+00
5.0125000000000000e+01	3.3953557315533012e-01	3.5083935371367719e-01	0.0000000000000000e+00
5.0375000000000000e+01	3.8099922627943505e-01	3.5130686615956291e-01	0.0000000000000000e+00
5.0625000000000000e+01	3.8657899402998708e-01	3.5180987625766386e-01	0.0000000000000000e+00
5.0875000000000000e+01	3.5588560376762074e-01	3.5236284240958193e-01	0.0000000000000000e+00
5.1125000000000000e+01	3.0155534706504589e-01	3.5294511150878921e-01	0.0000000000000000e+00
5.1375000000000000e+01	2.3891253893772080e-01	3.5351404009225179e-01	0.0000000000000000e+00
5.1625000000000000e+01	1.7656133388568343e-01	3.5404941943768081e-01	0.0000000000000000e+00
5.1875000000000000e+01	1.1689604494074160e-01	3.5455845846086370e-01	0.0000000000000000e+00
5.2125000000000000e+01	6.3068774671133393e-02	3.5503786435377432e-01	0.0000000000000000e+00
5.2375000000000000e+01	2.1525963927187114e-02	3.5546312671073038e-01	0.0000000000000000e+00
5.2625000000000000e+01	-2.7027009511065357e-03	3.5581966997345499e-01	0.0000000000000000e+00
5.2875000000000000e+01	-1.0329976214918796e-02	3.5611935347964158e-01	0.0000000000000000e+00
5.3125000000000000e+01	-6.3779615675313237e-03	3.5638075706706618e-01	0.0000000000000000e+00
5.3375000000000000e+01	4.1841074520739280e-03	3.5661384011503017e-01	0.0000000000000000e+00
5.3625000000000000e+01	1.8659457526027726e-02	3.5682696764727317e-01	0.0000000000000000e+00
5.3875000000000000e+01	3.4861645081709906e-02	3.5703104931021412e-01	0.0000000000000000e+00
5.4125000000000000e+01	4.8214863854163549e-02	3.5723082485826513e-01	0.0000000000000000e+00
5.4375000000000000e+01	5.1762657132958675e-02	3.5742437671609151e-01	0.0000000000000000e+00
5.4625000000000000e+01	4.0118412071080613e-02	3.5761337606071625e-01	0.0000000000000000e+00
5.4875000000000000e+01	1.5131899639452859e-02	3.5780315856009220e-01	0.0000000000000000e+00
5.5125000000000000e+01	-1.1749424422690084e-02	3.5799159066471364e-01	0.0000000000000000e+00
5.5375000000000000e+01	-2.3415182426019143e-02	3.5816935119806015e-01	0.0000000000000000e+00
5.5625000000000000e+01	-6.3249148187233192e-03	3.5833265324470243e-01	0.0000000000000000e+00
5.5875000000000000e+01	4.1747439545940658e-02	3.5848737186261320e-01	0.0000000000000000e+00
5.6125000000000000e+01	1.1203971502320904e-01	3.5864034517637050e-01	0.0000000000000000e+00
5.6375000000000000e+01	1.9380965946462284e-01	3.5879664738083233e-01	0.0000000000000000e+00
5.6625000000000000e+01	2.8228164207002399e-01	3.5896401271060002e-01	0.0000000000000000e+00
5.6875000000000000e+01	3.7575243200068492e-01	3.5915077624444902e-01	0.0000000000000000e+00
5.7125000000000000e+01	4.6704900428551777e-01	3.5935872460328089e-01	0.0000000000000000e+00
5.7375000000000000e+01	5.4300735267723999e-01	3.5958861461072850e-01	0.0000000000000000e+00
5.7625000000000000e+01	5.9348922675086135e-01	3.5984925004481733e-01	0.0000000000000000e+00
5.7875000000000000e+01	6.1549964155610803e-01	3.6015108340259638e-01	0.0000000000000000e+00
5.8125000000000000e+01	6.0676846863479306e-01	3.6049306561698796e-01	0.0000000000000000e+00
5.8375000000000000e+01	5.5862337301001597e-01	3.6087134649108593e-01	0.0000000000000000e+00
5.8625000000000000e+01	4.6097607294715964e-01	3.6129382412597966e-01	0.0000000000000000e+00
5.8875000000000000e+01	3.2080858914742877e-01	3.6176167561043643e-01	0.0000000000000000e+00
5.9125000000000000e+01	1.7556957030664910e-01	3.6223585409322823e-01	0.0000000000000000e+00
5.9375000000000000e+01	8.1638125600531602e-02	3.6264770362854482e-01	0.0000000000000000e+00
5.9625000000000000e+01	8.1016521949869066e-02	3.6295124427510256e-01	0.0000000000000000e+00
5.9875000000000000e+01	1.7187655266172736e-01	3.6315303439936858e-01	0.0000000000000000e+00
6.0125000000000000e+01	3.0723184562374783e-01	3.6329257226660927e-01	0.0000000000000000e+00
6.0375000000000000e+01	4.2313505963384851e-01	3.6341096453091704e-01	0.0000000000000000e+00
6.0625000000000000e+01	4.7563262397630052e-01	3.6353688011033969e-01	0.0000000000000000e+00
6.0875000000000000e+01	4.6023779396503001e-01	3.6368300822174615e-01	0.0000000000000000e+00
6.1125000000000000e+01	4.0413517562884282e-01	3.6384577441635590e-01	0.0000000000000000e+00
6.1375000000000000e+01	3.4245320812960078e-01	3.6401538601241429e-01	0.0000000000000000e+00
6.1625000000000000e+01	2.9760992231912836e-01	3.6418891282067528e-01	0.0000000000000000e+00
6.1875000000000000e+01	2.7316269342651384e-01	3.6436834334528895e-01	0.0000000000000000e+00
6.2125000000000000e+01	2.6020800064571387e-01	3.6454811068992460e-01	0.0000000000000000e+00
6.2375000000000000e+01	2.4700921053045558e-01	3.6471488534987462e-01	0.0000000000000000e+00
6.2625000000000000e+01	2.2579578707995965e-01	3.6486046083816837e-01	0.0000000000000000e+00
6.2875000000000000e+01	1.9807563610044718e-01	3.6498403881406005e-01	0.0000000000000000e+00
6.3125000000000000e+01	1.7755791631937123e-01	3.6507979328922852e-01	0.0000000000000000e+00
6.3375000000000000e+01	1.8642956677820532e-01	3.6513092128919361e-01	0.0000000000000000e+00
6.3625000000000000e+01	2.4271199672300323e-01	3.6512229089145426e-01	0.0000000000000000e+00
6.3875000000000000e+01	3.4358410628173386e-01	3.6505880969167509e-01	0.0000000000000000e+00
6.4125000000000000e+01	4.5858959697689183e-01	3.6497000153223214e-01	0.0000000000000000e+00
6.4375000000000000e+01	5.4288976587317972e-01	3.6489560695555012e-01	0.0000000000000000e+00
6.4625000000000000e+01	5.6371264375778174e-01	3.6486366907160234e-01	0.0000000000000000e+00
6.4875000000000000e+01	5.1884427355622897e-01	3.6487966039121950e-01	0.0000000000000000e+00
6.5125000000000000e+01	4.3321239103248715e-01	3.6493338289616295e-01	0.0000000000000000e+00
6.5375000000000000e+01	3.3831112254697376e-01	3.6501449678880621e-01	0.0000000000000000e+00
6.5625000000000000e+01	2.5303803685198772e-01	3.6511999320789862e-01	0.0000000000000000e+00
6.5875000000000000e+01	1.8059863969226325e-01	3.6524582920979326e-01	0.0000000000000000e+00
6.6125000000000000e+01	1.1796834763337341e-01	3.6537519558918108e-01	0.0000000000000000e+00
6.6375000000000000e+01	6.3298357656739357e-02	3.6548145695408163e-01	0.0000000000000000e+00
6.6625000000000000e+01	1.5960804419619244e-02	3.6554477751653264e-01	0.0000000000000000e+00
6.6875000000000000e+01	-2.1811763352373083e-02	3.6556074441634456e-01	0.0000000000000000e+00
6.7125000000000000e+01	-3.9330643586082972e-02	3.6553178188475055e-01	0.0000000000000000e+00
6.7375000000000000e+01	-1.6591847894170373e-02	3.6545382370440610e-01	0.0000000000000000e+00
6.7625000000000000e+01	6.3927551630864651e-02	3.6531767005054960e-01	0.0000000000000000e+00
6.7875000000000000e+01	1.9619349998847152e-01	3.6512794815000865e-01	0.0000000000000000e+00
6.8125000000000000e+01	3.3934821455554526e-01	3.6491785066559246e-01	0.0000000000000000e+00
6.8375000000000000e+01	4.3282779949751704e-01	3.6473613308136882e-01	0.0000000000000000e+00
6.8625000000000000e+01	4.3192195592572868e-01	3.6461561757836219e-01	0.0000000000000000e+00
6.8875000000000000e+01	3.3786572555595029e-01	3.6455508226063343e-01	0.0000000000000000e+00
6.9125000000000000e+01	1.9883733009414972e-01	3.6452819786396201e-01	0.0000000000000000e+00
6.9375000000000000e+01	8.0750492321963116e-02	3.6450318599088949e-01	0.0000000000000000e+00
6.9625000000000000e+01	2.8949907810770559e-02	3.6445747581179372e-01	0.0000000000000000e+00
6.9875000000000000e+01	4.7507670829228910e-02	3.6438404611406344e-01	0.0000000000000000e+00
7.0125000000000000e+01	1.0663304194851224e-01	3.6428967815521512e-01	0.0000000000000000e+00
7.0375000000000000e+01	1.6714964727097048e-01	3.6418446637836721e-01	0.0000000000000000e+00
7.0625000000000000e+01	2.0310265039118180e-01	3.6407203897760076e-01	0.0000000000000000e+00
7.0875000000000000e+01	2.0946269347429367e-01	3.6395134509832977e-01	0.0000000000000000e+00
7.1125000000000000e+01	1.9531855739301870e-01	3.6382496068536541e-01	0.0000000000000000e+00
7.1375000000000000e+01	1.7238194189681164e-01	3.6369806321982739e-01	0.0000000000000000e+00
7.1625000000000000e+01	1.4814172278665105e-01	3.6357050446935757e-01	0.0000000000000000e+00
7.1875000000000000e+01	1.2794735709242544e-01	3.6343453049105584e-01	0.0000000000000000e+00
7.2125000000000000e+01	1.2107575080322687e-01	3.6327920696670007e-01	0.0000000000000000e+00
7.2375000000000000e+01	1.4265549622313611e-01	3.6308927443885775e-01	0.0000000000000000e+00
7.2625000000000000e+01	2.0597504977164502e-01	3.6284619807112600e-01	0.0000000000000000e+00
7.2875000000000000e+01	3.0804090990433730e-01	3.6254397447786313e-01	0.0000000000000000e+00
7.3125000000000000e+01	4.2212428736162572e-01	3.6220429903393586e-01	0.0000000000000000e+00
7.3375000000000000e+01	5.0874864193334302e-01	3.6186106999086831e-01	0.0000000000000000e+00
7.3625000000000000e+01	5.3938163079485935e-01	3.6153029267290526e-01	0.0000000000000000e+00
7.3875000000000000e+01	5.1291697041501927e-01	3.6120761459598766e-01	0.0000000000000000e+00
7.4125000000000000e+01	4.5230687011681719e-01	3.6089191823637634e-01	0.0000000000000000e+00
7.4375000000000000e+01	3.8684101498872842e-01	3.6059077140150458e-01	0.0000000000000000e+00
7.4625000000000000e+01	3.3550229838242979e-01	3.6030385476281962e-01	0.0000000000000000e+00
7.4875000000000000e+01	3.0413759406604085e-01	3.6001777894166043e-01	0.0000000000000000e+00
7.5125000000000000e+01	2.9418545423603898e-01	3.5971907672041059e-01	0.0000000000000000e+00
7.5375000000000000e+01	3.1030100238304564e-01	3.5939549428546408e-01	0.0000000000000000e+00
7.5625000000000000e+01	3.5770312423802531e-01	3.5902969676085672e-01	0.0000000000000000e+00
7.5875000000000000e+01	4.2984873177253541e-01	3.5861479321437462e-01	0.0000000000000000e+00
7.6125000000000000e+01	4.9954348382338482e-01	3.5817872273643886e-01	0.0000000000000000e+00
7.6375000000000000e+01	5.2598855533476985e-01	3.5777080512479675e-01	0.0000000000000000e+00
7.6625000000000000e+01	4.7786794115173414e-01	3.5741949543265045e-01	0.0000000000000000e+00
7.6875000000000000e+01	3.5876173277617662e-01	3.5711592955853028e-01	0.0000000000000000e+00
7.7125000000000000e+01	2.1380109404496891e-01	3.5683563515614408e-01	0.0000000000000000e+00
7.7375000000000000e+01	1.0785201970247946e-01	3.5655481792780264e-01	0.0000000000000000e+00
7.7625000000000000e+01	8.7732649920096745e-02	3.5624978149374520e-01	0.0000000000000000e+00
7.7875000000000000e+01	1.5597563187266211e-01	3.5590186255637168e-01	0.0000000000000000e+00
7.8125000000000000e+01	2.7444796732443827e-01	3.5550777652502374e-01	0.0000000000000000e+00
7.8375000000000000e+01	3.9275843263444205e-01	3.5506647459135615e-01	0.0000000000000000e+00
7.8625000000000000e+01	4.7829704654486971e-01	3.5456209449126264e-01	0.0000000000000000e+00
7.8875000000000000e+01	5.2626532641593959e-01	3.5398115220575854e-01	0.0000000000000000e+00
7.9125000000000000e+01	5.4897095530367079e-01	3.5334316019383377e-01	0.0000000000000000e+00
7.9375000000000000e+01	5.6048878556998172e-01	3.5268360361939582e-01	0.0000000000000000e+00
7.9625000000000000e+01	5.6895695648926126e-01	3.5201226104251587e-01	0.0000000000000000e+00
7.9875000000000000e+01	5.7435960376214024e-01	3.5132319740705586e-01	0.0000000000000000e+00
8.0125000000000000e+01	5.6781142732894163e-01	3.5064485392888750e-01	0.0000000000000000e+00
8.0375000000000000e+01	5.3319760300218044e-01	3.5003989462667029e-01	0.0000000000000000e+00
8.0625000000000000e+01	4.5572895242830630e-01	3.4954834522855233e-01	0.0000000000000000e+00
8.0875000000000000e+01	3.3569075371423246e-01	3.4916056339312196e-01	0.0000000000000000e+00
8.1125000000000000e+01	1.9503658579966776e-01	3.4884968271648575e-01	0.0000000000000000e+00
8.1375000000000000e+01	6.5891166947416535e-02	3.4860167953848487e-01	0.0000000000000000e+00
8.1625000000000000e+01	-3.0038105891326237e-02	3.4840796336539198e-01	0.0000000000000000e+00
8.1875000000000000e+01	-8.8302373201014181e-02	3.4824908427591716e-01	0.0000000000000000e+00
8.2125000000000000e+01	-1.1044931415033654e-01	3.4809521444072600e-01	0.0000000000000000e+00
8.2375000000000000e+01	-9.1833354697246072e-02	3.4791110500999645e-01	0.0000000000000000e+00
8.2625000000000000e+01	-2.4537904079995794e-02	3.4766324596456144e-01	0.0000000000000000e+00
8.2875000000000000e+01	8.8298520713382081e-02	3.4733252725037472e-01	0.0000000000000000e+00
8.3125000000000000e+01	2.2452888534218593e-01	3.4691950302566626e-01	0.0000000000000000e+00
8.3375000000000000e+01	3.5369783350589779e-01	3.4642115457006462e-01	0.0000000000000000e+00
8.3625000000000000e+01	4.5623248387302751e-01	3.4581450477650116e-01	0.0000000000000000e+00
8.3875000000000000e+01	5.2948527512430410e-01	3.4508618344280623e-01	0.0000000000000000e+00
8.4125000000000000e+01	5.7726959613572582e-01	3.4427157375700163e-01	0.0000000000000000e+00
8.4375000000000000e+01	5.9967372893597159e-01	3.4342653750841301e-01	0.0000000000000000e+00
8.4625000000000000e+01	5.9463282583348831e-01	3.4256814937727148e-01	0.0000000000000000e+00
8.4875000000000000e+01	5.6594092338460866e-01	3.4167985465259681e-01	0.0000000000000000e+00
8.5125000000000000e+01	5.2662037048966848e-01	3.4076869152987183e-01	0.0000000000000000e+00
8.5375000000000000e+01	4.9359770322174246e-01	3.3986465129465376e-01	0.0000000000000000e+00
8.5625000000000000e+01	4.7848964230191454e-01	3.3896969596918708e-01	0.0000000000000000e+00
8.5875000000000000e+01	4.8226203098613141e-01	3.3805711633419744e-01	0.0000000000000000e+00
8.6125000000000000e+01	4.9726399291001355e-01	3.3712372618577424e-01	0.0000000000000000e+00
8.6375000000000000e+01	5.1378109435322039e-01	3.3618808314313997e-01	0.0000000000000000e+00
8.6625000000000000e+01	5.2582759190651140e-01	3.3524176297977260e-01	0.0000000000000000e+00
8.6875000000000000e+01	5.3347052556971286e-01	3.3425138171514401e-01	0.0000000000000000e+00
8.7125000000000000e+01	5.4189386971368703e-01	3.3320970946748180e-01	0.0000000000000000e+00
8.7375000000000000e+01	5.5891658889750817e-01	3.3212688173479066e-01	0.0000000000000000e+00
8.7625000000000000e+01	5.9102399730925870e-01	3.3098149399529914e-01	0.0000000000000000e+00
8.7875000000000000e+01	6.3790464162017291e-01	3.2973886004653680e-01	0.0000000000000000e+00
8.8125000000000000e+01	6.8958019728845377e-01	3.2841736165524182e-01	0.0000000000000000e+00
8.8375000000000000e+01	7.3061105302948026e-01	3.2706763009524326e-01	0.0000000000000000e+00
8.8625000000000000e+01	7.4933030629786423e-01	3.2569510220200593e-01	0.0000000000000000e+00
8.8875000000000000e+01	7.4239019206219259e-01	3.2427655395704708e-01	0.0000000000000000e+00
8.9125000000000000e+01	7.1066362975512121e-01	3.2285379291487676e-01	0.0000000000000000e+00
8.9375000000000000e+01	6.5190060376141457e-01	3.2152868879468727e-01	0.0000000000000000e+00
8.9625000000000000e+01	5.6080851769346940e-01	3.2035733804133815e-01	0.0000000000000000e+00
8.9875000000000000e+01	4.3995292842637551e-01	3.1931768843846259e-01	0.0000000000000000e+00
9.0125000000000000e+01	3.0918822442958904e-01	3.1838759629478369e-01	0.0000000000000000e+00
9.0375000000000000e+01	1.9850223245507237e-01	3.1758560918986217e-01	0.0000000000000000e+00
9.0625000000000000e+01	1.2868549359278725e-01	3.1692279532572126e-01	0.0000000000000000e+00
9.0875000000000000e+01	1.0012167551917631e-01	3.1636840372235681e-01	0.0000000000000000e+00
9.1125000000000000e+01	9.8795134635548301e-02	3.1587957241745285e-01	0.0000000000000000e+00
9.1375000000000000e+01	1.0939844598225464e-01	3.1542658899141507e-01	0.0000000000000000e+00
9.1625000000000000e+01	1.2300896006085545e-01	3.1498308384435675e-01	0.0000000000000000e+00
9.1875000000000000e+01	1.3715745433036569e-01	3.1452325553265748e-01	0.0000000000000000e+00
9.2125000000000000e+01	1.5276556318487014e-01	3.1403759026474792e-01	0.0000000000000000e+00
9.2375000000000000e+01	1.7216898910083550e-01	3.1352437408817241e-01	0.0000000000000000e+00
9.2625000000000000e+01	1.9786773941974933e-01	3.1296747344858272e-01	0.0000000000000000e+00
9.2875000000000000e+01	2.3034963988453683e-01	3.1234617856228925e-01	0.0000000000000000e+00
9.3125000000000000e+01	2.6632871434213751e-01	3.1166438343671915e-01	0.0000000000000000e+00
9.3375000000000000e+01	3.0072044884386662e-01	3.1093486131867581e-01	0.0000000000000000e+00
9.3625000000000000e+01	3.3070352408378206e-01	3.1014394655792898e-01	0.0000000000000000e+00
9.3875000000000000e+01	3.5743381417542919e-01	3.0926580264960885e-01	0.0000000000000000e+00
9.4125000000000000e+01	3.8449371827991041e-01	3.0830688536398393e-01	0.0000000000000000e+00
9.4375000000000000e+01	4.1620725578192852e-01	3.0728744072263631e-01	0.0000000000000000e+00
9.4625000000000000e+01	4.5614373740553621e-01	3.0619289833614471e-01	0.0000000000000000e+00
9.4875000000000000e+01	5.0262935582246482e-01	3.0499781644258755e-01	0.0000000000000000e+00
9.5125000000000000e+01	5.4421187682548688e-01	3.0373537884585233e-01	0.0000000000000000e+00
9.5375000000000000e+01	5.6223205140367516e-01	3.0247605738971617e-01	0.0000000000000000e+00
9.5625000000000000e+01	5.4213609524227668e-01	3.0124228899384253e-01	0.0000000000000000e+00
9.5875000000000000e+01	4.8656196465711238e-01	3.0000437938088714e-01	0.0000000000000000e+00
9.6125000000000000e+01	4.1902677901398538e-01	2.9875796866160653e-01	0.0000000000000000e+00
9.6375000000000000e+01	3.7295752780957103e-01	2.9753106147408581e-01	0.0000000000000000e+00
9.6625000000000000e+01	3.7218574751548167e-01	2.9632013917216510e-01	0.0000000000000000e+00
9.6875000000000000e+01	4.1521851474173277e-01	2.9509250669607406e-01	0.0000000000000000e+00
9.7125000000000000e+01	4.7417491186623967e-01	2.9385941586465808e-01	0.0000000000000000e+00
9.7375000000000000e+01	5.0944487997741095e-01	2.9267474122317849e-01	0.0000000000000000e+00
9.7625000000000000e+01	4.9206765876398967e-01	2.9155797519388560e-01	0.0000000000000000e+00
9.7875000000000000e+01	4.2085296655718485e-01	2.9048319937975836e-01	0.0000000000000000e+00
9.8125000000000000e+01	3.2287220031922231e-01	2.8944965904697578e-01	0.0000000000000000e+00
9.8375000000000000e+01	2.3604206725523386e-01	2.8849619783708391e-01	0.0000000000000000e+00
9.8625000000000000e+01	1.8625912873841249e-01	2.8763855551248191e-01	0.0000000000000000e+00
9.8875000000000000e+01	1.7666336652606618e-01	2.8684466262325664e-01	0.0000000000000000e+00
9.9125000000000000e+01	1.9411990647528765e-01	2.8607933477718328e-01	0.0000000000000000e+00
9.9375000000000000e+01	2.2309020369525873e-01	2.8532235164741115e-01	0.0000000000000000e+00
9.9625000000000000e+01	2.5446600807878633e-01	2.8454451635376460e-01	0.0000000000000000e+00
9.9875000000000000e+01	2.8489080421881091e-01	2.8371550403764090e-01	0.0000000000000000e+00
1.0012500000000000e+02	3.1160523149810720e-01	2.8284343198580369e-01	0.0000000000000000e+00
1.0037500000000000e+02	3.3014913946552488e-01	2.8196020968999536e-01	0.0000000000000000e+00
1.0062500000000000e+02	3.3682907832835590e-01	2.8106919967844740e-01	0.0000000000000000e+00
1.0087500000000000e+02	3.3143308744493238e-01	2.8015258655524494e-01	0.0000000000000000e+00
1.0112500000000000e+02	3.1649388109793714e-01	2.7922996048354365e-01	0.0000000000000000e+00
1.0137500000000000e+02	2.9409570379052213e-01	2.7835612984862773e-01	0.0000000000000000e+00
1.0162500000000000e+02	2.6438410577856974e-01	2.7755784195496486e-01	0.0000000000000000e+00
1.0187500000000000e+02	2.2772759457382327e-01	2.7682011311550270e-01	0.0000000000000000e+00
1.0212500000000000e+02	1.8744557877312043e-01	2.7613946341030893e-01	0.0000000000000000e+00
1.0237500000000000e+02	1.4852443886855121e-01	2.7554349740589412e-01	0.0000000000000000e+00
1.0262500000000000e+02	1.1382039433703955e-01	2.7504933626776373e-01	0.0000000000000000e+00
1.0287500000000000e+02	8.3237370018188289e-02	2.7463975758359382e-01	0.0000000000000000e+00
1.0312500000000000e+02	5.6490664314595221e-02	2.7428980715128770e-01	0.0000000000000000e+00
1.0337500000000000e+02	3.4810632521759581e-02	2.7398772968076035e-01	0.0000000000000000e+00
1.0362500000000000e+02	1.9617775405381149e-02	2.7372316071276181e-01	0.0000000000000000e+00
1.0387500000000000e+02	1.2210556088130499e-02	2.7347332783488415e-01	0.0000000000000000e+00
1.0412500000000000e+02	1.5988885669776496e-02	2.7320669331405323e-01	0.0000000000000000e+00
1.0437500000000000e+02	3.8176651944954294e-02	2.7288335208254966e-01	0.0000000000000000e+00
1.0462500000000000e+02	8.6286909252750552e-02	2.7245943483860258e-01	0.0000000000000000e+00
1.0487500000000000e+02	1.6045066316030412e-01	2.7190717594322927e-01	0.0000000000000000e+00
1.0512500000000000e+02	2.4957000427539269e-01	2.7122789334689934e-01	0.0000000000000000e+00
1.0537500000000000e+02	3.3773679267493428e-01	2.7041868740530739e-01	0.0000000000000000e+00
1.0562500000000000e+02	4.1469764304208967e-01	2.6944649186199504e-01	0.0000000000000000e+00
1.0587500000000000e+02	4.7592056595759386e-01	2.6829862701836954e-01	0.0000000000000000e+00
1.0612500000000000e+02	5.1281389161237367e-01	2.6705228936018827e-01	0.0000000000000000e+00
1.0637500000000000e+02	5.0792108423025573e-01	2.6583417047149022e-01	0.0000000000000000e+00
1.0662500000000000e+02	4.4532325614499790e-01	2.6471107821640150e-01	0.0000000000000000e+00
1.0687500000000000e+02	3.3004293540051910e-01	2.6367077350553336e-01	0.0000000000000000e+00
1.0712500000000000e+02	1.9704756390772590e-01	2.6270403454717356e-01	0.0000000000000000e+00
1.0737500000000000e+02	9.6718160974518130e-02	2.6183708085380036e-01	0.0000000000000000e+00
1.0762500000000000e+02	6.5247203567995432e-02	2.6107922735701050e-01	0.0000000000000000e+00
1.0787500000000000e+02	1.0388509876458764e-01	2.6039066591214771e-01	0.0000000000000000e+00
1.0812500000000000e+02	1.8251591507973705e-01	2.5971318148998629e-01	0.0000000000000000e+00
1.0837500000000000e+02	2.6219933180648691e-01	2.5898700849492146e-01	0.0000000000000000e+00
1.0862500000000000e+02	3.1808083890685918e-01	2.5814712717502303e-01	0.0000000000000000e+00
1.0887500000000000e+02	3.4813820392155137e-01	2.5714932710074007e-01	0.0000000000000000e+00
1.0912500000000000e+02	3.6702618979535639e-01	2.5600415036564794e-01	0.0000000000000000e+00
1.0937500000000000e+02	3.9482438956863469e-01	2.5473244596610367e-01	0.0000000000000000e+00
1.0962500000000000e+02	4.4663816835747794e-01	2.5330547631117206e-01	0.0000000000000000e+00
1.0987500000000000e+02	5.2338736061901314e-01	2.5168531286012896e-01	0.0000000000000000e+00
1.1012500000000000e+02	6.0826550908969690e-01	2.4991176279315050e-01	0.0000000000000000e+00
1.1037500000000000e+02	6.7518800160892223e-01	2.4806086888042164e-01	0.0000000000000000e+00
1.1062500000000000e+02	7.0526255683496730e-01	2.4613774684481166e-01	0.0000000000000000e+00
1.1087500000000000e+02	6.9710969253725774e-01	2.4410377775774666e-01	0.0000000000000000e+00
1.1112500000000000e+02	6.6337650294376727e-01	2.4200347435076808e-01	0.0000000000000000e+00
1.1137500000000000e+02	6.1901212586768906e-01	2.3994678139350201e-01	0.0000000000000000e+00
1.1162500000000000e+02	5.7275966578726190e-01	2.3797098441760564e-01	0.0000000000000000e+00
1.1187500000000000e+02	5.2887980468094653e-01	2.3602317789102933e-01	0.0000000000000000e+00
1.1212500000000000e+02	4.9423507405381312e-01	2.3408011286921232e-01	0.0000000000000000e+00
1.1237500000000000e+02	4.8042308200932149e-01	2.3216598757609641e-01	0.0000000000000000e+00
1.1262500000000000e+02	4.9701572918991904e-01	2.3025999619555432e-01	0.0000000000000000e+00
1.1287500000000000e+02	5.4160434462018270e-01	2.2829955400234911e-01	0.0000000000000000e+00
1.1312500000000000e+02	5.9660792330403656e-01	2.2628672256462934e-01	0.0000000000000000e+00
1.1337500000000000e+02	6.3733871188884494e-01	2.2427668178968349e-01	0.0000000000000000e+00
1.1362500000000000e+02	6.4629580367040240e-01	2.2226592069597001e-01	0.0000000000000000e+00
1.1387500000000000e+02	6.2352222011672842e-01	2.2019873919779714e-01	0.0000000000000000e+00
1.1412500000000000e+02	5.8588004269873128e-01	2.1808750179773337e-01	0.0000000000000000e+00
1.1437500000000000e+02	5.5625679232784975e-01	2.1600586640070549e-01	0.0000000000000000e+00
1.1462500000000000e+02	5.5005640407430945e-01	2.1396736265481300e-01	0.0000000000000000e+00
1.1487500000000000e+02	5.6570338502285444e-01	2.1192870390086407e-01	0.0000000000000000e+00
1.1512500000000000e+02	5.8394635986808519e-01	2.0992190073355491e-01	0.0000000000000000e+00
1.1537500000000000e+02	5.7622936938217861e-01	2.0806208791430042e-01	0.0000000000000000e+00
1.1562500000000000e+02	5.2010692078576293e-01	2.0641061208570688e-01	0.0000000000000000e+00
1.1587500000000000e+02	4.1512306354818429e-01	2.0493384749324331e-01	0.0000000000000000e+00
1.1612500000000000e+02	2.8704827389992288e-01	2.0361108117916710e-01	0.0000000000000000e+00
1.1637500000000000e+02	1.7319424714229728e-01	2.0248490717289014e-01	0.0000000000000000e+00
1.1662500000000000e+02	9.9246962714882425e-02	2.0158261089542823e-01	0.0000000000000000e+00
1.1687500000000000e+02	6.9385076320667927e-02	2.0085402354449963e-01	0.0000000000000000e+00
1.1712500000000000e+02	7.5531274891417768e-02	2.0020548028500437e-01	0.0000000000000000e+00
1.1737500000000000e+02	1.1150036795097912e-01	1.9954329111224076e-01	0.0000000000000000e+00
1.1762500000000000e+02	1.7615347459664590e-01	1.9878759576394389e-01	0.0000000000000000e+00
1.1787500000000000e+02	2.6282292958980302e-01	1.9790268274707554e-01	0.0000000000000000e+00
1.1812500000000000e+02	3.4887050676917714e-01	1.9693031348968004e-01	0.0000000000000000e+00
1.1837500000000000e+02	4.0021069957328326e-01	1.9594891167122305e-01	0.0000000000000000e+00
1.1862500000000000e+02	3.9075555333360373e-01	1.9499470023900847e-01	0.0000000000000000e+00
1.1887500000000000e+02	3.2068025654247145e-01	1.9406514600832495e-01	0.0000000000000000e+00
1.1912500000000000e+02	2.1728827656430369e-01	1.9319444550942530e-01	0.0000000000000000e+00
1.1937500000000000e+02	1.1702501639771072e-01	1.9246775982002173e-01	0.0000000000000000e+00
1.1962500000000000e+02	4.3707087120353490e-02	1.9194583382574784e-01	0.0000000000000000e+00
1.1987500000000000e+02	1.3449509437745682e-03	1.9161198778133187e-01	0.0000000000000000e+00
1.2012500000000000e+02	-1.6746245788048997e-02	1.9140149305787796e-01	0.0000000000000000e+00
1.2037500000000000e+02	-1.6525770765583151e-02	1.9125392230363747e-01	0.0000000000000000e+00
1.2062500000000000e+02	-5.1925079358498773e-04	1.9113189588899143e-01	0.0000000000000000e+00
1.2087500000000000e+02	2.7040679820150907e-02	1.9101683468292244e-01	0.0000000000000000e+00
1.2112500000000000e+02	5.5644570292726618e-02	1.9090410105794503e-01	0.0000000000000000e+00
1.2137500000000000e+02	7.0624066463105151e-02	1.9079611986081982e-01	0.0000000000000000e+00
1.2162500000000000e+02	6.1228893900191782e-02	1.9069284383571683e-01	0.0000000000000000e+00
1.2187500000000000e+02	2.9348180747713819e-02	1.9058887133472427e-01	0.0000000000000000e+00
1.2212500000000000e+02	-8.3098437168787499e-03	1.9047743939315567e-01	0.0000000000000000e+00
1.2237500000000000e+02	-2.7611422323825543e-02	1.9035025320874763e-01	0.0000000000000000e+00
1.2262500000000000e+02	-1.0774862715692078e-02	1.9019611486909388e-01	0.0000000000000000e+00
1.2287500000000000e+02	4.1074816543434672e-02	1.9000602839863531e-01	0.0000000000000000e+00
1.2312500000000000e+02	1.0567510621848966e-01	1.8977880059396218e-01	0.0000000000000000e+00
1.2337500000000000e+02	1.5124305221640250e-01	1.8951083695179430e-01	0.0000000000000000e+00
1.2362500000000000e+02	1.5539875406507411e-01	1.8918682822724905e-01	0.0000000000000000e+00
1.2387500000000000e+02	1.2008461099466305e-01	1.8878856464864224e-01	0.0000000000000000e+00
1.2412500000000000e+02	7.2715213910225854e-02	1.8830732398953667e-01	0.0000000000000000e+00
1.2437500000000000e+02	5.2799436362308431e-02	1.8772456634832896e-01	0.0000000000000000e+00
1.2462500000000000e+02	9.0259940143392683e-02	1.8699796713793446e-01	0.0000000000000000e+00
1.2487500000000000e+02	1.8780479892441138e-01	1.8608688833975259e-01	0.0000000000000000e+00
1.2512500000000000e+02	3.1996226067402617e-01	1.8498035331040127e-01	0.0000000000000000e+00
1.2537500000000000e+02	4.5144893882563719e-01	1.8365422130390444e-01	0.0000000000000000e+00
1.2562500000000000e+02	5.5947440282524086e-01	1.8203951315500697e-01	0.0000000000000000e+00
1.2587500000000000e+02	6.3781090388504713e-01	1.8011077729919381e-01	0.0000000000000000e+00
1.2612500000000000e+02	6.8318102154353455e-01	1.7799818265950335e-01	0.0000000000000000e+00
1.2637500000000000e+02	6.8449155242089643e-01	1.7591378143557423e-01	0.0000000000000000e+00
1.2662500000000000e+02	6.2956287584893045e-01	1.7396816280462826e-01	0.0000000000000000e+00
1.2687500000000000e+02	5.2193324315214462e-01	1.7214968307677850e-01	0.0000000000000000e+00
1.2712500000000000e+02	3.8808718313688995e-01	1.7047399100154592e-01	0.0000000000000000e+00
1.2737500000000000e+02	2.6421618526180973e-01	1.6903685787523254e-01	0.0000000000000000e+00
1.2762500000000000e+02	1.7413368907836180e-01	1.6790196895500301e-01	0.0000000000000000e+00
1.2787500000000000e+02	1.2047441493853792e-01	1.6702411673784004e-01	0.0000000000000000e+00
1.2812500000000000e+02	9.4139143418229515e-02	1.6630619935056309e-01	0.0000000000000000e+00
1.2837500000000000e+02	8.7228088947213178e-02	1.6566530032582183e-01	0.0000000000000000e+00
1.2862500000000000e+02	9.6742741339584368e-02	1.6503532507778398e-01	0.0000000000000000e+00
1.2887500000000000e+02	1.2199455456432176e-01	1.6435453694697300e-01	0.0000000000000000e+00
1.2912500000000000e+02	1.6326693282573498e-01	1.6356841836067124e-01	0.0000000000000000e+00
1.2937500000000000e+02	2.2382394999658636e-01	1.6260651021671083e-01	0.0000000000000000e+00
1.2962500000000000e+02	3.0881994737769836e-01	1.6137763229874075e-01	0.0000000000000000e+00
1.2987500000000000e+02	4.1604001349838510e-01	1.5984012162939459e-01	0.0000000000000000e+00
1.3012500000000000e+02	5.2720444903669927e-01	1.5806950300395245e-01	0.0000000000000000e+00
1.3037500000000000e+02	6.1349376771032449e-01	1.5618060434092995e-01	0.0000000000000000e+00
1.3062500000000000e+02	6.5352297149388350e-01	1.5420227738225040e-01	0.0000000000000000e+00
1.3087500000000000e+02	6.4517027498541768e-01	1.5211479246901630e-01	0.0000000000000000e+00
1.3112500000000000e+02	6.0068084534444310e-01	1.4999587028729808e-01	0.0000000000000000e+00
1.3137500000000000e+02	5.3262407596522443e-01	1.4800854371187547e-01	0.0000000000000000e+00
1.3162500000000000e+02	4.4652489860685912e-01	1.4623947726084574e-01	0.0000000000000000e+00
1.3187500000000000e+02	3.4850297352606824e-01	1.4464642186900173e-01	0.0000000000000000e+00
1.3212500000000000e+02	2.5706054685688695e-01	1.4316949263589057e-01	0.0000000000000000e+00
1.3237500000000000e+02	2.0148940319773023e-01	1.4178879429407196e-01	0.0000000000000000e+00
1.3262500000000000e+02	2.0431763098773478e-01	1.4047170125956762e-01	0.0000000000000000e+00
1.3287500000000000e+02	2.6299765222292709e-01	1.3915917581685741e-01	0.0000000000000000e+00
1.3312500000000000e+02	3.4773720669390024e-01	1.3782679942174461e-01	0.0000000000000000e+00
1.3337500000000000e+02	4.1804229833942269e-01	1.3648184921997045e-01	0.0000000000000000e+00
1.3362500000000000e+02	4.4583342466812675e-01	1.3510108765219697e-01	0.0000000000000000e+00
1.3387500000000000e+02	4.2846671375208278e-01	1.3364797796252717e-01	0.0000000000000000e+00
1.3412500000000000e+02	3.8438081532994917e-01	1.3215635258695801e-01	0.0000000000000000e+00
1.3437500000000000e+02	3.3769444142855776e-01	1.3071323290941894e-01	0.0000000000000000e+00
1.3462500000000000e+02	3.0408692381272379e-01	1.2935428045344602e-01	0.0000000000000000e+00
1.3487500000000000e+02	2.8697983789989168e-01	1.2804420866481703e-01	0.0000000000000000e+00
1.3512500000000000e+02	2.8291683765008624e-01	1.2675988572227620e-01	0.0000000000000000e+00
1.3537500000000000e+02	2.8822117687975601e-01	1.2551135942880465e-01	0.0000000000000000e+00
1.3562500000000000e+02	3.0101192741398997e-01	1.2428447136555278e-01	0.0000000000000000e+00
1.3587500000000000e+02	3.1808270371108993e-01	1.2304307336032998e-01	0.0000000000000000e+00
1.3612500000000000e+02	3.3140549182790685e-01	1.2180064220642323e-01	0.0000000000000000e+00
1.3637500000000000e+02	3.2899010096191106e-01	1.2061586129220013e-01	0.0000000000000000e+00
1.3662500000000000e+02	3.0139605413626547e-01	1.1951021963536571e-01	0.0000000000000000e+00
1.3687500000000000e+02	2.5102056605417250e-01	1.1844587116871935e-01	0.0000000000000000e+00
1.3712500000000000e+02	1.9617737761403986e-01	1.1738605363687499e-01	0.0000000000000000e+00
1.3737500000000000e+02	1.6421153973314559e-01	1.1630878636496794e-01	0.0000000000000000e+00
1.3762500000000000e+02	1.7599560466235015e-01	1.1516958884153206e-01	0.0000000000000000e+00
1.3787500000000000e+02	2.3320138069311416e-01	1.1390902447778664e-01	0.0000000000000000e+00
1.3812500000000000e+02	3.1863217288805684e-01	1.1249931620528936e-01	0.0000000000000000e+00
1.3837500000000000e+02	4.0978949535661491e-01	1.1091312276722767e-01	0.0000000000000000e+00
1.3862500000000000e+02	4.9311401822875722e-01	1.0907624828983875e-01	0.0000000000000000e+00
1.3887500000000000e+02	5.6490365685950983e-01	1.0693776373073913e-01	0.0000000000000000e+00
1.3912500000000000e+02	6.2164444483100001e-01	1.0458020837274638e-01	0.0000000000000000e+00
1.3937500000000000e+02	6.5489411997537483e-01	1.0214591412866414e-01	0.0000000000000000e+00
1.3962500000000000e+02	6.5739617156807562e-01	9.9671730973085917e-02	0.0000000000000000e+00
1.3987500000000000e+02	6.3299045772004969e-01	9.7101319072341971e-02	0.0000000000000000e+00
1.4012500000000000e+02	5.9937015795690984e-01	9.4443214717545076e-02	0.0000000000000000e+00
1.4037500000000000e+02	5.8058652821339252e-01	9.1765776223605752e-02	0.0000000000000000e+00
1.4062500000000000e+02	5.9393352148753409e-01	8.9058788906277261e-02	0.0000000000000000e+00
1.4087500000000000e+02	6.3862399282280691e-01	8.6255670954603528e-02	0.0000000000000000e+00
1.4112500000000000e+02	6.9414083288071882e-01	8.3402281107136739e-02	0.0000000000000000e+00
1.4137500000000000e+02	7.3052986694158295e-01	8.0642019965672829e-02	0.0000000000000000e+00
1.4162500000000000e+02	7.2541029598323803e-01	7.8030963031001793e-02	0.0000000000000000e+00
1.4187500000000000e+02	6.7567337011679129e-01	7.5516735321009762e-02	0.0000000000000000e+00
1.4212500000000000e+02	5.9550830465179416e-01	7.3110069777113165e-02	0.0000000000000000e+00
1.4237500000000000e+02	5.0300591604978306e-01	7.0919876308630683e-02	0.0000000000000000e+00
1.4262500000000000e+02	4.0858173923241603e-01	6.8998522240338714e-02	0.0000000000000000e+00
1.4287500000000000e+02	3.1891077763058817e-01	6.7268162546984825e-02	0.0000000000000000e+00
1.4312500000000000e+02	2.4978275160593999e-01	6.5616250584868835e-02	0.0000000000000000e+00
1.4337500000000000e+02	2.2866365820908274e-01	6.3950224059267674e-02	0.0000000000000000e+00
1.4362500000000000e+02	2.7843408932729563e-01	6.2169499126564366e-02	0.0000000000000000e+00
1.4387500000000000e+02	3.9397317544765570e-01	6.0204968080255432e-02	0.0000000000000000e+00
1.4412500000000000e+02	5.3415129945195761e-01	5.8109800071956298e-02	0.0000000000000000e+00
1.4437500000000000e+02	6.4049261813391045e-01	5.6005490706340290e-02	0.0000000000000000e+00
1.4462500000000000e+02	6.7092342329468213e-01	5.3935282720618503e-02	0.0000000000000000e+00
1.4487500000000000e+02	6.2193279483708752e-01	5.1871030903148103e-02	0.0000000000000000e+00
1.4512500000000000e+02	5.2333192241238347e-01	4.9859553076503825e-02	0.0000000000000000e+00
1.4537500000000000e+02	4.1310300308387382e-01	4.8036557698973345e-02	0.0000000000000000e+00
1.4562500000000000e+02	3.1471295072852756e-01	4.6479503470704467e-02	0.0000000000000000e+00
1.4587500000000000e+02	2.3515129004078517e-01	4.5139947433652815e-02	0.0000000000000000e+00
1.4612500000000000e+02	1.7837247492979136e-01	4.3932446418693247e-02	0.0000000000000000e+00
1.4637500000000000e+02	1.5403096722126938e-01	4.2798465878547985e-02	0.0000000000000000e+00
1.4662500000000000e+02	1.7128872393601943e-01	4.1681761796886450e-02	0.0000000000000000e+00
1.4687500000000000e+02	2.2575145157892668e-01	4.0528125190276584e-02	0.0000000000000000e+00
1.4712500000000000e+02	2.9469511205005394e-01	3.9333717790113631e-02	0.0000000000000000e+00
1.4737500000000000e+02	3.4693885076794112e-01	3.8127422564421823e-02	0.0000000000000000e+00
1.4762500000000000e+02	3.6053335115375312e-01	3.6902645400807489e-02	0.0000000000000000e+00
1.4787500000000000e+02	3.3521337769128556e-01	3.5624279761126268e-02	0.0000000000000000e+00
1.4812500000000000e+02	2.9102758108546795e-01	3.4300856664124461e-02	0.0000000000000000e+00
1.4837500000000000e+02	2.5536936835043189e-01	3.2974098032378961e-02	0.0000000000000000e+00
1.4862500000000000e+02	2.4734702581358584e-01	3.1642617896596177e-02	0.0000000000000000e+00
1.4887500000000000e+02	2.6895560021656911e-01	3.0261310862116975e-02	0.0000000000000000e+00
1.4912500000000000e+02	3.0727803101485524e-01	2.8814763961106118e-02	0.0000000000000000e+00
1.4937500000000000e+02	3.4500494414467314e-01	2.7308784729884215e-02	0.0000000000000000e+00
1.4962500000000000e+02	3.7126532194562423e-01	2.5705480610534730e-02	0.0000000000000000e+00
1.4987500000000000e+02	3.8669411292466238e-01	2.3945438294530632e-02	0.0000000000000000e+00
1.5012500000000000e+02	4.0178406894665436e-01	2.2032256335293484e-02	0.0000000000000000e+00
1.5037500000000000e+02	4.3152351693346153e-01	1.9998167285452267e-02	0.0000000000000000e+00
1.5062500000000000e+02	4.8746727998575295e-01	1.7811600408331921e-02	0.0000000000000000e+00
1.5087500000000000e+02	5.6622739657572696e-01	1.5434841178576811e-02	0.0000000000000000e+00
1.5112500000000000e+02	6.4229249480751860e-01	1.2972835678153509e-02	0.0000000000000000e+00
1.5137500000000000e+02	6.7578985634737720e-01	1.0633325424669023e-02	0.0000000000000000e+00
1.5162500000000000e+02	6.3551814142724283e-01	8.5294937875777868e-03	0.0000000000000000e+00
1.5187500000000000e+02	5.2211633881386199e-01	6.6335762936975268e-03	0.0000000000000000e+00
1.5212500000000000e+02	3.7185836012214496e-01	4.9264206847401508e-03	0.0000000000000000e+00
1.5237500000000000e+02	2.3489948524623661e-01	3.4672004753018705e-03	0.0000000000000000e+00
1.5262500000000000e+02	1.4484645923929976e-01	2.2943654616987704e-03	0.0000000000000000e+00
1.5287500000000000e+02	1.0553182264344974e-01	1.3513921966261814e-03	0.0000000000000000e+00
1.5312500000000000e+02	1.0134874044895825e-01	5.3786037339715741e-04	0.0000000000000000e+00
1.5337500000000000e+02	1.1518340816810176e-01	-2.3439333770657251e-04	0.0000000000000000e+00
1.5362500000000000e+02	1.3762378413056048e-01	-1.0400732980274880e-03	0.0000000000000000e+00
1.5387500000000000e+02	1.6595815436661759e-01	-1.9350151793656996e-03	0.0000000000000000e+00
1.5412500000000000e+02	2.0023337970210439e-01	-2.9345185455651700e-03	0.0000000000000000e+00
1.5437500000000000e+02	2.4188168990214706e-01	-4.0451139002601472e-03	0.0000000000000000e+00
1.5462500000000000e+02	2.9298826267080941e-01	-5.3065570358312919e-03	0.0000000000000000e+00
1.5487500000000000e+02	3.5101741946185522e-01	-6.7455960692898755e-03	0.0000000000000000e+00
1.5512500000000000e+02	4.0263728978575691e-01	-8.2941810085415020e-03	0.0000000000000000e+00
1.5537500000000000e+02	4.2612546669102902e-01	-9.8322129818712595e-03	0.0000000000000000e+00
1.5562500000000000e+02	4.0454741710029807e-01	-1.1309101329878741e-02	0.0000000000000000e+00
1.5587500000000000e+02	3.4119976990132317e-01	-1.2761499630405035e-02	0.0000000000000000e+00
1.5612500000000000e+02	2.6392252347065248e-01	-1.4221343751007200e-02	0.0000000000000000e+00
1.5637500000000000e+02	2.1249711562906295e-01	-1.5697658762868515e-02	0.0000000000000000e+00
1.5662500000000000e+02	2.1601468632998277e-01	-1.7233120859769930e-02	0.0000000000000000e+00
1.5687500000000000e+02	2.7578727569862022e-01	-1.8891113365278413e-02	0.0000000000000000e+00
1.5712500000000000e+02	3.6609913584318410e-01	-2.0679811693845154e-02	0.0000000000000000e+00
1.5737500000000000e+02	4.5220088464679042e-01	-2.2582918072981177e-02	0.0000000000000000e+00
1.5762500000000000e+02	5.1139914919103024e-01	-2.4643805740241449e-02	0.0000000000000000e+00
1.5787500000000000e+02	5.4159090260168985e-01	-2.6920411351316013e-02	0.0000000000000000e+00
1.5812500000000000e+02	5.5479818699092120e-01	-2.9362338789403204e-02	0.0000000000000000e+00
1.5837500000000000e+02	5.6578950405330120e-01	-3.1858020484648072e-02	0.0000000000000000e+00
1.5862500000000000e+02	5.8419505353934120e-01	-3.4386232312119618e-02	0.0000000000000000e+00
1.5887500000000000e+02	6.0970152804426536e-01	-3.6991509707973484e-02	0.0000000000000000e+00
1.5912500000000000e+02	6.3030962079831176e-01	-3.9612802190566752e-02	0.0000000000000000e+00
1.5937500000000000e+02	6.2639704745722224e-01	-4.2089237528993760e-02	0.0000000000000000e+00
1.5962500000000000e+02	5.8202129197542829e-01	-4.4343068709937004e-02	0.0000000000000000e+00
1.5987500000000000e+02	4.9857241190251883e-01	-4.6428428960478024e-02	0.0000000000000000e+00
1.6012500000000000e+02	3.9949963037193231e-01	-4.8390069028876256e-02	0.0000000000000000e+00
1.6037500000000000e+02	3.1867153683907684e-01	-5.0208016348394294e-02	0.0000000000000000e+00
1.6062500000000000e+02	2.7978131891810598e-01	-5.1889646898711672e-02	0.0000000000000000e+00
1.6087500000000000e+02	2.8366685762717286e-01	-5.3498861304852631e-02	0.0000000000000000e+00
1.6112500000000000e+02	3.1214149879578179e-01	-5.5069324958134672e-02	0.0000000000000000e+00
1.6137500000000000e+02	3.4197344794375506e-01	-5.6587330945339194e-02	0.0000000000000000e+00
1.6162500000000000e+02	3.5764505446787725e-01	-5.8066820575568646e-02	0.0000000000000000e+00
1.6187500000000000e+02	3.5547415963994178e-01	-5.9548994320356909e-02	0.0000000000000000e+00
1.6212500000000000e+02	3.3947575164313798e-01	-6.1014434573133297e-02	0.0000000000000000e+00
1.6237500000000000e+02	3.1431069987237659e-01	-6.2383536087261889e-02	0.0000000000000000e+00
1.6262500000000000e+02	2.8169681677372310e-01	-6.3616854764536157e-02	0.0000000000000000e+00
1.6287500000000000e+02	2.4221194169920843e-01	-6.4743963367106944e-02	0.0000000000000000e+00
1.6312500000000000e+02	1.9838022429906055e-01	-6.5786409816880012e-02	0.0000000000000000e+00
1.6337500000000000e+02	1.5420549185986471e-01	-6.6727774842098686e-02	0.0000000000000000e+00
1.6362500000000000e+02	1.1247307531297161e-01	-6.7569721649121131e-02	0.0000000000000000e+00
1.6387500000000000e+02	7.7352500083847447e-02	-6.8371277714859541e-02	0.0000000000000000e+00
1.6412500000000000e+02	6.1023781193092624e-02	-6.9226315136717634e-02	0.0000000000000000e+00
1.6437500000000000e+02	8.4868314591423327e-02	-7.0253029928719277e-02	0.0000000000000000e+00
1.6462500000000000e+02	1.6770626399348393e-01	-7.1575929070430755e-02	0.0000000000000000e+00
1.6487500000000000e+02	3.0557924604175063e-01	-7.3242703064126419e-02	0.0000000000000000e+00
1.6512500000000000e+02	4.6192138685321010e-01	-7.5153574836025291e-02	0.0000000000000000e+00
1.6537500000000000e+02	5.8303878668851228e-01	-7.7153962555278094e-02	0.0000000000000000e+00
1.6562500000000000e+02	6.3020833078755956e-01	-7.9186534700135008e-02	0.0000000000000000e+00
1.6587500000000000e+02	6.0077241891983901e-01	-8.1271192784360277e-02	0.0000000000000000e+00
1.6612500000000000e+02	5.2221780726556855e-01	-8.3354859700760356e-02	0.0000000000000000e+00
1.6637500000000000e+02	4.2850390474659827e-01	-8.5307470408223812e-02	0.0000000000000000e+00
1.6662500000000000e+02	3.4059699013671307e-01	-8.7068909188293603e-02	0.0000000000000000e+00
1.6687500000000000e+02	2.6737870284692489e-01	-8.8706501364343035e-02	0.0000000000000000e+00
1.6712500000000000e+02	2.1970643084063282e-01	-9.0323707662327918e-02	0.0000000000000000e+00
1.6737500000000000e+02	2.1737716334310378e-01	-9.2017096702887061e-02	0.0000000000000000e+00
1.6762500000000000e+02	2.7801695148288108e-01	-9.3897866722236989e-02	0.0000000000000000e+00
1.6787500000000000e+02	3.9620506094867458e-01	-9.6031077804977494e-02	0.0000000000000000e+00
1.6812500000000000e+02	5.3437700601803850e-01	-9.8333256338043587e-02	0.0000000000000000e+00
1.6837500000000000e+02	6.3859780318095460e-01	-1.0064274999090686e-01	0.0000000000000000e+00
1.6862500000000000e+02	6.6986278525011056e-01	-1.0289336826747186e-01	0.0000000000000000e+00
1.6887500000000000e+02	6.2517165717485468e-01	-1.0511628860209639e-01	0.0000000000000000e+00
1.6912500000000000e+02	5.3261570770420330e-01	-1.0728122164309704e-01	0.0000000000000000e+00
1.6937500000000000e+02	4.2776839808248157e-01	-1.0927357313124028e-01	0.0000000000000000e+00
1.6962500000000000e+02	3.3277481632620814e-01	-1.1103858157203302e-01	0.0000000000000000e+00
1.6987500000000000e+02	2.5601662103216577e-01	-1.1264477592391842e-01	0.0000000000000000e+00
1.7012500000000000e+02	2.0635447539022722e-01	-1.1419360751411686e-01	0.0000000000000000e+00
1.7037500000000000e+02	2.0100592706907866e-01	-1.1577021700761564e-01	0.0000000000000000e+00
1.7062500000000000e+02	2.5542108480634323e-01	-1.1746809959037970e-01	0.0000000000000000e+00
1.7087500000000000e+02	3.6271997527994349e-01	-1.1934260635851088e-01	0.0000000000000000e+00
1.7112500000000000e+02	4.8397215161148471e-01	-1.2131612807083136e-01	0.0000000000000000e+00
1.7137500000000000e+02	5.6287422394657582e-01	-1.2322992733511083e-01	0.0000000000000000e+00
1.7162500000000000e+02	5.5783827662354402e-01	-1.2500332307821219e-01	0.0000000000000000e+00
1.7187500000000000e+02	4.6791483834607045e-01	-1.2665827751489570e-01	0.0000000000000000e+00
1.7212500000000000e+02	3.3241893687292329e-01	-1.2819244016262044e-01	0.0000000000000000e+00
1.7237500000000000e+02	2.0436087184671609e-01	-1.2953428432183603e-01	0.0000000000000000e+00
1.7262500000000000e+02	1.1867993290146051e-01	-1.3063920852295510e-01	0.0000000000000000e+00
1.7287500000000000e+02	7.9379714139210744e-02	-1.3154624825224603e-01	0.0000000000000000e+00
1.7312500000000000e+02	6.9637622339570035e-02	-1.3231881251223260e-01	0.0000000000000000e+00
1.7337500000000000e+02	6.9290885052886983e-02	-1.3299360038400232e-01	0.0000000000000000e+00
1.7362500000000000e+02	6.5640763182799988e-02	-1.3359974966039073e-01	0.0000000000000000e+00
1.7387500000000000e+02	5.6340959244099306e-02	-1.3417802253881742e-01	0.0000000000000000e+00
1.7412500000000000e+02	4.7887409040713744e-02	-1.3476365036356086e-01	0.0000000000000000e+00
1.7437500000000000e+02	5.1374358322993328e-02	-1.3538598914263508e-01	0.0000000000000000e+00
1.7462500000000000e+02	7.5721100880976180e-02	-1.3608335910430899e-01	0.0000000000000000e+00
1.7487500000000000e+02	1.2048829806083440e-01	-1.3688345776587005e-01	0.0000000000000000e+00
1.7512500000000000e+02	1.7350354241730476e-01	-1.3776832856745111e-01	0.0000000000000000e+00
1.7537500000000000e+02	2.1700603789734710e-01	-1.3870165540661139e-01	0.0000000000000000e+00
1.7562500000000000e+02	2.3842612578208172e-01	-1.3968325074889118e-01	0.0000000000000000e+00
1.7587500000000000e+02	2.3654792591299098e-01	-1.4073276857383685e-01	0.0000000000000000e+00
1.7612500000000000e+02	2.1882303968340358e-01	-1.4182499814310820e-01	0.0000000000000000e+00
1.7637500000000000e+02	1.9418267746990089e-01	-1.4290329254040704e-01	0.0000000000000000e+00
1.7662500000000000e+02	1.6827318412904266e-01	-1.4395351719519314e-01	0.0000000000000000e+00
1.7687500000000000e+02	1.4584475091793311e-01	-1.4502059699453726e-01	0.0000000000000000e+00
1.7712500000000000e+02	1.3653647087113255e-01	-1.4615770828427999e-01	0.0000000000000000e+00
1.7737500000000000e+02	1.5628220289083669e-01	-1.4742383616436611e-01	0.0000000000000000e+00
1.7762500000000000e+02	2.1902642470216921e-01	-1.4890304349301375e-01	0.0000000000000000e+00
1.7787500000000000e+02	3.2204952936661835e-01	-1.5064442785314094e-01	0.0000000000000000e+00
1.7812500000000000e+02	4.3876329174450368e-01	-1.5257965342619048e-01	0.0000000000000000e+00
1.7837500000000000e+02	5.3010230494999422e-01	-1.5459032887072466e-01	0.0000000000000000e+00
1.7862500000000000e+02	5.6807219188132851e-01	-1.5664395937123515e-01	0.0000000000000000e+00
1.7887500000000000e+02	5.5122663673396333e-01	-1.5877310397585012e-01	0.0000000000000000e+00
1.7912500000000000e+02	5.0043824009502769e-01	-1.6093330403827089e-01	0.0000000000000000e+00
1.7937500000000000e+02	4.4161761942498817e-01	-1.6300737528153189e-01	0.0000000000000000e+00
1.7962500000000000e+02	3.9083837027296359e-01	-1.6494820849973810e-01	0.0000000000000000e+00
1.7987500000000000e+02	3.5217098688543758e-01	-1.6680920556014839e-01	0.0000000000000000e+00
1.8012500000000000e+02	3.2499736294835646e-01	-1.6862769472661263e-01	0.0000000000000000e+00
1.8037500000000000e+02	3.1019426809580730e-01	-1.7039605485084547e-01	0.0000000000000000e+00
1.8062500000000000e+02	3.0965576394073374e-01	-1.7214396460073758e-01	0.0000000000000000e+00
1.8087500000000000e+02	3.2350899636390268e-01	-1.7394797729940167e-01	0.0000000000000000e+00
1.8112500000000000e+02	3.5027729795891160e-01	-1.7584882824087911e-01	0.0000000000000000e+00
1.8137500000000000e+02	3.9001822821404736e-01	-1.7786610907708597e-01	0.0000000000000000e+00
1.8162500000000000e+02	4.4496806723150245e-01	-1.8007239967868088e-01	0.0000000000000000e+00
1.8187500000000000e+02	5.1466203185099380e-01	-1.8254406562383188e-01	0.0000000000000000e+00
1.8212500000000000e+02	5.9106045638338478e-01	-1.8524092293787239e-01	0.0000000000000000e+00
1.8237500000000000e+02	6.6178213708494327e-01	-1.8806956019948584e-01	0.0000000000000000e+00
1.8262500000000000e+02	7.1868866463709724e-01	-1.9103852900959972e-01	0.0000000000000000e+00
1.8287500000000000e+02	7.6037330125240199e-01	-1.9420684196410476e-01	0.0000000000000000e+00
1.8312500000000000e+02	7.8643111158937051e-01	-1.9748789108061263e-01	0.0000000000000000e+00
1.8337500000000000e+02	7.9250480588296202e-01	-2.0068411864390531e-01	0.0000000000000000e+00
1.8362500000000000e+02	7.7318510633914372e-01	-2.0371225516095828e-01	0.0000000000000000e+00
1.8387500000000000e+02	7.2826446890070939e-01	-2.0662819296047524e-01	0.0000000000000000e+00
1.8412500000000000e+02	6.6418534413650943e-01	-2.0942392410857169e-01	0.0000000000000000e+00
1.8437500000000000e+02	5.8816445638076287e-01	-2.1198174428320576e-01	0.0000000000000000e+00
1.8462500000000000e+02	5.0301756473341763e-01	-2.1424671528536224e-01	0.0000000000000000e+00
1.8487500000000000e+02	4.1235971246218267e-01	-2.1629945840135353e-01	0.0000000000000000e+00
1.8512500000000000e+02	3.3037206328267432e-01	-2.1823486729037109e-01	0.0000000000000000e+00
1.8537500000000000e+02	2.8117317343553339e-01	-2.2010398357473765e-01	0.0000000000000000e+00
1.8562500000000000e+02	2.8410089144337769e-01	-2.2197681019362986e-01	0.0000000000000000e+00
1.8587500000000000e+02	3.3887609340251157e-01	-2.2394356264038537e-01	0.0000000000000000e+00
1.8612500000000000e+02	4.2513820861686280e-01	-2.2603282093752092e-01	0.0000000000000000e+00
1.8637500000000000e+02	5.1682266684536482e-01	-2.2823992205129054e-01	0.0000000000000000e+00
1.8662500000000000e+02	5.9754815319344645e-01	-2.3061869321590076e-01	0.0000000000000000e+00
1.8687500000000000e+02	6.6128685776429375e-01	-2.3321943295789865e-01	0.0000000000000000e+00
1.8712500000000000e+02	7.0108567323875948e-01	-2.3593460130383456e-01	0.0000000000000000e+00
1.8737500000000000e+02	7.0260780278715174e-01	-2.3855171610448483e-01	0.0000000000000000e+00
1.8762500000000000e+02	6.5271333869943993e-01	-2.4096802929685804e-01	0.0000000000000000e+00
1.8787500000000000e+02	5.5700843580666060e-01	-2.4324258191259174e-01	0.0000000000000000e+00
1.8812500000000000e+02	4.4823586800792542e-01	-2.4544533864567294e-01	0.0000000000000000e+00
1.8837500000000000e+02	3.7352296689284931e-01	-2.4760050688950294e-01	0.0000000000000000e+00
1.8862500000000000e+02	3.6705518156394740e-01	-2.4976469427277329e-01	0.0000000000000000e+00
1.8887500000000000e+02	4.2810748596981585e-01	-2.5201372266897998e-01	0.0000000000000000e+00
1.8912500000000000e+02	5.2106052717724960e-01	-2.5432555449372285e-01	0.0000000000000000e+00
1.8937500000000000e+02	5.9700474973647877e-01	-2.5660519564406969e-01	0.0000000000000000e+00
1.8962500000000000e+02	6.2187416036616472e-01	-2.5882947670773604e-01	0.0000000000000000e+00
1.8987500000000000e+02	5.9242963846632568e-01	-2.6105291319010937e-01	0.0000000000000000e+00
1.9012500000000000e+02	5.3170636394622262e-01	-2.6326934542816621e-01	0.0000000000000000e+00
1.9037500000000000e+02	4.7038394727142407e-01	-2.6540249211987699e-01	0.0000000000000000e+00
1.9062500000000000e+02	4.2860447643692379e-01	-2.6743501050321339e-01	0.0000000000000000e+00
1.9087500000000000e+02	4.1012270904374454e-01	-2.6943007291542781e-01	0.0000000000000000e+00
1.9112500000000000e+02	4.0860405263953048e-01	-2.7141518504170448e-01	0.0000000000000000e+00
1.9137500000000000e+02	4.1692867833404179e-01	-2.7336743743873737e-01	0.0000000000000000e+00
1.9162500000000000e+02	4.3149858603009017e-01	-2.7531004099414391e-01	0.0000000000000000e+00
1.9187500000000000e+02	4.5132078935899683e-01	-2.7731403217661493e-01	0.0000000000000000e+00
1.9212500000000000e+02	4.7606786645853522e-01	-2.7939552446359950e-01	0.0000000000000000e+00
1.9237500000000000e+02	5.0613864758595495e-01	-2.8152895523528970e-01	0.0000000000000000e+00
1.9262500000000000e+02	5.4286869781467295e-01	-2.8374807310645622e-01	0.0000000000000000e+00
1.9287500000000000e+02	5.8575115915365250e-01	-2.8611748559924732e-01	0.0000000000000000e+00
1.9312500000000000e+02	6.2902338472237695e-01	-2.8860227525409715e-01	0.0000000000000000e+00
1.9337500000000000e+02	6.6309709981560339e-01	-2.9110011624585058e-01	0.0000000000000000e+00
1.9362500000000000e+02	6.8071897219724209e-01	-2.9359219297934297e-01	0.0000000000000000e+00
1.9387500000000000e+02	6.8073545604646823e-01	-2.9613152704043677e-01	0.0000000000000000e+00
1.9412500000000000e+02	6.6577431001303200e-01	-2.9868133571447558e-01	0.0000000000000000e+00
1.9437500000000000e+02	6.3745513577606761e-01	-3.0111651994322225e-01	0.0000000000000000e+00
1.9462500000000000e+02	5.9548342934527565e-01	-3.0338980215975497e-01	0.0000000000000000e+00
1.9487500000000000e+02	5.4361397196427075e-01	-3.0557316332472467e-01	0.0000000000000000e+00
1.9512500000000000e+02	4.9598825479907188e-01	-3.0772881313207845e-01	0.0000000000000000e+00
1.9537500000000000e+02	4.7462851520663080e-01	-3.0987548530009645e-01	0.0000000000000000e+00
1.9562500000000000e+02	4.9668157422197245e-01	-3.1207013493882224e-01	0.0000000000000000e+00
1.9587500000000000e+02	5.6009063217833233e-01	-3.1438561005373911e-01	0.0000000000000000e+00
1.9612500000000000e+02	6.4022150848991366e-01	-3.1678886330407813e-01	0.0000000000000000e+00
1.9637500000000000e+02	7.0218202487576942e-01	-3.1915696507780611e-01	0.0000000000000000e+00
1.9662500000000000e+02	7.2098412561911573e-01	-3.2141296480289505e-01	0.0000000000000000e+00
1.9687500000000000e+02	6.9405891193615998e-01	-3.2343652334653350e-01	0.0000000000000000e+00
1.9712500000000000e+02	6.3772016408408350e-01	-3.2478831032660083e-01	0.0000000000000000e+00
1.9737500000000000e+02	5.7241480964015901e-01	-3.2430365156502761e-01	0.0000000000000000e+00
1.9762500000000000e+02	5.1012645454068395e-01	-3.2016592624109935e-01	0.0000000000000000e+00
1.9787500000000000e+02	4.5354628731462121e-01	-3.0851528911594006e-01	0.0000000000000000e+00
1.9812500000000000e+02	4.0324328931532516e-01	-2.8081715227018622e-01	0.0000000000000000e+00
1.9837500000000000e+02	3.6148178590995883e-01	-2.2273481146667412e-01	0.0000000000000000e+00
1.9862500000000000e+02	3.2964998057611716e-01	-1.2077351701833099e-01	0.0000000000000000e+00
1.9887500000000000e+02	3.0522650326521977e-01	2.1524127164299429e-02	0.0000000000000000e+00
1.9912500000000000e+02	2.8245027445560117e-01	1.7252445953130643e-01	0.0000000000000000e+00
1.9937500000000000e+02	2.5434137043635130e-01	2.8395277785393386e-01	0.0000000000000000e+00
1.9962500000000000e+02	2.1510621777961916e-01	3.2044964012509769e-01	0.0000000000000000e+00
1.9987500000000000e+02	1.6415880921226844e-01	2.8179642681707062e-01	0.0000000000000000e+00
