1	7.3948184819578067e-01	1.0000000000000000e+00
11	7.3323958821495050e-01	6.2500000000000000e-02
21	5.2802908492583278e-01	1.5625000000000000e-02
31	4.5491571823031030e-01	1.5625000000000000e-02
41	3.3855676405109514e-01	1.5625000000000000e-02
51	2.5699450772991117e-01	1.5625000000000000e-02
61	2.1153001620479805e-01	1.5625000000000000e-02
71	1.7665382227551119e-01	7.8125000000000000e-03
81	1.5045685387710017e-01	1.5625000000000000e-02
91	1.3714750438977941e-01	7.8125000000000000e-03
101	1.0774117434018249e-01	1.5625000000000000e-02
111	9.1208280928461560e-02	7.8125000000000000e-03
121	8.1522653126525513e-02	3.9062500000000000e-03
131	6.9828849176860830e-02	7.8125000000000000e-03
141	6.6876166710645224e-02	7.8125000000000000e-03
151	5.8456037177883280e-02	1.5625000000000000e-02
161	5.5402221040206645e-02	7.8125000000000000e-03
171	5.2268303783806314e-02	1.5625000000000000e-02
181	5.0524833323935647e-02	1.5625000000000000e-02
191	4.8952861901892963e-02	1.5625000000000000e-02
201	4.7710975643321829e-02	1.5625000000000000e-02
211	4.6727213200451700e-02	1.5625000000000000e-02
221	4.5945457376500909e-02	1.5625000000000000e-02
231	4.5321919133477828e-02	1.5625000000000000e-02
241	4.4822456004388167e-02	1.5625000000000000e-02
251	4.4393115561308205e-02	1.5625000000000000e-02
261	4.4268306157195569e-02	7.8125000000000000e-03
271	4.4176723206927004e-02	7.8125000000000000e-03
281	4.3641656130015138e-02	7.8125000000000000e-03
291	4.3489318012368883e-02	3.9062500000000000e-03
301	4.3295752175076641e-02	3.9062500000000000e-03
311	4.3167247455526025e-02	3.9062500000000000e-03
321	4.3049861804980494e-02	3.9062500000000000e-03
331	4.2953778191619607e-02	7.8125000000000000e-03
341	4.2862818956575510e-02	7.8125000000000000e-03
351	4.2781578615720850e-02	7.8125000000000000e-03
361	4.2708099295422075e-02	1.5625000000000000e-02
371	4.2640897071213990e-02	1.5625000000000000e-02
381	4.2577263794149056e-02	1.5625000000000000e-02
391	4.2619080364071027e-02	7.8125000000000000e-03
401	4.2477964674493718e-02	3.9062500000000000e-03
411	4.2442240556012756e-02	3.9062500000000000e-03
421	4.2371054952263565e-02	3.9062500000000000e-03
431	4.2324139079265022e-02	3.9062500000000000e-03
441	4.2279286740501076e-02	7.8125000000000000e-03
451	4.2232526263620951e-02	7.8125000000000000e-03
461	4.2186866093167685e-02	7.8125000000000000e-03
471	4.2142170023528935e-02	7.8125000000000000e-03
481	4.2098355825051392e-02	1.5625000000000000e-02
491	4.2052544140549042e-02	1.5625000000000000e-02
501	4.2053556176579354e-02	7.8125000000000000e-03
511	4.2077409660154830e-02	7.8125000000000000e-03
521	4.1943568017554278e-02	3.9062500000000000e-03
531	4.1896675070633216e-02	3.9062500000000000e-03
541	4.1858512160545813e-02	3.9062500000000000e-03
551	4.1818467435936535e-02	3.9062500000000000e-03
561	4.1781410812429920e-02	7.8125000000000000e-03
571	4.1742180338315116e-02	7.8125000000000000e-03
581	4.1703375768901041e-02	7.8125000000000000e-03
591	4.1664998837956269e-02	7.8125000000000000e-03
601	4.1627067056710709e-02	1.5625000000000000e-02
611	4.1586774708540220e-02	1.5625000000000000e-02
621	4.1579781341847477e-02	7.8125000000000000e-03
631	4.1585701994562463e-02	7.8125000000000000e-03
641	4.1488214342478402e-02	3.9062500000000000e-03
651	4.1462189558426510e-02	3.9062500000000000e-03
661	4.1414476087138219e-02	3.9062500000000000e-03
671	4.1380932567783635e-02	3.9062500000000000e-03
681	4.1345850261116701e-02	3.9062500000000000e-03
691	4.1313334909201305e-02	7.8125000000000000e-03
701	4.1278902307600673e-02	7.8125000000000000e-03
711	4.1244824930337765e-02	7.8125000000000000e-03
721	4.1211107718234441e-02	7.8125000000000000e-03
731	4.1177763813180390e-02	1.5625000000000000e-02
741	4.1144823057758684e-02	1.5625000000000000e-02
751	4.1111120012420344e-02	1.5625000000000000e-02
761	4.1121288914980680e-02	7.8125000000000000e-03
771	4.1138501369596292e-02	7.8125000000000000e-03
781	4.1026566938819675e-02	3.9062500000000000e-03
791	4.1005149616674563e-02	3.9062500000000000e-03
801	4.0959816705802954e-02	3.9062500000000000e-03
811	4.0930578289106068e-02	3.9062500000000000e-03
821	4.0900051528008241e-02	3.9062500000000000e-03
831	4.0871766816110044e-02	7.8125000000000000e-03
841	4.0841808671016389e-02	7.8125000000000000e-03
851	4.0812157252600678e-02	7.8125000000000000e-03
861	4.0782813353662073e-02	7.8125000000000000e-03
871	4.0753781076942830e-02	1.5625000000000000e-02
881	4.0725070910574646e-02	1.5625000000000000e-02
891	4.0694439356072643e-02	1.5625000000000000e-02
901	4.0683975056819754e-02	7.8125000000000000e-03
911	4.0675667527297232e-02	7.8125000000000000e-03
921	4.0683528134087821e-02	7.8125000000000000e-03
931	4.0593461896252570e-02	3.9062500000000000e-03
941	4.0572633523542567e-02	3.9062500000000000e-03
951	4.0537179898583409e-02	3.9062500000000000e-03
961	4.0512100914185556e-02	3.9062500000000000e-03
971	4.0485781031775026e-02	3.9062500000000000e-03
981	4.0459737730204504e-02	3.9062500000000000e-03
991	4.0435600943796057e-02	7.8125000000000000e-03
1001	4.0410036373517366e-02	7.8125000000000000e-03
1011	4.0384729452788148e-02	7.8125000000000000e-03
1021	4.0359679439513907e-02	7.8125000000000000e-03
1031	4.0334886974409234e-02	1.5625000000000000e-02
1041	4.0310355247340501e-02	1.5625000000000000e-02
1051	4.0286091853842132e-02	1.5625000000000000e-02
1061	4.0260335432530603e-02	1.5625000000000000e-02
1071	4.0251867787651774e-02	7.8125000000000000e-03
1081	4.0242518913695902e-02	7.8125000000000000e-03
1091	4.0243043036697568e-02	7.8125000000000000e-03
1101	4.0173632572262807e-02	3.9062500000000000e-03
1111	4.0154380429697434e-02	3.9062500000000000e-03
1121	4.0137703109666134e-02	3.9062500000000000e-03
1131	4.0104704693346926e-02	3.9062500000000000e-03
1141	4.0083649818881906e-02	3.9062500000000000e-03
1151	4.0061590109792267e-02	3.9062500000000000e-03
1161	4.0039755511801944e-02	3.9062500000000000e-03
1171	4.0019526070961819e-02	7.8125000000000000e-03
1181	3.9998089186054075e-02	7.8125000000000000e-03
1191	3.9976863764503934e-02	7.8125000000000000e-03
1201	3.9955848282034911e-02	7.8125000000000000e-03
1211	3.9935041819545880e-02	7.8125000000000000e-03
1221	3.9914444152671646e-02	1.5625000000000000e-02
1231	3.9894056308821924e-02	1.5625000000000000e-02
1241	3.9873881333103656e-02	1.5625000000000000e-02
1251	3.9852210829822710e-02	1.5625000000000000e-02
1261	3.9841268401820229e-02	7.8125000000000000e-03
1271	3.9829046285398406e-02	7.8125000000000000e-03
1281	3.9821148146512719e-02	7.8125000000000000e-03
1291	3.9819816198910618e-02	7.8125000000000000e-03
1301	3.9761137265732049e-02	3.9062500000000000e-03
1311	3.9744645051744798e-02	3.9062500000000000e-03
1321	3.9729585939930812e-02	3.9062500000000000e-03
1331	3.9704425583722447e-02	3.9062500000000000e-03
1341	3.9686165884195601e-02	3.9062500000000000e-03
1351	3.9668937520088043e-02	3.9062500000000000e-03
1361	3.9650923649350078e-02	3.9062500000000000e-03
1371	3.9633088131463157e-02	3.9062500000000000e-03
1381	3.9616568142172848e-02	7.8125000000000000e-03
1391	3.9599053298171705e-02	7.8125000000000000e-03
1401	3.9581707367917662e-02	7.8125000000000000e-03
1411	3.9564528843971991e-02	7.8125000000000000e-03
1421	3.9547516377463676e-02	7.8125000000000000e-03
1431	3.9530668934101287e-02	7.8125000000000000e-03
1441	3.9513985737675394e-02	1.5625000000000000e-02
1451	3.9497466510374890e-02	1.5625000000000000e-02
1461	3.9481111734243846e-02	1.5625000000000000e-02
1471	3.9464922916328860e-02	1.5625000000000000e-02
1481	3.9447583666778141e-02	1.5625000000000000e-02
1491	3.9438774356826967e-02	7.8125000000000000e-03
1501	3.9427853601965768e-02	7.8125000000000000e-03
1511	3.9419260932198386e-02	7.8125000000000000e-03
1521	3.9413948373570484e-02	7.8125000000000000e-03
1531	3.9373574057683047e-02	7.8125000000000000e-03
1541	3.9359601806598699e-02	3.9062500000000000e-03
1551	3.9346276647843736e-02	3.9062500000000000e-03
1561	3.9333808183951491e-02	3.9062500000000000e-03
1571	3.9314013014512206e-02	3.9062500000000000e-03
1581	3.9299444855130483e-02	3.9062500000000000e-03
1591	3.9285763588772449e-02	3.9062500000000000e-03
1601	3.9271407514043233e-02	3.9062500000000000e-03
1611	3.9257188625436812e-02	3.9062500000000000e-03
1621	3.9243106302657149e-02	3.9062500000000000e-03
1631	3.9230065312809703e-02	7.8125000000000000e-03
1641	3.9216232017801333e-02	7.8125000000000000e-03
1651	3.9202529012597020e-02	7.8125000000000000e-03
1661	3.9188955011553062e-02	7.8125000000000000e-03
1671	3.9175508829504269e-02	7.8125000000000000e-03
1681	3.9162189346167553e-02	7.8125000000000000e-03
1691	3.9148995579613377e-02	7.8125000000000000e-03
1701	3.9135926618843797e-02	1.5625000000000000e-02
1711	3.9122981720802752e-02	1.5625000000000000e-02
1721	3.9110160392877402e-02	1.5625000000000000e-02
1731	3.9097462438292263e-02	1.5625000000000000e-02
1741	3.9084888063368850e-02	1.5625000000000000e-02
1751	3.9071329941617883e-02	1.5625000000000000e-02
1761	3.9059242111686432e-02	1.5625000000000000e-02
1771	3.9053468302297945e-02	7.8125000000000000e-03
1781	3.9044743350355460e-02	7.8125000000000000e-03
1791	3.9037347645205500e-02	7.8125000000000000e-03
1801	3.9031702751961328e-02	7.8125000000000000e-03
1811	3.9001895689965926e-02	7.8125000000000000e-03
1821	3.8990869186409371e-02	3.9062500000000000e-03
1831	3.8980170687464066e-02	3.9062500000000000e-03
1841	3.8969872933356076e-02	3.9062500000000000e-03
1851	3.8960071558574172e-02	3.9062500000000000e-03
1861	3.8950893264878994e-02	3.9062500000000000e-03
1871	3.8933765343989069e-02	3.9062500000000000e-03
1881	3.8923333910846125e-02	3.9062500000000000e-03
1891	3.8912359828074283e-02	3.9062500000000000e-03
1901	3.8901487425871517e-02	3.9062500000000000e-03
1911	3.8890715927573094e-02	3.9062500000000000e-03
1921	3.8880044648939016e-02	3.9062500000000000e-03
1931	3.8870165785220068e-02	7.8125000000000000e-03
1941	3.8859679903537447e-02	7.8125000000000000e-03
1951	3.8849290277217730e-02	7.8125000000000000e-03
1961	3.8838995953088595e-02	7.8125000000000000e-03
1971	3.8828796022304601e-02	7.8125000000000000e-03
1981	3.8818689595627953e-02	7.8125000000000000e-03
1991	3.8808675812251447e-02	7.8125000000000000e-03
2001	3.8798753845298517e-02	7.8125000000000000e-03
2011	3.8788922935623749e-02	7.8125000000000000e-03
2021	3.8779182337455698e-02	1.5625000000000000e-02
2031	3.8769531368616161e-02	1.5625000000000000e-02
2041	3.8759969442030973e-02	1.5625000000000000e-02
2051	3.8750496065610651e-02	1.5625000000000000e-02
2061	3.8741110871313156e-02	1.5625000000000000e-02
2071	3.8731813647408186e-02	1.5625000000000000e-02
2081	3.8721761648898734e-02	1.5625000000000000e-02
2091	3.8715324271703100e-02	7.8125000000000000e-03
2101	3.8707618691566026e-02	7.8125000000000000e-03
2111	3.8700383823287554e-02	7.8125000000000000e-03
2121	3.8693728538790717e-02	7.8125000000000000e-03
2131	3.8687791644867353e-02	7.8125000000000000e-03
2141	3.8682749791121518e-02	7.8125000000000000e-03
2151	3.8661643462770012e-02	7.8125000000000000e-03
2161	3.8653423201466808e-02	3.9062500000000000e-03
2171	3.8645374890595496e-02	3.9062500000000000e-03
2181	3.8637523596981582e-02	3.9062500000000000e-03
2191	3.8629900538542428e-02	3.9062500000000000e-03
2201	3.8622545269104580e-02	3.9062500000000000e-03
2211	3.8615507796571302e-02	3.9062500000000000e-03
2221	3.8603554953385855e-02	3.9062500000000000e-03
2231	3.8595511338859967e-02	3.9062500000000000e-03
2241	3.8587979273551398e-02	3.9062500000000000e-03
2251	3.8580055397472668e-02	3.9062500000000000e-03
2261	3.8572202795239430e-02	3.9062500000000000e-03
2271	3.8564420868061444e-02	3.9062500000000000e-03
2281	3.8556709049986537e-02	3.9062500000000000e-03
2291	3.8549066814444255e-02	3.9062500000000000e-03
2301	3.8541992565720440e-02	7.8125000000000000e-03
2311	3.8534479800904853e-02	7.8125000000000000e-03
2321	3.8527034094263612e-02	7.8125000000000000e-03
2331	3.8519654797285474e-02	7.8125000000000000e-03
2341	3.8512341285195650e-02	7.8125000000000000e-03
2351	3.8505092941248709e-02	7.8125000000000000e-03
2361	3.8497909160500221e-02	7.8125000000000000e-03
2371	3.8490789351145471e-02	7.8125000000000000e-03
2381	3.8483732936114290e-02	7.8125000000000000e-03
2391	3.8476739366682056e-02	7.8125000000000000e-03
2401	3.8469808097344349e-02	1.5625000000000000e-02
2411	3.8462938603558761e-02	1.5625000000000000e-02
2421	3.8456130397338084e-02	1.5625000000000000e-02
2431	3.8449383020636940e-02	1.5625000000000000e-02
2441	3.8442696053774039e-02	1.5625000000000000e-02
2451	3.8436069123227279e-02	1.5625000000000000e-02
2461	3.8429501911181330e-02	1.5625000000000000e-02
2471	3.8422994167405022e-02	1.5625000000000000e-02
2481	3.8415960950632710e-02	1.5625000000000000e-02
2491	3.8411437307924401e-02	7.8125000000000000e-03
2501	3.8405880843051299e-02	7.8125000000000000e-03
2511	3.8400569077227109e-02	7.8125000000000000e-03
2521	3.8395546414656256e-02	7.8125000000000000e-03
2531	3.8390867702068454e-02	7.8125000000000000e-03
2541	3.8386600604124577e-02	7.8125000000000000e-03
2551	3.8382828508760847e-02	7.8125000000000000e-03
2561	3.8379654077946523e-02	7.8125000000000000e-03
2571	3.8362079156687878e-02	3.9062500000000000e-03
2581	3.8356424967274649e-02	3.9062500000000000e-03
2591	3.8350880241014629e-02	3.9062500000000000e-03
2601	3.8345457539589178e-02	3.9062500000000000e-03
2611	3.8340172365884717e-02	3.9062500000000000e-03
2621	3.8335043817976922e-02	3.9062500000000000e-03
2631	3.8330095386967855e-02	3.9062500000000000e-03
2641	3.8325355929659910e-02	3.9062500000000000e-03
2651	3.8316206062769309e-02	3.9062500000000000e-03
2661	3.8311013883673972e-02	3.9062500000000000e-03
2671	3.8305539839125435e-02	3.9062500000000000e-03
2681	3.8300113571108518e-02	3.9062500000000000e-03
2691	3.8294734666717622e-02	3.9062500000000000e-03
2701	3.8289402726295885e-02	3.9062500000000000e-03
2711	3.8284117365439796e-02	3.9062500000000000e-03
2721	3.8278878217489098e-02	3.9062500000000000e-03
2731	3.8273684936595664e-02	3.9062500000000000e-03
2741	3.8268877904491960e-02	7.8125000000000000e-03
2751	3.8263770096875760e-02	7.8125000000000000e-03
2761	3.8258706553761623e-02	7.8125000000000000e-03
2771	3.8253686869054171e-02	7.8125000000000000e-03
2781	3.8248710640664707e-02	7.8125000000000000e-03
2791	3.8243777472324103e-02	7.8125000000000000e-03
2801	3.8238886974017894e-02	7.8125000000000000e-03
2811	3.8234038762488431e-02	7.8125000000000000e-03
2821	3.8229232461882034e-02	7.8125000000000000e-03
2831	3.8224467704540910e-02	7.8125000000000000e-03
2841	3.8219744137243383e-02	7.8125000000000000e-03
2851	3.8215061409866191e-02	1.5625000000000000e-02
2861	3.8210419181845423e-02	1.5625000000000000e-02
2871	3.8205817132642927e-02	1.5625000000000000e-02
2881	3.8201254956590214e-02	1.5625000000000000e-02
2891	3.8196732367074770e-02	1.5625000000000000e-02
2901	3.8192249100024500e-02	1.5625000000000000e-02
2911	3.8187804918175305e-02	1.5625000000000000e-02
2921	3.8183399616298797e-02	1.5625000000000000e-02
2931	3.8178610975672878e-02	1.5625000000000000e-02
2941	3.8175320242154198e-02	7.8125000000000000e-03
2951	3.8171452723739341e-02	7.8125000000000000e-03
2961	3.8167716541942509e-02	7.8125000000000000e-03
2971	3.8164132352477398e-02	7.8125000000000000e-03
2981	3.8160725420913089e-02	7.8125000000000000e-03
2991	3.8157526627126126e-02	7.8125000000000000e-03
3001	3.8154573687767313e-02	7.8125000000000000e-03
3011	3.8151912643761055e-02	7.8125000000000000e-03
3021	3.8149599669895728e-02	7.8125000000000000e-03
3031	3.8138103308723248e-02	3.9062500000000000e-03
3041	3.8134282362111360e-02	3.9062500000000000e-03
3051	3.8130527814269843e-02	3.9062500000000000e-03
3061	3.8126846309692430e-02	3.9062500000000000e-03
3071	3.8123245997705779e-02	3.9062500000000000e-03
3081	3.8119736858524544e-02	3.9062500000000000e-03
3091	3.8116331100251921e-02	3.9062500000000000e-03
3101	3.8113043642181266e-02	3.9062500000000000e-03
3111	3.8109892703264592e-02	3.9062500000000000e-03
3121	3.8103495646975682e-02	3.9062500000000000e-03
3131	3.8100028304525857e-02	3.9062500000000000e-03
3141	3.8096368682210557e-02	3.9062500000000000e-03
3151	3.8092740104066602e-02	3.9062500000000000e-03
3161	3.8089142308892820e-02	3.9062500000000000e-03
3171	3.8085575043270925e-02	3.9062500000000000e-03
3181	3.8082038062777435e-02	3.9062500000000000e-03
3191	3.8078531133435956e-02	3.9062500000000000e-03
3201	3.8075054033573696e-02	3.9062500000000000e-03
3211	3.8071606556045468e-02	3.9062500000000000e-03
3221	3.8068416283506434e-02	7.8125000000000000e-03
3231	3.8065023950671351e-02	7.8125000000000000e-03
3241	3.8061660204934622e-02	7.8125000000000000e-03
3251	3.8058324793071918e-02	7.8125000000000000e-03
3261	3.8055017464260765e-02	7.8125000000000000e-03
3271	3.8051737971361188e-02	7.8125000000000000e-03
3281	3.8048486071208032e-02	7.8125000000000000e-03
3291	3.8045261524977780e-02	7.8125000000000000e-03
3301	3.8042064098721906e-02	7.8125000000000000e-03
3311	3.8038893565186527e-02	7.8125000000000000e-03
3321	3.8035749702283628e-02	1.5625000000000000e-02
3331	3.8032632292007595e-02	1.5625000000000000e-02
3341	3.8029541128459243e-02	1.5625000000000000e-02
3351	3.8026476014789257e-02	1.5625000000000000e-02
3361	3.8023436765790342e-02	1.5625000000000000e-02
3371	3.8020423210143983e-02	1.5625000000000000e-02
3381	3.8017435193232751e-02	1.5625000000000000e-02
3391	3.8014472580527259e-02	1.5625000000000000e-02
3401	3.8011535261848972e-02	1.5625000000000000e-02
3411	3.8008349676800002e-02	1.5625000000000000e-02
3421	3.8006276401036931e-02	7.8125000000000000e-03
3431	3.8003731358167148e-02	7.8125000000000000e-03
3441	3.8001283029658994e-02	7.8125000000000000e-03
3451	3.7998947882610823e-02	7.8125000000000000e-03
3461	3.7996746198194931e-02	7.8125000000000000e-03
3471	3.7994702945289838e-02	7.8125000000000000e-03
3481	3.7992848855211259e-02	7.8125000000000000e-03
3491	3.7991221743903569e-02	7.8125000000000000e-03
3501	3.7989868138742944e-02	7.8125000000000000e-03
3511	3.7981391286561084e-02	3.9062500000000000e-03
3521	3.7978857490746254e-02	3.9062500000000000e-03
3531	3.7976372606732478e-02	3.9062500000000000e-03
3541	3.7973942420983398e-02	3.9062500000000000e-03
3551	3.7971574082864112e-02	3.9062500000000000e-03
3561	3.7969276418712727e-02	3.9062500000000000e-03
3571	3.7967060319175072e-02	3.9062500000000000e-03
3581	3.7964939216946991e-02	3.9062500000000000e-03
3591	3.7960629282553171e-02	3.9062500000000000e-03
3601	3.7958292311313202e-02	3.9062500000000000e-03
3611	3.7955820259626072e-02	3.9062500000000000e-03
3621	3.7953368674850663e-02	3.9062500000000000e-03
3631	3.7950937391187267e-02	3.9062500000000000e-03
3641	3.7948526248534398e-02	3.9062500000000000e-03
3651	3.7946135093530731e-02	3.9062500000000000e-03
3661	3.7943763780857065e-02	3.9062500000000000e-03
3671	3.7941412174926969e-02	3.9062500000000000e-03
3681	3.7939080151920601e-02	3.9062500000000000e-03
3691	3.7936923728770777e-02	7.8125000000000000e-03
3701	3.7934628256640401e-02	7.8125000000000000e-03
3711	3.7932351684071053e-02	7.8125000000000000e-03
3721	3.7930093848802304e-02	7.8125000000000000e-03
3731	3.7927854590259935e-02	7.8125000000000000e-03
3741	3.7925633750474863e-02	7.8125000000000000e-03
3751	3.7923431174383460e-02	7.8125000000000000e-03
3761	3.7921246710242773e-02	7.8125000000000000e-03
3771	3.7919080210173761e-02	7.8125000000000000e-03
3781	3.7916931530779241e-02	7.8125000000000000e-03
3791	3.7914800534854853e-02	1.5625000000000000e-02
3801	3.7912687088608621e-02	1.5625000000000000e-02
3811	3.7910591068780919e-02	1.5625000000000000e-02
3821	3.7908512361046087e-02	1.5625000000000000e-02
3831	3.7906450862716046e-02	1.5625000000000000e-02
3841	3.7904406485508746e-02	1.5625000000000000e-02
3851	3.7902379158934130e-02	1.5625000000000000e-02
3861	3.7900368834630216e-02	1.5625000000000000e-02
3871	3.7898189760350864e-02	1.5625000000000000e-02
3881	3.7896837578731413e-02	7.8125000000000000e-03
3891	3.7895132789045327e-02	7.8125000000000000e-03
3901	3.7893508144334898e-02	7.8125000000000000e-03
3911	3.7891979584908309e-02	7.8125000000000000e-03
3921	3.7890567087789706e-02	7.8125000000000000e-03
3931	3.7889295685433755e-02	7.8125000000000000e-03
3941	3.7888196743500524e-02	7.8125000000000000e-03
3951	3.7887309563856109e-02	7.8125000000000000e-03
3961	3.7881580622802447e-02	3.9062500000000000e-03
3971	3.7879838650885511e-02	3.9062500000000000e-03
3981	3.7878134054137980e-02	3.9062500000000000e-03
3991	3.7876472159216634e-02	3.9062500000000000e-03
4001	3.7874859657791915e-02	3.9062500000000000e-03
4011	3.7873304953747078e-02	3.9062500000000000e-03
4021	3.7871818599913620e-02	3.9062500000000000e-03
4031	3.7870413847782780e-02	3.9062500000000000e-03
4041	3.7867199990520017e-02	3.9062500000000000e-03
4051	3.7865583416326953e-02	3.9062500000000000e-03
4061	3.7863871932901416e-02	3.9062500000000000e-03
4071	3.7862174365657641e-02	3.9062500000000000e-03
4081	3.7860490609771702e-02	3.9062500000000000e-03
4091	3.7858820566204487e-02	3.9062500000000000e-03
4101	3.7857164143071498e-02	3.9062500000000000e-03
4111	3.7855521257435853e-02	3.9062500000000000e-03
4121	3.7853891837609011e-02	3.9062500000000000e-03
4131	3.7852386544767747e-02	7.8125000000000000e-03
4141	3.7850782324440391e-02	7.8125000000000000e-03
4151	3.7849191089673440e-02	7.8125000000000000e-03
4161	3.7847612732162861e-02	7.8125000000000000e-03
4171	3.7846047144975747e-02	7.8125000000000000e-03
4181	3.7844494223323810e-02	7.8125000000000000e-03
4191	3.7842953865041995e-02	7.8125000000000000e-03
4201	3.7841425971071763e-02	7.8125000000000000e-03
4211	3.7839910446204938e-02	7.8125000000000000e-03
4221	3.7838407199404234e-02	7.8125000000000000e-03
4231	3.7836916147206190e-02	1.5625000000000000e-02
4241	3.7835437210797629e-02	1.5625000000000000e-02
4251	3.7833970323099875e-02	1.5625000000000000e-02
4261	3.7832515428726787e-02	1.5625000000000000e-02
4271	3.7831072487727879e-02	1.5625000000000000e-02
4281	3.7829641479990239e-02	1.5625000000000000e-02
4291	3.7828222410733692e-02	1.5625000000000000e-02
4301	3.7826695119129838e-02	1.5625000000000000e-02
4311	3.7825899513488803e-02	7.8125000000000000e-03
4321	3.7824766039480595e-02	7.8125000000000000e-03
4331	3.7823714044112222e-02	7.8125000000000000e-03
4341	3.7822763062420606e-02	7.8125000000000000e-03
4351	3.7821938115582876e-02	7.8125000000000000e-03
4361	3.7821271252890587e-02	7.8125000000000000e-03
4371	3.7820803530362768e-02	7.8125000000000000e-03
4381	3.7816324733126017e-02	3.9062500000000000e-03
4391	3.7815104585907866e-02	3.9062500000000000e-03
4401	3.7813918048661632e-02	3.9062500000000000e-03
4411	3.7812771262997757e-02	3.9062500000000000e-03
4421	3.7811672101219163e-02	3.9062500000000000e-03
4431	3.7810630655865873e-02	3.9062500000000000e-03
4441	3.7809659869626477e-02	3.9062500000000000e-03
4451	3.7807253033919297e-02	3.9062500000000000e-03
4461	3.7806092823579385e-02	3.9062500000000000e-03
4471	3.7804862412697204e-02	3.9062500000000000e-03
4481	3.7803641897380169e-02	3.9062500000000000e-03
4491	3.7802431209216003e-02	3.9062500000000000e-03
4501	3.7801230286062193e-02	3.9062500000000000e-03
4511	3.7800039073904057e-02	3.9062500000000000e-03
4521	3.7798857529268703e-02	3.9062500000000000e-03
4531	3.7797767346904765e-02	7.8125000000000000e-03
4541	3.7796604038225823e-02	7.8125000000000000e-03
4551	3.7795450055637447e-02	7.8125000000000000e-03
4561	3.7794305322986776e-02	7.8125000000000000e-03
4571	3.7793169765358181e-02	7.8125000000000000e-03
4581	3.7792043309737955e-02	7.8125000000000000e-03
4591	3.7790925885577309e-02	7.8125000000000000e-03
4601	3.7789817425465611e-02	7.8125000000000000e-03
4611	3.7788717865280930e-02	7.8125000000000000e-03
4621	3.7787627148136216e-02	1.5625000000000000e-02
4631	3.7786545221630496e-02	1.5625000000000000e-02
4641	3.7785472044244650e-02	1.5625000000000000e-02
4651	3.7784407586240132e-02	1.5625000000000000e-02
4661	3.7783351833922119e-02	1.5625000000000000e-02
4671	3.7782304794729216e-02	1.5625000000000000e-02
4681	3.7781266504024025e-02	1.5625000000000000e-02
4691	3.7780373238714970e-02	1.5625000000000000e-02
4701	3.7779349554119102e-02	1.5625000000000000e-02
4711	3.7778334135701419e-02	1.5625000000000000e-02
4721	3.7777326954436807e-02	1.5625000000000000e-02
4731	3.7776327996479342e-02	1.5625000000000000e-02
4741	3.7775337268149300e-02	1.5625000000000000e-02
4751	3.7774354802510235e-02	1.5625000000000000e-02
4761	3.7773510030344348e-02	1.5625000000000000e-02
4771	3.7772541446435715e-02	1.5625000000000000e-02
4781	3.7771580678120475e-02	1.5625000000000000e-02
4791	3.7770627698354486e-02	1.5625000000000000e-02
4801	3.7769682494911416e-02	1.5625000000000000e-02
4811	3.7768745075360322e-02	1.5625000000000000e-02
4821	3.7767815473740640e-02	1.5625000000000000e-02
4831	3.7767016455214519e-02	1.5625000000000000e-02
4841	3.7766100015171000e-02	1.5625000000000000e-02
4851	3.7765190969957452e-02	1.5625000000000000e-02
4861	3.7764289295603604e-02	1.5625000000000000e-02
4871	3.7763394983112097e-02	1.5625000000000000e-02
4881	3.7762508043563070e-02	1.5625000000000000e-02
4891	3.7761628514987322e-02	1.5625000000000000e-02
4901	3.7760872697306658e-02	1.5625000000000000e-02
4911	3.7760005618106218e-02	1.5625000000000000e-02
4921	3.7759145540772643e-02	1.5625000000000000e-02
4931	3.7758292445574160e-02	1.5625000000000000e-02
4941	3.7757446328340660e-02	1.5625000000000000e-02
4951	3.7756607205921000e-02	1.5625000000000000e-02
4961	3.7755775123557322e-02	1.5625000000000000e-02
4971	3.7755060112892425e-02	1.5625000000000000e-02
4981	3.7754239775302234e-02	1.5625000000000000e-02
4991	3.7753426072971497e-02	1.5625000000000000e-02
5001	3.7752618991630849e-02	1.5625000000000000e-02
5011	3.7751818533766857e-02	1.5625000000000000e-02
5021	3.7751024724599569e-02	1.5625000000000000e-02
5031	3.7750237620191029e-02	1.5625000000000000e-02
5041	3.7749561157174760e-02	1.5625000000000000e-02
5051	3.7748785096487936e-02	1.5625000000000000e-02
5061	3.7748015329814644e-02	1.5625000000000000e-02
5071	3.7747251849916896e-02	1.5625000000000000e-02
5081	3.7746494668153163e-02	1.5625000000000000e-02
5091	3.7745743821289590e-02	1.5625000000000000e-02
5101	3.7745099410159577e-02	1.5625000000000000e-02
5111	3.7744359315713405e-02	1.5625000000000000e-02
5121	3.7743625212819709e-02	1.5625000000000000e-02
5131	3.7742897087760685e-02	1.5625000000000000e-02
5141	3.7742174942347884e-02	1.5625000000000000e-02
5151	3.7741458799759986e-02	1.5625000000000000e-02
5161	3.7740748712491445e-02	1.5625000000000000e-02
5171	3.7740139057687916e-02	1.5625000000000000e-02
5181	3.7739439041002076e-02	1.5625000000000000e-02
5191	3.7738744716039108e-02	1.5625000000000000e-02
5201	3.7738056078114424e-02	1.5625000000000000e-02
5211	3.7737373140927954e-02	1.5625000000000000e-02
5221	3.7736695943521026e-02	1.5625000000000000e-02
5231	3.7736115144381244e-02	1.5625000000000000e-02
5241	3.7735447708206249e-02	1.5625000000000000e-02
5251	3.7734785697091544e-02	1.5625000000000000e-02
5261	3.7734129102045433e-02	1.5625000000000000e-02
5271	3.7733477930231518e-02	1.5625000000000000e-02
5281	3.7732832211269440e-02	1.5625000000000000e-02
5291	3.7732278859530455e-02	1.5625000000000000e-02
5301	3.7731642569200918e-02	1.5625000000000000e-02
5311	3.7731011454158359e-02	1.5625000000000000e-02
5321	3.7730385502701247e-02	1.5625000000000000e-02
5331	3.7729764717665093e-02	1.5625000000000000e-02
5341	3.7729149122215033e-02	1.5625000000000000e-02
5351	3.7728538767852982e-02	1.5625000000000000e-02
5361	3.7728015414467242e-02	1.5625000000000000e-02
5371	3.7727413844769631e-02	1.5625000000000000e-02
5381	3.7726817202314522e-02	1.5625000000000000e-02
5391	3.7726225487268561e-02	1.5625000000000000e-02
5401	3.7725638718642096e-02	1.5625000000000000e-02
5411	3.7725056941864121e-02	1.5625000000000000e-02
5421	3.7724558445245915e-02	1.5625000000000000e-02
5431	3.7723985134120230e-02	1.5625000000000000e-02
5441	3.7723416528337106e-02	1.5625000000000000e-02
5451	3.7722852626714154e-02	1.5625000000000000e-02
5461	3.7722293445942912e-02	1.5625000000000000e-02
5471	3.7721739027923196e-02	1.5625000000000000e-02
5481	3.7721264248563258e-02	1.5625000000000000e-02
5491	3.7720717971271078e-02	1.5625000000000000e-02
5501	3.7720176190513488e-02	1.5625000000000000e-02
5511	3.7719638904850084e-02	1.5625000000000000e-02
5521	3.7719106130187807e-02	1.5625000000000000e-02
5531	3.7718577907066453e-02	1.5625000000000000e-02
5541	3.7718125778547718e-02	1.5625000000000000e-02
5551	3.7717605369653517e-02	1.5625000000000000e-02
5561	3.7717089260562053e-02	1.5625000000000000e-02
5571	3.7716577450498612e-02	1.5625000000000000e-02
5581	3.7716069955966991e-02	1.5625000000000000e-02
5591	3.7715566818117940e-02	1.5625000000000000e-02
5601	3.7715136336704980e-02	1.5625000000000000e-02
5611	3.7714640687392387e-02	1.5625000000000000e-02
5621	3.7714149152407561e-02	1.5625000000000000e-02
5631	3.7713661732558856e-02	1.5625000000000000e-02
5641	3.7713178446250328e-02	1.5625000000000000e-02
5651	3.7712699337153155e-02	1.5625000000000000e-02
5661	3.7712289553522682e-02	1.5625000000000000e-02
5671	3.7711817608941711e-02	1.5625000000000000e-02
5681	3.7711349603918087e-02	1.5625000000000000e-02
5691	3.7710885541723749e-02	1.5625000000000000e-02
5701	3.7710425444051343e-02	1.5625000000000000e-02
5711	3.7710032396314763e-02	1.5625000000000000e-02
5721	3.7709579370955204e-02	1.5625000000000000e-02
5731	3.7709130127479451e-02	1.5625000000000000e-02
5741	3.7708684659117364e-02	1.5625000000000000e-02
5751	3.7708242972629868e-02	1.5625000000000000e-02
5761	3.7707805094476465e-02	1.5625000000000000e-02
5771	3.7707431146881021e-02	1.5625000000000000e-02
5781	3.7707000026187432e-02	1.5625000000000000e-02
5791	3.7706572529642712e-02	1.5625000000000000e-02
5801	3.7706148653878113e-02	1.5625000000000000e-02
5811	3.7705728410330819e-02	1.5625000000000000e-02
5821	3.7705311832057831e-02	1.5625000000000000e-02
5831	3.7704956170694137e-02	1.5625000000000000e-02
5841	3.7704546038120013e-02	1.5625000000000000e-02
5851	3.7704139381170232e-02	1.5625000000000000e-02
5861	3.7703736200857874e-02	1.5625000000000000e-02
5871	3.7703336514787966e-02	1.5625000000000000e-02
5881	3.7702995566348707e-02	1.5625000000000000e-02
5891	3.7702602207347446e-02	1.5625000000000000e-02
5901	3.7702212190998008e-02	1.5625000000000000e-02
5911	3.7701825511079257e-02	1.5625000000000000e-02
5921	3.7701442174266520e-02	1.5625000000000000e-02
5931	3.7701062206189295e-02	1.5625000000000000e-02
5941	3.7700738187363747e-02	1.5625000000000000e-02
5951	3.7700364250553120e-02	1.5625000000000000e-02
5961	3.7699993521795871e-02	1.5625000000000000e-02
5971	3.7699625999980668e-02	1.5625000000000000e-02
5981	3.7699261699044584e-02	1.5625000000000000e-02
5991	3.7698900655271705e-02	1.5625000000000000e-02
6001	3.7698592847636769e-02	1.5625000000000000e-02
6011	3.7698237536818668e-02	1.5625000000000000e-02
6021	3.7697885308406787e-02	1.5625000000000000e-02
6031	3.7697536167848211e-02	1.5625000000000000e-02
6041	3.7697190138693992e-02	1.5625000000000000e-02
6051	3.7696895382382634e-02	1.5625000000000000e-02
6061	3.7696554973526863e-02	1.5625000000000000e-02
6071	3.7696217531810627e-02	1.5625000000000000e-02
6081	3.7695883056532153e-02	1.5625000000000000e-02
6091	3.7695551561797602e-02	1.5625000000000000e-02
6101	3.7695269360496608e-02	1.5625000000000000e-02
6111	3.7694943355782606e-02	1.5625000000000000e-02
6121	3.7694620210534491e-02	1.5625000000000000e-02
6131	3.7694299919568963e-02	1.5625000000000000e-02
6141	3.7693982490000000e-02	1.5625000000000000e-02
6151	3.7693667947538367e-02	1.5625000000000000e-02
6161	3.7693400308649205e-02	1.5625000000000000e-02
6171	3.7693090986794298e-02	1.5625000000000000e-02
6181	3.7692784414644742e-02	1.5625000000000000e-02
6191	3.7692480594112787e-02	1.5625000000000000e-02
6201	3.7692179542916038e-02	1.5625000000000000e-02
6211	3.7691923553074380e-02	1.5625000000000000e-02
6221	3.7691627598426258e-02	1.5625000000000000e-02
6231	3.7691334295295364e-02	1.5625000000000000e-02
6241	3.7691043641716160e-02	1.5625000000000000e-02
6251	3.7690755649347762e-02	1.5625000000000000e-02
6261	3.7690510900390328e-02	1.5625000000000000e-02
6271	3.7690227873756865e-02	1.5625000000000000e-02
6281	3.7689947405915358e-02	1.5625000000000000e-02
6291	3.7689669492042777e-02	1.5625000000000000e-02
6301	3.7689394139184151e-02	1.5625000000000000e-02
6311	3.7689160248919329e-02	1.5625000000000000e-02
6321	3.7688851245104016e-02	1.5625000000000000e-02
6331	3.7688621677732570e-02	1.5625000000000000e-02
6341	3.7688356091415298e-02	1.5625000000000000e-02
6351	3.7688092972553822e-02	1.5625000000000000e-02
6361	3.7687832340993932e-02	1.5625000000000000e-02
6371	3.7687611158648160e-02	1.5625000000000000e-02
6381	3.7687355123825705e-02	1.5625000000000000e-02
6391	3.7687101467656747e-02	1.5625000000000000e-02
6401	3.7686850191106069e-02	1.5625000000000000e-02
6411	3.7686601309875223e-02	1.5625000000000000e-02
6421	3.7686390242069212e-02	1.5625000000000000e-02
6431	3.7686145835649110e-02	1.5625000000000000e-02
6441	3.7685903726914827e-02	1.5625000000000000e-02
6451	3.7685663914914125e-02	1.5625000000000000e-02
6461	3.7685426412222611e-02	1.5625000000000000e-02
6471	3.7685225129796773e-02	1.5625000000000000e-02
6481	3.7684991979549221e-02	1.5625000000000000e-02
6491	3.7684761049856186e-02	1.5625000000000000e-02
6501	3.7684532338393417e-02	1.5625000000000000e-02
6511	3.7684305855441913e-02	1.5625000000000000e-02
6521	3.7684114045614114e-02	1.5625000000000000e-02
6531	3.7683891793548141e-02	1.5625000000000000e-02
6541	3.7683671688408027e-02	1.5625000000000000e-02
6551	3.7683453726918947e-02	1.5625000000000000e-02
6561	3.7683237917754409e-02	1.5625000000000000e-02
6571	3.7683055282386246e-02	1.5625000000000000e-02
6581	3.7682843584240455e-02	1.5625000000000000e-02
6591	3.7682633962593304e-02	1.5625000000000000e-02
6601	3.7682426413596315e-02	1.5625000000000000e-02
6611	3.7682220944897704e-02	1.5625000000000000e-02
6621	3.7682047199151247e-02	1.5625000000000000e-02
6631	3.7681845723835483e-02	1.5625000000000000e-02
6641	3.7681646257580637e-02	1.5625000000000000e-02
6651	3.7681448796277439e-02	1.5625000000000000e-02
6661	3.7681253347024102e-02	1.5625000000000000e-02
6671	3.7681088218265657e-02	1.5625000000000000e-02
6681	3.7680896647377393e-02	1.5625000000000000e-02
6691	3.7680707020895210e-02	1.5625000000000000e-02
6701	3.7680519334725826e-02	1.5625000000000000e-02
6711	3.7680333595903281e-02	1.5625000000000000e-02
6721	3.7680176822809219e-02	1.5625000000000000e-02
6731	3.7679994850091880e-02	1.5625000000000000e-02
6741	3.7679814759747687e-02	1.5625000000000000e-02
6751	3.7679636547996775e-02	1.5625000000000000e-02
6761	3.7679486056163558e-02	1.5625000000000000e-02
6771	3.7679285807677987e-02	1.5625000000000000e-02
6781	3.7679096212390850e-02	1.5625000000000000e-02
6791	3.7679067141594080e-02	7.8125000000000000e-03
6801	3.7678995148620165e-02	7.8125000000000000e-03
6811	3.7678650533943259e-02	7.8125000000000000e-03
6821	3.7678542880098309e-02	7.8125000000000000e-03
6831	3.7678332275710269e-02	3.9062500000000000e-03
6841	3.7678181319147352e-02	1.9531250000000000e-03
6851	3.7678031105324306e-02	1.5625000000000000e-02
6861	3.7677849617960946e-02	7.8125000000000000e-03
6871	3.7677752064452341e-02	3.9062500000000000e-03
6881	3.7677671215006092e-02	1.5625000000000000e-02
6891	3.7677424166385975e-02	7.8125000000000000e-03
6901	3.7677604206683313e-02	7.8125000000000000e-03
6911	3.7677148882022560e-02	7.8125000000000000e-03
6921	3.7676948002996258e-02	3.9062500000000000e-03
6931	3.7676834898170530e-02	7.8125000000000000e-03
6941	3.7676704594501120e-02	3.9062500000000000e-03
6951	3.7676888224815075e-02	1.5625000000000000e-02
6961	3.7676445160025440e-02	7.8125000000000000e-03
6971	3.7676528083759875e-02	3.9062500000000000e-03
6981	3.7676139393427954e-02	3.9062500000000000e-03
6991	3.7675994378444377e-02	1.9531250000000000e-03
7001	3.7675836381755312e-02	1.5625000000000000e-02
7011	3.7675763996590117e-02	3.9062500000000000e-03
7021	3.7675592889580445e-02	1.5625000000000000e-02
7031	3.7675479136993983e-02	3.9062500000000000e-03
7041	3.7675422051474117e-02	3.9062500000000000e-03
7051	3.7675243786224333e-02	1.5625000000000000e-02
7061	3.7675117009953074e-02	1.9531250000000000e-03
7071	3.7674957917670726e-02	3.1250000000000000e-02
7081	3.7674832694047700e-02	1.5625000000000000e-02
7091	3.7674785909405317e-02	7.8125000000000000e-03
7101	3.7674607581429154e-02	3.9062500000000000e-03
7111	3.7674503200185616e-02	7.8125000000000000e-03
7121	3.7674385635947716e-02	1.9531250000000000e-03
7131	3.7674240023740535e-02	3.1250000000000000e-02
7141	3.7674123131969273e-02	1.5625000000000000e-02
7151	3.7674080406827404e-02	7.8125000000000000e-03
7161	3.7673917555612890e-02	3.9062500000000000e-03
7171	3.7673820084653808e-02	7.8125000000000000e-03
7181	3.7673711758830608e-02	1.9531250000000000e-03
7191	3.7673579267017088e-02	3.1250000000000000e-02
7201	3.7673470281324395e-02	1.5625000000000000e-02
7211	3.7673431487202702e-02	7.8125000000000000e-03
7221	3.7673283709896976e-02	3.9062500000000000e-03
7231	3.7673204880023237e-02	1.9531250000000000e-03
7241	3.7673070260508035e-02	3.1250000000000000e-02
7251	3.7672954428452643e-02	1.5625000000000000e-02
7261	3.7672847505741736e-02	1.5625000000000000e-02
7271	3.7672812456632343e-02	7.8125000000000000e-03
7281	3.7672704066386675e-02	3.9062500000000000e-03
7291	3.7672630211726288e-02	1.9531250000000000e-03
7301	3.7672507950962220e-02	3.1250000000000000e-02
7311	3.7672401710015180e-02	1.5625000000000000e-02
7321	3.7672368847977422e-02	7.8125000000000000e-03
7331	3.7672240844753624e-02	1.9531250000000000e-03
7341	3.7672207816515035e-02	3.9062500000000000e-03
7351	3.7672232431704034e-02	7.8125000000000000e-03
7361	3.7672015852340479e-02	7.8125000000000000e-03
7371	3.7671912824357223e-02	1.9531250000000000e-03
7381	3.7671891504137522e-02	7.8125000000000000e-03
7391	3.7671797047011624e-02	3.9062500000000000e-03
7401	3.7671706761738033e-02	1.5625000000000000e-02
7411	3.7671620425104635e-02	9.7656250000000000e-04
7421	3.7671614252672736e-02	1.9531250000000000e-03
7431	3.7671512201190804e-02	3.1250000000000000e-02
7441	3.7671469160580062e-02	9.7656250000000000e-04
7451	3.7671438443086958e-02	7.8125000000000000e-03
7461	3.7671326178502662e-02	1.9531250000000000e-03
7471	3.7671305290655432e-02	7.8125000000000000e-03
7481	3.7671201692661915e-02	3.9062500000000000e-03
7491	3.7671185561242160e-02	4.8828125000000000e-04
7501	3.7671165351126024e-02	7.8125000000000000e-03
7511	3.7671056250347279e-02	3.9062500000000000e-03
7521	3.7671037981099942e-02	3.9062500000000000e-03
7531	3.7670968683608752e-02	7.8125000000000000e-03
7541	3.7670923908170950e-02	7.6293945312500000e-06
7551	3.7670923907840326e-02	1.4901161193847656e-08
7561	3.7670923907842102e-02	1.4551915228366852e-11
7571	3.7670923907841214e-02	1.4210854715202004e-14
7581	3.7670923907837772e-02	1.3877787807814457e-17
7591	3.7670923907837772e-02	1.3552527156068805e-20
7595	3.7670923907835996e-02	1.6940658945086007e-21
