1.2500000000000001e-02	3.1723907107145902e-05	-7.1185903683959714e-04	0.0000000000000000e+00
3.7500000000000006e-02	3.5695904991231168e-05	-7.2870522082054833e-04	0.0000000000000000e+00
6.2500000000000000e-02	4.0074946715053122e-05	-7.4381029263102523e-04	0.0000000000000000e+00
8.7500000000000008e-02	4.4891381262660211e-05	-7.5697867357543453e-04	0.0000000000000000e+00
1.1250000000000000e-01	5.0176500386407794e-05	-7.6801420256827218e-04	0.0000000000000000e+00
1.3750000000000001e-01	5.5962429257708504e-05	-7.7672144364394956e-04	0.0000000000000000e+00
1.6250000000000001e-01	6.2282004969192630e-05	-7.8290705337246216e-04	0.0000000000000000e+00
1.8750000000000000e-01	6.9168644224256188e-05	-7.8638119930836219e-04	0.0000000000000000e+00
2.1250000000000002e-01	7.6656201919971377e-05	-7.8695901966858040e-04	0.0000000000000000e+00
2.3750000000000002e-01	8.4778822701922043e-05	-7.8446211353292740e-04	0.0000000000000000e+00
2.6250000000000001e-01	9.3570787935696087e-05	-7.7872005000106763e-04	0.0000000000000000e+00
2.8750000000000003e-01	1.0306636088959161e-04	-7.6957188393447795e-04	0.0000000000000000e+00
3.1250000000000000e-01	1.1329963324589943e-04	-7.5686766517582050e-04	0.0000000000000000e+00
3.3750000000000002e-01	1.2430437634270043e-04	-7.4046992748718319e-04	0.0000000000000000e+00
3.6250000000000004e-01	1.3611390078295774e-04	-7.2025514289967955e-04	0.0000000000000000e+00
3.8750000000000001e-01	1.4876092822127906e-04	-6.9611512673762612e-04	0.0000000000000000e+00
4.1250000000000003e-01	1.6227747923987142e-04	-6.6795837828902453e-04	0.0000000000000000e+00
4.3750000000000000e-01	1.7669478124335389e-04	-6.3571134195808843e-04	0.0000000000000000e+00
4.6250000000000002e-01	1.9204320022768505e-04	-5.9931957377223151e-04	0.0000000000000000e+00
4.8750000000000004e-01	2.0835220010332852e-04	-5.5874879834085390e-04	0.0000000000000000e+00
5.1250000000000007e-01	2.2565033297048195e-04	-5.1398584179006962e-04	0.0000000000000000e+00
5.3749999999999998e-01	2.4396526335039624e-04	-4.6503942683700741e-04	0.0000000000000000e+00
5.6250000000000000e-01	2.6332382886958331e-04	-4.1194081702700585e-04	0.0000000000000000e+00
5.8750000000000002e-01	2.8375213927384784e-04	-3.5474429824036577e-04	0.0000000000000000e+00
6.1250000000000004e-01	3.0527571492033428e-04	-2.9352748688133204e-04	0.0000000000000000e+00
6.3750000000000007e-01	3.2791966506504137e-04	-2.2839145568471925e-04	0.0000000000000000e+00
6.6250000000000009e-01	3.5170890534068876e-04	-1.5946066980397473e-04	0.0000000000000000e+00
6.8750000000000000e-01	3.7666841281885460e-04	-8.6882727762013792e-05	0.0000000000000000e+00
7.1250000000000002e-01	4.0282351598764043e-04	-1.0827903931132306e-05	0.0000000000000000e+00
7.3750000000000004e-01	4.3020021587151705e-04	6.8511508566179046e-05	0.0000000000000000e+00
7.6250000000000007e-01	4.5882553339610441e-04	1.5092205330922821e-04	0.0000000000000000e+00
7.8750000000000009e-01	4.8872787698253162e-04	2.3617016074999910e-04	0.0000000000000000e+00
8.1250000000000000e-01	5.1993742327090513e-04	3.2400338702745702e-04	0.0000000000000000e+00
8.3750000000000002e-01	5.5248650284896433e-04	4.1415183291628496e-04	0.0000000000000000e+00
8.6250000000000004e-01	5.8640998192981207e-04	5.0632973201902767e-04	0.0000000000000000e+00
8.8750000000000007e-01	6.2174563011147888e-04	6.0023719502423363e-04	0.0000000000000000e+00
9.1250000000000009e-01	6.5853446369023498e-04	6.9556209470600437e-04	0.0000000000000000e+00
9.3750000000000000e-01	6.9682105351691825e-04	7.9198207437426108e-04	0.0000000000000000e+00
9.6250000000000002e-01	7.3665378610679791e-04	8.8916666073909261e-04	0.0000000000000000e+00
9.8750000000000004e-01	7.7808506666138418e-04	9.8677946066188420e-04	0.0000000000000000e+00
1.0125000000000000e+00	8.2117145285402879e-04	1.0844804200608980e-03	0.0000000000000000e+00
1.0375000000000001e+00	8.6594946722465228e-04	1.1819838713969374e-03	0.0000000000000000e+00
1.0625000000000000e+00	9.1250302920881012e-04	1.2789056894080266e-03	0.0000000000000000e+00
1.0875000000000001e+00	9.6090005832466323e-04	1.3749110846659836e-03	0.0000000000000000e+00
1.1125000000000000e+00	1.0112120782673870e-03	1.4696712411011229e-03	0.0000000000000000e+00
1.1375000000000000e+00	1.0635138326076294e-03	1.5628656090231063e-03	0.0000000000000000e+00
1.1625000000000001e+00	1.1178827793815989e-03	1.6541841318085540e-03	0.0000000000000000e+00
1.1875000000000000e+00	1.1743984617853941e-03	1.7433293860960883e-03	0.0000000000000000e+00
1.2125000000000001e+00	1.2331417543589287e-03	1.8300186167220533e-03	0.0000000000000000e+00
1.2375000000000000e+00	1.2941939863766517e-03	1.9139856492673363e-03	0.0000000000000000e+00
1.2625000000000002e+00	1.3576359466120559e-03	1.9949826649305678e-03	0.0000000000000000e+00
1.2875000000000001e+00	1.4235467761646232e-03	2.0727818244545724e-03	0.0000000000000000e+00
1.3125000000000000e+00	1.4920027585810982e-03	2.1471767299676703e-03	0.0000000000000000e+00
1.3375000000000001e+00	1.5630760190144795e-03	2.2179837158139148e-03	0.0000000000000000e+00
1.3625000000000000e+00	1.6368331465886408e-03	2.2850429616908755e-03	0.0000000000000000e+00
1.3875000000000002e+00	1.7133337564181328e-03	2.3482194236452221e-03	0.0000000000000000e+00
1.4125000000000001e+00	1.7926290098163526e-03	2.4074035806519694e-03	0.0000000000000000e+00
1.4375000000000000e+00	1.8747601130578750e-03	2.4625119965827847e-03	0.0000000000000000e+00
1.4625000000000001e+00	1.9597568165927721e-03	2.5134876993159467e-03	0.0000000000000000e+00
1.4875000000000000e+00	2.0476359377976914e-03	2.5603003805238335e-03	0.0000000000000000e+00
1.5125000000000002e+00	2.1383999311517768e-03	2.6029464212670157e-03	0.0000000000000000e+00
1.5375000000000001e+00	2.2320355301142102e-03	2.6414487499066253e-03	0.0000000000000000e+00
1.5625000000000000e+00	2.3285124849313976e-03	2.6758565400043879e-03	0.0000000000000000e+00
1.5875000000000001e+00	2.4277824201021803e-03	2.7062447568042694e-03	0.0000000000000000e+00
1.6125000000000000e+00	2.5297778342749985e-03	2.7327135615791845e-03	0.0000000000000000e+00
1.6375000000000002e+00	2.6344112639481937e-03	2.7553875835844631e-03	0.0000000000000000e+00
1.6625000000000001e+00	2.7415746305100388e-03	2.7744150695963310e-03	0.0000000000000000e+00
1.6875000000000000e+00	2.8511387879154009e-03	2.7899669210430622e-03	0.0000000000000000e+00
1.7125000000000001e+00	2.9629532856872798e-03	2.8022356285778375e-03	0.0000000000000000e+00
1.7375000000000000e+00	3.0768463589990382e-03	2.8114341136186685e-03	0.0000000000000000e+00
1.7625000000000002e+00	3.1926251543898552e-03	2.8177944859180517e-03	0.0000000000000000e+00
1.7875000000000001e+00	3.3100761962514859e-03	2.8215667256517975e-03	0.0000000000000000e+00
1.8125000000000000e+00	3.4289660956638634e-03	2.8230172978627724e-03	0.0000000000000000e+00
1.8375000000000001e+00	3.5490424995189970e-03	2.8224277063919364e-03	0.0000000000000000e+00
1.8625000000000000e+00	3.6700352742278413e-03	2.8200929937070070e-03	0.0000000000000000e+00
1.8875000000000002e+00	3.7916579147244337e-03	2.8163201923285092e-03	0.0000000000000000e+00
1.9125000000000001e+00	3.9136091660351476e-03	2.8114267328829272e-03	0.0000000000000000e+00
1.9375000000000000e+00	4.0355748414349739e-03	2.8057388132099008e-03	0.0000000000000000e+00
1.9625000000000001e+00	4.1572298182289613e-03	2.7995897324394102e-03	0.0000000000000000e+00
1.9875000000000000e+00	4.2782401895307453e-03	2.7933181935569174e-03	0.0000000000000000e+00
2.0125000000000002e+00	4.3982655481094191e-03	2.7872665777072124e-03	0.0000000000000000e+00
2.0375000000000001e+00	4.5169674264825301e-03	2.7817744653551722e-03	0.0000000000000000e+00
2.0625000000000000e+00	4.6339949279564571e-03	2.7771863996483644e-03	0.0000000000000000e+00
2.0874999999999999e+00	4.7490030344274235e-03	2.7738449025394730e-03	0.0000000000000000e+00
2.1125000000000003e+00	4.8616501951708286e-03	2.7720888969320389e-03	0.0000000000000000e+00
2.1375000000000002e+00	4.9716008687735536e-03	2.7722518799791394e-03	0.0000000000000000e+00
2.1625000000000001e+00	5.0785280304027781e-03	2.7746600873015223e-03	0.0000000000000000e+00
2.1875000000000000e+00	5.1821156167570250e-03	2.7796306536984946e-03	0.0000000000000000e+00
2.2124999999999999e+00	5.2820608822542496e-03	2.7874697768139091e-03	0.0000000000000000e+00
2.2375000000000003e+00	5.3780766415873725e-03	2.7984708912047068e-03	0.0000000000000000e+00
2.2625000000000002e+00	5.4698933756778829e-03	2.8129128613147663e-03	0.0000000000000000e+00
2.2875000000000001e+00	5.5572611802355209e-03	2.8310582029529908e-03	0.0000000000000000e+00
2.3125000000000000e+00	5.6399515385360862e-03	2.8531513439792266e-03	0.0000000000000000e+00
2.3374999999999999e+00	5.7177589026078095e-03	2.8794169359799612e-03	0.0000000000000000e+00
2.3625000000000003e+00	5.7905020697161004e-03	2.9100582297314562e-03	0.0000000000000000e+00
2.3875000000000002e+00	5.8580253438049526e-03	2.9452555281636551e-03	0.0000000000000000e+00
2.4125000000000001e+00	5.9201994743406277e-03	2.9851647313167873e-03	0.0000000000000000e+00
2.4375000000000000e+00	5.9769223677626380e-03	3.0299159883876632e-03	0.0000000000000000e+00
2.4625000000000004e+00	6.0281195694360922e-03	3.0796124723601738e-03	0.0000000000000000e+00
2.4875000000000003e+00	6.0737445165800598e-03	3.1343292928729988e-03	0.0000000000000000e+00
2.5125000000000002e+00	6.1137785650869671e-03	3.1941125628698569e-03	0.0000000000000000e+00
2.5375000000000001e+00	6.1482307954213678e-03	3.2589786341813225e-03	0.0000000000000000e+00
2.5625000000000000e+00	6.1771376048722843e-03	3.3289135164857498e-03	0.0000000000000000e+00
2.5875000000000004e+00	6.2005620953169832e-03	3.4038724930801679e-03	0.0000000000000000e+00
2.6125000000000003e+00	6.2185932673260074e-03	3.4837799455573726e-03	0.0000000000000000e+00
2.6375000000000002e+00	6.2313450328956273e-03	3.5685293978376838e-03	0.0000000000000000e+00
2.6625000000000001e+00	6.2389550603346045e-03	3.6579837880558685e-03	0.0000000000000000e+00
2.6875000000000000e+00	6.2415834658616420e-03	3.7519759745764125e-03	0.0000000000000000e+00
2.7125000000000004e+00	6.2394113672952457e-03	3.8503094799324177e-03	0.0000000000000000e+00
2.7375000000000003e+00	6.2326393158488357e-03	3.9527594737912512e-03	0.0000000000000000e+00
2.7625000000000002e+00	6.2214856224919379e-03	4.0590739931867193e-03	0.0000000000000000e+00
2.7875000000000001e+00	6.2061845956158735e-03	4.1689753952722699e-03	0.0000000000000000e+00
2.8125000000000000e+00	6.1869847068619982e-03	4.2821620347966091e-03	0.0000000000000000e+00
2.8375000000000004e+00	6.1641467019450773e-03	4.3983101554401199e-03	0.0000000000000000e+00
2.8625000000000003e+00	6.1379416731457536e-03	4.5170759811377541e-03	0.0000000000000000e+00
2.8875000000000002e+00	6.1086491098655748e-03	4.6380979906128468e-03	0.0000000000000000e+00
2.9125000000000001e+00	6.0765549432457051e-03	4.7609993556167757e-03	0.0000000000000000e+00
2.9375000000000000e+00	6.0419496003554065e-03	4.8853905208698419e-03	0.0000000000000000e+00
2.9625000000000004e+00	6.0051260828663097e-03	5.0108719014831798e-03	0.0000000000000000e+00
2.9875000000000003e+00	5.9663780844505738e-03	5.1370366717589169e-03	0.0000000000000000e+00
3.0125000000000002e+00	5.9259981603809872e-03	5.2634736177583474e-03	0.0000000000000000e+00
3.0375000000000001e+00	5.8842431473735126e-03	5.3896884329389019e-03	0.0000000000000000e+00
3.0625000000000000e+00	5.8414266905259787e-03	5.5153455184958735e-03	0.0000000000000000e+00
3.0875000000000004e+00	5.7978263113445420e-03	5.6400346044581133e-03	0.0000000000000000e+00
3.1125000000000003e+00	5.7537116701794370e-03	5.7633522486288929e-03	0.0000000000000000e+00
3.1375000000000002e+00	5.7093431297910533e-03	5.8849044823457855e-03	0.0000000000000000e+00
3.1625000000000001e+00	5.6649704288236121e-03	6.0043093418060542e-03	0.0000000000000000e+00
3.1875000000000000e+00	5.6208314710536802e-03	6.1211992578549300e-03	0.0000000000000000e+00
3.2125000000000004e+00	5.5771512350838905e-03	6.2352232790986598e-03	0.0000000000000000e+00
3.2375000000000003e+00	5.5341408079416588e-03	6.3460491055230151e-03	0.0000000000000000e+00
3.2625000000000002e+00	5.4919965448305018e-03	6.4533649124261941e-03	0.0000000000000000e+00
3.2875000000000001e+00	5.4508993560811302e-03	6.5568809473626564e-03	0.0000000000000000e+00
3.3125000000000000e+00	5.4110141211742785e-03	6.6563308858871347e-03	0.0000000000000000e+00
3.3375000000000004e+00	5.3724892285715283e-03	6.7514729351298404e-03	0.0000000000000000e+00
3.3625000000000003e+00	5.3354562390086485e-03	6.8420906775672734e-03	0.0000000000000000e+00
3.3875000000000002e+00	5.3000296688918112e-03	6.9279936507216314e-03	0.0000000000000000e+00
3.4125000000000001e+00	5.2663068895041285e-03	7.0090176618706279e-03	0.0000000000000000e+00
3.4375000000000000e+00	5.2343681368902904e-03	7.0850248401272313e-03	0.0000000000000000e+00
3.4625000000000004e+00	5.2042766265516099e-03	7.1559034314078208e-03	0.0000000000000000e+00
3.4875000000000003e+00	5.1760787664616118e-03	7.2215673448054714e-03	0.0000000000000000e+00
3.5125000000000002e+00	5.1498044614103084e-03	7.2819554616855211e-03	0.0000000000000000e+00
3.5375000000000001e+00	5.1254675013085007e-03	7.3370307213933535e-03	0.0000000000000000e+00
3.5625000000000000e+00	5.1030660258338991e-03	7.3867789997847126e-03	0.0000000000000000e+00
3.5875000000000004e+00	5.0825830576784739e-03	7.4312077988394612e-03	0.0000000000000000e+00
3.6125000000000003e+00	5.0639870966583903e-03	7.4703447673884205e-03	0.0000000000000000e+00
3.6375000000000002e+00	5.0472327670687805e-03	7.5042360744637937e-03	0.0000000000000000e+00
3.6625000000000001e+00	5.0322615108976563e-03	7.5329446579753007e-03	0.0000000000000000e+00
3.6875000000000000e+00	5.0190023198466048e-03	7.5565483723198093e-03	0.0000000000000000e+00
3.7125000000000004e+00	5.0073724995282421e-03	7.5751380591586393e-03	0.0000000000000000e+00
3.7375000000000003e+00	4.9972784597083261e-03	7.5888155659530028e-03	0.0000000000000000e+00
3.7625000000000002e+00	4.9886165250183833e-03	7.5976917369456921e-03	0.0000000000000000e+00
3.7875000000000001e+00	4.9812737611669381e-03	7.6018844011282224e-03	0.0000000000000000e+00
3.8125000000000000e+00	4.9751288123065880e-03	7.6015163813500219e-03	0.0000000000000000e+00
3.8375000000000004e+00	4.9700527458535369e-03	7.5967135481222747e-03	0.0000000000000000e+00
3.8625000000000003e+00	4.9659099016882155e-03	7.5876029408553976e-03	0.0000000000000000e+00
3.8875000000000002e+00	4.9625587432741087e-03	7.5743109782567593e-03	0.0000000000000000e+00
3.9125000000000001e+00	4.9598527088007757e-03	7.5569617784134076e-03	0.0000000000000000e+00
3.9375000000000000e+00	4.9576410609717021e-03	7.5356756077020410e-03	0.0000000000000000e+00
3.9625000000000004e+00	4.9557697345050623e-03	7.5105674761123042e-03	0.0000000000000000e+00
3.9875000000000003e+00	4.9540821807840642e-03	7.4817458948468075e-03	0.0000000000000000e+00
4.0125000000000002e+00	4.9524202093741030e-03	7.4493118101784349e-03	0.0000000000000000e+00
4.0375000000000005e+00	4.9505766430518825e-03	7.4132974132529294e-03	0.0000000000000000e+00
4.0625000000000000e+00	4.9484439544853886e-03	7.3738290256845718e-03	0.0000000000000000e+00
4.0875000000000004e+00	4.9458623329421232e-03	7.3309777002310379e-03	0.0000000000000000e+00
4.1124999999999998e+00	4.9426737317034104e-03	7.2848040154255061e-03	0.0000000000000000e+00
4.1375000000000002e+00	4.9387226473727635e-03	7.2353579451740185e-03	0.0000000000000000e+00
4.1625000000000005e+00	4.9338568963156427e-03	7.1826789283974176e-03	0.0000000000000000e+00
4.1875000000000000e+00	4.9279283864897324e-03	7.1267961349341762e-03	0.0000000000000000e+00
4.2125000000000004e+00	4.9207938824919447e-03	7.0677289211416618e-03	0.0000000000000000e+00
4.2374999999999998e+00	4.9123157611554247e-03	7.0054874658581397e-03	0.0000000000000000e+00
4.2625000000000002e+00	4.9023627544920083e-03	6.9400735746538156e-03	0.0000000000000000e+00
4.2875000000000005e+00	4.8908106762098518e-03	6.8714816376473980e-03	0.0000000000000000e+00
4.3125000000000000e+00	4.8775431274612228e-03	6.7996997236399086e-03	0.0000000000000000e+00
4.3375000000000004e+00	4.8624521769115364e-03	6.7247107909666577e-03	0.0000000000000000e+00
4.3624999999999998e+00	4.8454390096884271e-03	6.6464939933403881e-03	0.0000000000000000e+00
4.3875000000000002e+00	4.8264145392900963e-03	6.5650260571026792e-03	0.0000000000000000e+00
4.4125000000000005e+00	4.8052999761261867e-03	6.4802827047652735e-03	0.0000000000000000e+00
4.4375000000000000e+00	4.7820273460521447e-03	6.3922400985541670e-03	0.0000000000000000e+00
4.4625000000000004e+00	4.7565399520582783e-03	6.3008762769096909e-03	0.0000000000000000e+00
4.4874999999999998e+00	4.7287927722045138e-03	6.2061725565826743e-03	0.0000000000000000e+00
4.5125000000000002e+00	4.6987527869657578e-03	6.1081148731308328e-03	0.0000000000000000e+00
4.5375000000000005e+00	4.6663992293824530e-03	6.0066950332834596e-03	0.0000000000000000e+00
4.5625000000000000e+00	4.6317237518047252e-03	5.9019118538195933e-03	0.0000000000000000e+00
4.5875000000000004e+00	4.5947305035809669e-03	5.7937721632980608e-03	0.0000000000000000e+00
4.6124999999999998e+00	4.5554361147730994e-03	5.6822916451789666e-03	0.0000000000000000e+00
4.6375000000000002e+00	4.5138695818772792e-03	5.5674955035649185e-03	0.0000000000000000e+00
4.6625000000000005e+00	4.4700720525818497e-03	5.4494189359345149e-03	0.0000000000000000e+00
4.6875000000000000e+00	4.4240965077909809e-03	5.3281074007957632e-03	0.0000000000000000e+00
4.7125000000000004e+00	4.3760073404652032e-03	5.2036166720969557e-03	0.0000000000000000e+00
4.7374999999999998e+00	4.3258798322573450e-03	5.0760126764299706e-03	0.0000000000000000e+00
4.7625000000000002e+00	4.2737995304286871e-03	4.9453711134687878e-03	0.0000000000000000e+00
4.7875000000000005e+00	4.2198615290866747e-03	4.8117768646182089e-03	0.0000000000000000e+00
4.8125000000000000e+00	4.1641696603606079e-03	4.6753231994120480e-03	0.0000000000000000e+00
4.8375000000000004e+00	4.1068356026916627e-03	4.5361107936986288e-03	0.0000000000000000e+00
4.8625000000000007e+00	4.0479779149235019e-03	4.3942465779840080e-03	0.0000000000000000e+00
4.8875000000000002e+00	3.9877210063040350e-03	4.2498424383696273e-03	0.0000000000000000e+00
4.9125000000000005e+00	3.9261940538128821e-03	4.1030137962224014e-03	0.0000000000000000e+00
4.9375000000000000e+00	3.8635298793791009e-03	3.9538780959580489e-03	0.0000000000000000e+00
4.9625000000000004e+00	3.7998638005187014e-03	3.8025532330161972e-03	0.0000000000000000e+00
4.9875000000000007e+00	3.7353324686733918e-03	3.6491559561816268e-03	0.0000000000000000e+00
5.0125000000000002e+00	3.6700727100470614e-03	3.4938002797949121e-03	0.0000000000000000e+00
5.0375000000000005e+00	3.6042882111509029e-03	3.3366503207745762e-03	0.0000000000000000e+00
5.0625000000000000e+00	3.5380531166181056e-03	3.1777824852924070e-03	0.0000000000000000e+00
5.0875000000000004e+00	3.4715008318485160e-03	3.0172964646130768e-03	0.0000000000000000e+00
5.1125000000000007e+00	3.4047609414319933e-03	2.8552845977093226e-03	0.0000000000000000e+00
5.1375000000000002e+00	3.3379583610163282e-03	2.6918309445140387e-03	0.0000000000000000e+00
5.1625000000000005e+00	3.2712125827803807e-03	2.5270105876355840e-03	0.0000000000000000e+00
5.1875000000000000e+00	3.2046370263770873e-03	2.3608891872027608e-03	0.0000000000000000e+00
5.2125000000000004e+00	3.1383385056300657e-03	2.1935228090475996e-03	0.0000000000000000e+00
5.2375000000000007e+00	3.0724168194831841e-03	2.0249580414275353e-03	0.0000000000000000e+00
5.2625000000000002e+00	3.0069644737466318e-03	1.8552324100308680e-03	0.0000000000000000e+00
5.2875000000000005e+00	2.9420665380915207e-03	1.6843750952095689e-03	0.0000000000000000e+00
5.3125000000000000e+00	2.8778006405566258e-03	1.5124079493597647e-03	0.0000000000000000e+00
5.3375000000000004e+00	2.8142370995864318e-03	1.3393468062478410e-03	0.0000000000000000e+00
5.3625000000000007e+00	2.7514391913611193e-03	1.1652030679874898e-03	0.0000000000000000e+00
5.3875000000000002e+00	2.6894635479485993e-03	9.8998554943981101e-04	0.0000000000000000e+00
5.4125000000000005e+00	2.6283606796471660e-03	8.1370255416142445e-04	0.0000000000000000e+00
5.4375000000000000e+00	2.5681756128341986e-03	6.3636415078596341e-04	0.0000000000000000e+00
5.4625000000000004e+00	2.5089486327279191e-03	4.5798461400517292e-04	0.0000000000000000e+00
5.4875000000000007e+00	2.4507161187384838e-03	2.7858499021885067e-04	0.0000000000000000e+00
5.5125000000000002e+00	2.3935114585603330e-03	9.8195744536265462e-05	0.0000000000000000e+00
5.5375000000000005e+00	2.3373660258634130e-03	-8.3140556792118549e-05	0.0000000000000000e+00
5.5625000000000000e+00	2.2823102053955734e-03	-2.6536657619963418e-04	0.0000000000000000e+00
5.5875000000000004e+00	2.2283744485249472e-03	-4.4840759546342824e-04	0.0000000000000000e+00
5.6125000000000007e+00	2.1755903417374246e-03	-6.3216901577731112e-04	0.0000000000000000e+00
5.6375000000000002e+00	2.1239916703624214e-03	-8.1653401492505885e-04	0.0000000000000000e+00
5.6625000000000005e+00	2.0736154598270540e-03	-1.0013614074833959e-03	0.0000000000000000e+00
5.6875000000000000e+00	2.0245029770266198e-03	-1.1864837513969960e-03	0.0000000000000000e+00
5.7125000000000004e+00	1.9767006749356157e-03	-1.3717057409094041e-03	0.0000000000000000e+00
5.7375000000000007e+00	1.9302610643522160e-03	-1.5568029217761670e-03	0.0000000000000000e+00
5.7625000000000002e+00	1.8852434976509359e-03	-1.7415207600152670e-03	0.0000000000000000e+00
5.7875000000000005e+00	1.8417148505912341e-03	-1.9255740902619372e-03	0.0000000000000000e+00
5.8125000000000000e+00	1.7997500895706486e-03	-2.1086469641949587e-03	0.0000000000000000e+00
5.8375000000000004e+00	1.7594327131951028e-03	-2.2903929136001977e-03	0.0000000000000000e+00
5.8625000000000007e+00	1.7208550586414904e-03	-2.4704356365476471e-03	0.0000000000000000e+00
5.8875000000000002e+00	1.6841184649839360e-03	-2.6483701089936172e-03	0.0000000000000000e+00
5.9125000000000005e+00	1.6493332874216559e-03	-2.8237641179903639e-03	0.0000000000000000e+00
5.9375000000000000e+00	1.6166187581607044e-03	-2.9961602066960291e-03	0.0000000000000000e+00
5.9625000000000004e+00	1.5861026915434454e-03	-3.1650780156257403e-03	0.0000000000000000e+00
5.9875000000000007e+00	1.5579210328696184e-03	-3.3300169991574958e-03	0.0000000000000000e+00
6.0125000000000002e+00	1.5322172521945357e-03	-3.4904594912806412e-03	0.0000000000000000e+00
6.0375000000000005e+00	1.5091375657237517e-03	-3.6459037118342029e-03	0.0000000000000000e+00
6.0625000000000000e+00	1.4888428473633405e-03	-3.7957886922136241e-03	0.0000000000000000e+00
6.0875000000000004e+00	1.4714938816617722e-03	-3.9395681944978276e-03	0.0000000000000000e+00
6.1125000000000007e+00	1.4572551133283989e-03	-4.0766943001312008e-03	0.0000000000000000e+00
6.1375000000000002e+00	1.4462933440966771e-03	-4.2066217314055731e-03	0.0000000000000000e+00
6.1625000000000005e+00	1.4387763193036305e-03	-4.3288122967721811e-03	0.0000000000000000e+00
6.1875000000000000e+00	1.4348712170344736e-03	-4.4427394142140825e-03	0.0000000000000000e+00
6.2125000000000004e+00	1.4347430540479422e-03	-4.5478926663432787e-03	0.0000000000000000e+00
6.2375000000000007e+00	1.4385530239627046e-03	-4.6437823408473546e-03	0.0000000000000000e+00
6.2625000000000002e+00	1.4464567843376322e-03	-4.7299439103642166e-03	0.0000000000000000e+00
6.2875000000000005e+00	1.4586027103068281e-03	-4.8059424067732658e-03	0.0000000000000000e+00
6.3125000000000000e+00	1.4751301333210344e-03	-4.8713766462173446e-03	0.0000000000000000e+00
6.3375000000000004e+00	1.4961675842857685e-03	-4.9258832628726558e-03	0.0000000000000000e+00
6.3625000000000007e+00	1.5218310609577406e-03	-4.9691405115240882e-03	0.0000000000000000e+00
6.3875000000000002e+00	1.5522223398481642e-03	-5.0008718013446014e-03	0.0000000000000000e+00
6.4125000000000005e+00	1.5874273530675799e-03	-5.0208489258854955e-03	0.0000000000000000e+00
6.4375000000000000e+00	1.6275146505149271e-03	-5.0288949571291883e-03	0.0000000000000000e+00
6.4625000000000004e+00	1.6725339675476856e-03	-5.0248867745112712e-03	0.0000000000000000e+00
6.4875000000000007e+00	1.7225149177554633e-03	-5.0087572030610827e-03	0.0000000000000000e+00
6.5125000000000002e+00	1.7774658296840899e-03	-4.9804967382205646e-03	0.0000000000000000e+00
6.5375000000000005e+00	1.8373727453119765e-03	-4.9401548384630234e-03	0.0000000000000000e+00
6.5625000000000000e+00	1.9021985967600035e-03	-4.8878407705316256e-03	0.0000000000000000e+00
6.5875000000000004e+00	1.9718825761199012e-03	-4.8237239959382644e-03	0.0000000000000000e+00
6.6125000000000007e+00	2.0463397114189002e-03	-4.7480340912922124e-03	0.0000000000000000e+00
6.6375000000000002e+00	2.1254606596109644e-03	-4.6610601990497583e-03	0.0000000000000000e+00
6.6625000000000005e+00	2.2091117251142379e-03	-4.5631500093722376e-03	0.0000000000000000e+00
6.6875000000000000e+00	2.2971351098239139e-03	-4.4547082779296879e-03	0.0000000000000000e+00
6.7125000000000004e+00	2.3893493977495718e-03	-4.3361948886652020e-03	0.0000000000000000e+00
6.7375000000000007e+00	2.4855502744923937e-03	-4.2081224747110083e-03	0.0000000000000000e+00
6.7625000000000002e+00	2.5855114787327045e-03	-4.0710536147864455e-03	0.0000000000000000e+00
6.7875000000000005e+00	2.6889859797892659e-03	-3.9255976264707037e-03	0.0000000000000000e+00
6.8125000000000000e+00	2.7957073721902913e-03	-3.7724069816853726e-03	0.0000000000000000e+00
6.8375000000000004e+00	2.9053914751170822e-03	-3.6121733734953295e-03	0.0000000000000000e+00
6.8625000000000007e+00	3.0177381216013183e-03	-3.4456234668908637e-03	0.0000000000000000e+00
6.8875000000000002e+00	3.1324331195337844e-03	-3.2735143694963805e-03	0.0000000000000000e+00
6.9125000000000005e+00	3.2491503639323635e-03	-3.0966288611093047e-03	0.0000000000000000e+00
6.9375000000000000e+00	3.3675540775747166e-03	-2.9157704235553339e-03	0.0000000000000000e+00
6.9625000000000004e+00	3.4873011550766555e-03	-2.7317581145049332e-03	0.0000000000000000e+00
6.9875000000000007e+00	3.6080435838360871e-03	-2.5454213305871731e-03	0.0000000000000000e+00
7.0125000000000002e+00	3.7294309140031355e-03	-2.3575945063234087e-03	0.0000000000000000e+00
7.0375000000000005e+00	3.8511507694261554e-03	-2.1690302960598782e-03	0.0000000000000000e+00
7.0625000000000000e+00	3.9728186228136456e-03	-1.9806351302068398e-03	0.0000000000000000e+00
7.0875000000000004e+00	4.0940930490005571e-03	-1.7932236702721982e-03	0.0000000000000000e+00
7.1125000000000007e+00	4.2146400511310321e-03	-1.6075945332493780e-03	0.0000000000000000e+00
7.1375000000000002e+00	4.3341353851731133e-03	-1.4245252845886689e-03	0.0000000000000000e+00
7.1625000000000005e+00	4.4522667666311074e-03	-1.2447676366948183e-03	0.0000000000000000e+00
7.1875000000000000e+00	4.5687359360046115e-03	-1.0690428912410556e-03	0.0000000000000000e+00
7.2125000000000004e+00	4.6832605617955995e-03	-8.9803766054725217e-04	0.0000000000000000e+00
7.2375000000000007e+00	4.7955759624484203e-03	-7.3239989983181204e-04	0.0000000000000000e+00
7.2625000000000002e+00	4.9054366314689049e-03	-5.7273527837418904e-04	0.0000000000000000e+00
7.2875000000000005e+00	5.0126175530494036e-03	-4.1960391358440360e-04	0.0000000000000000e+00
7.3125000000000000e+00	5.1169152987630114e-03	-2.7351748773927185e-04	0.0000000000000000e+00
7.3375000000000004e+00	5.2181488992164250e-03	-1.3493676278605323e-04	0.0000000000000000e+00
7.3625000000000007e+00	5.3161604878996837e-03	-4.2695042073946768e-06	0.0000000000000000e+00
7.3875000000000002e+00	5.4108157177753620e-03	1.1813117944014697e-04	0.0000000000000000e+00
7.4125000000000005e+00	5.5020039543456408e-03	2.3196807898823545e-04	0.0000000000000000e+00
7.4375000000000000e+00	5.5896382519616903e-03	3.3700071092036647e-04	0.0000000000000000e+00
7.4625000000000004e+00	5.6736551229407172e-03	4.3304573314589475e-04	0.0000000000000000e+00
7.4875000000000007e+00	5.7540141115825444e-03	5.1997695963220292e-04	0.0000000000000000e+00
7.5125000000000002e+00	5.8306971873879126e-03	5.9772498656980241e-04	0.0000000000000000e+00
7.5375000000000005e+00	5.9037079736416484e-03	6.6627644572737096e-04	0.0000000000000000e+00
7.5625000000000000e+00	5.9730708290106783e-03	7.2567290326727013e-04	0.0000000000000000e+00
7.5875000000000004e+00	6.0388298009046715e-03	7.7600942452274912e-04	0.0000000000000000e+00
7.6125000000000007e+00	6.1010474700496312e-03	8.1743282708062815e-04	0.0000000000000000e+00
7.6375000000000002e+00	6.1598037060356372e-03	8.5013964597128436e-04	0.0000000000000000e+00
7.6625000000000005e+00	6.2151943535307631e-03	8.7437383585252479e-04	0.0000000000000000e+00
7.6875000000000000e+00	6.2673298684245904e-03	8.9042423580353947e-04	0.0000000000000000e+00
7.7125000000000004e+00	6.3163339224037831e-03	8.9862182274357352e-04	0.0000000000000000e+00
7.7375000000000007e+00	6.3623419934031346e-03	8.9933677958568489e-04	0.0000000000000000e+00
7.7625000000000002e+00	6.4054999580574609e-03	8.9297540406093798e-04	0.0000000000000000e+00
7.7875000000000005e+00	6.4459627007460354e-03	8.7997688373667095e-04	0.0000000000000000e+00
7.8125000000000000e+00	6.4838927521185617e-03	8.6080996213929166e-04	0.0000000000000000e+00
7.8375000000000004e+00	6.5194589681677783e-03	8.3596952011251013e-04	0.0000000000000000e+00
7.8625000000000007e+00	6.5528352590174463e-03	8.0597309563040212e-04	0.0000000000000000e+00
7.8875000000000002e+00	6.5841993746735819e-03	7.7135736427367413e-04	0.0000000000000000e+00
7.9125000000000005e+00	6.6137317530874148e-03	7.3267460149733111e-04	0.0000000000000000e+00
7.9375000000000000e+00	6.6416144340441076e-03	6.9048914669606477e-04	0.0000000000000000e+00
7.9625000000000004e+00	6.6680300406614084e-03	6.4537388793436577e-04	0.0000000000000000e+00
7.9875000000000007e+00	6.6931608286922989e-03	5.9790678507268204e-04	0.0000000000000000e+00
8.0125000000000011e+00	6.7171878024054480e-03	5.4866744790641538e-04	0.0000000000000000e+00
8.0374999999999996e+00	6.7402543062659009e-03	4.9831553175990839e-04	0.0000000000000000e+00
8.0625000000000000e+00	6.7625605400669061e-03	4.4734085918567661e-04	0.0000000000000000e+00
8.0875000000000004e+00	6.7842774269304927e-03	3.9631125315912202e-04	0.0000000000000000e+00
8.1125000000000007e+00	6.8055713027335742e-03	3.4578335803842980e-04	0.0000000000000000e+00
8.1375000000000011e+00	6.8266032632783831e-03	2.9629978713481922e-04	0.0000000000000000e+00
8.1624999999999996e+00	6.8475285444146820e-03	2.4838640428733957e-04	0.0000000000000000e+00
8.1875000000000000e+00	6.8684959294905623e-03	2.0254975079267979e-04	0.0000000000000000e+00
8.2125000000000004e+00	6.8896471788148644e-03	1.5927462830410898e-04	0.0000000000000000e+00
8.2375000000000007e+00	6.9111164763125442e-03	1.1902184761931540e-04	0.0000000000000000e+00
8.2625000000000011e+00	6.9330298892230401e-03	8.2226152615790551e-05	0.0000000000000000e+00
8.2874999999999996e+00	6.9555048375057630e-03	4.9294327953964752e-05	0.0000000000000000e+00
8.3125000000000000e+00	6.9786495705487974e-03	2.0603498540461069e-05	0.0000000000000000e+00
8.3375000000000004e+00	7.0025626497976310e-03	-3.5003718867662949e-06	0.0000000000000000e+00
8.3625000000000007e+00	7.0273324370001174e-03	-2.2703776337422516e-05	0.0000000000000000e+00
8.3875000000000011e+00	7.0530365888712429e-03	-3.6726748278093568e-05	0.0000000000000000e+00
8.4124999999999996e+00	7.0797415600869183e-03	-4.5323728165712636e-05	0.0000000000000000e+00
8.4375000000000000e+00	7.1075021175904833e-03	-4.8284208290532636e-05	0.0000000000000000e+00
8.4625000000000004e+00	7.1363608702120079e-03	-4.5433152283397301e-05	0.0000000000000000e+00
8.4875000000000007e+00	7.1663478185332594e-03	-3.6631186603949763e-05	0.0000000000000000e+00
8.5125000000000011e+00	7.1974799307582757e-03	-2.1774562392934911e-05	0.0000000000000000e+00
8.5374999999999996e+00	7.2297607510512334e-03	-7.9488725317004772e-07	0.0000000000000000e+00
8.5625000000000000e+00	7.2631800473640052e-03	2.6341372172499342e-05	0.0000000000000000e+00
8.5875000000000004e+00	7.2977135061830754e-03	5.9633614527872657e-05	0.0000000000000000e+00
8.6125000000000007e+00	7.3333224818707514e-03	9.9048051119883667e-05	0.0000000000000000e+00
8.6375000000000011e+00	7.3699538083543950e-03	1.4451887081175457e-04	0.0000000000000000e+00
8.6624999999999996e+00	7.4075396808283489e-03	1.9594961510880523e-04	0.0000000000000000e+00
8.6875000000000000e+00	7.4459976148793907e-03	2.5321475422410887e-04	0.0000000000000000e+00
8.7125000000000004e+00	7.4852304900334364e-03	3.1616145294440607e-04	0.0000000000000000e+00
8.7375000000000007e+00	7.5251266841581694e-03	3.8461151309728187e-04	0.0000000000000000e+00
8.7625000000000011e+00	7.5655603044546349e-03	4.5836347737903326e-04	0.0000000000000000e+00
8.7874999999999996e+00	7.6063915199446079e-03	5.3719487727418977e-04	0.0000000000000000e+00
8.8125000000000000e+00	7.6474669994251255e-03	6.2086460582175219e-04	0.0000000000000000e+00
8.8375000000000004e+00	7.6886204578339116e-03	7.0911539410267884e-04	0.0000000000000000e+00
8.8625000000000007e+00	7.7296733128668698e-03	8.0167636858325059e-04	0.0000000000000000e+00
8.8875000000000011e+00	7.7704354525292632e-03	8.9826566489618139e-04	0.0000000000000000e+00
8.9124999999999996e+00	7.8107061131032071e-03	9.9859307232226481e-04	0.0000000000000000e+00
8.9375000000000000e+00	7.8502748657926051e-03	1.1023626821950966e-03	0.0000000000000000e+00
8.9625000000000004e+00	7.8889227090787363e-03	1.2092755127324144e-03	0.0000000000000000e+00
8.9875000000000007e+00	7.9264232626001449e-03	1.3190320824379782e-03	0.0000000000000000e+00
9.0125000000000011e+00	7.9625440571727199e-03	1.4313349042502674e-03	0.0000000000000000e+00
9.0374999999999996e+00	7.9970244360350363e-03	1.5458051887165013e-03	0.0000000000000000e+00
9.0625000000000000e+00	8.0296562303215271e-03	1.6622482443758126e-03	0.0000000000000000e+00
9.0875000000000004e+00	8.0601966643024797e-03	1.7803832998142613e-03	0.0000000000000000e+00
9.1125000000000007e+00	8.0884031187086029e-03	1.8999403694700560e-03	0.0000000000000000e+00
9.1375000000000011e+00	8.1140347671648863e-03	2.0206618851053202e-03	0.0000000000000000e+00
9.1624999999999996e+00	8.1368542595372118e-03	2.1423041089073712e-03	0.0000000000000000e+00
9.1875000000000000e+00	8.1566294395512325e-03	2.2646383114480828e-03	0.0000000000000000e+00
9.2125000000000004e+00	8.1731350833814474e-03	2.3874517011191389e-03	0.0000000000000000e+00
9.2375000000000007e+00	8.1861546453309685e-03	2.5105480953337179e-03	0.0000000000000000e+00
9.2625000000000011e+00	8.1954819962333607e-03	2.6337483276808356e-03	0.0000000000000000e+00
9.2874999999999996e+00	8.2009231398125302e-03	2.7568903892697975e-03	0.0000000000000000e+00
9.3125000000000000e+00	8.2022978919410201e-03	2.8798293066360703e-03	0.0000000000000000e+00
9.3375000000000004e+00	8.1994415075481806e-03	3.0024367627196806e-03	0.0000000000000000e+00
9.3625000000000007e+00	8.1922062398555474e-03	3.1246004714942772e-03	0.0000000000000000e+00
9.3875000000000011e+00	8.1804628166662133e-03	3.2462233207403504e-03	0.0000000000000000e+00
9.4124999999999996e+00	8.1641018186173111e-03	3.3672223011428208e-03	0.0000000000000000e+00
9.4375000000000000e+00	8.1430349446298903e-03	3.4875272432778486e-03	0.0000000000000000e+00
9.4625000000000004e+00	8.1171961502676804e-03	3.6070793870686736e-03	0.0000000000000000e+00
9.4875000000000007e+00	8.0865426453549036e-03	3.7258298108749305e-03	0.0000000000000000e+00
9.5125000000000011e+00	8.0510557380109402e-03	3.8437377494827296e-03	0.0000000000000000e+00
9.5374999999999996e+00	8.0107415132425110e-03	3.9607688318421550e-03	0.0000000000000000e+00
9.5625000000000000e+00	7.9656313353958074e-03	4.0768932704246070e-03	0.0000000000000000e+00
9.5875000000000004e+00	7.9157821651125865e-03	4.1920840345259815e-03	0.0000000000000000e+00
9.6125000000000007e+00	7.8612766829529394e-03	4.3063150397171972e-03	0.0000000000000000e+00
9.6375000000000011e+00	7.8022232135366203e-03	4.4195593849474628e-03	0.0000000000000000e+00
9.6625000000000014e+00	7.7387554459038953e-03	4.5317876675565697e-03	0.0000000000000000e+00
9.6875000000000000e+00	7.6710319477901138e-03	4.6429664046809486e-03	0.0000000000000000e+00
9.7125000000000004e+00	7.5992354736259286e-03	4.7530565872854116e-03	0.0000000000000000e+00
9.7375000000000007e+00	7.5235720682925817e-03	4.8620123903695446e-03	0.0000000000000000e+00
9.7625000000000011e+00	7.4442699709502949e-03	4.9697800598439475e-03	0.0000000000000000e+00
9.7875000000000014e+00	7.3615783255846744e-03	5.0762969932131924e-03	0.0000000000000000e+00
9.8125000000000000e+00	7.2757657072453578e-03	5.1814910276107894e-03	0.0000000000000000e+00
9.8375000000000004e+00	7.1871184752443319e-03	5.2852799449811579e-03	0.0000000000000000e+00
9.8625000000000007e+00	7.0959389667980830e-03	5.3875712003708274e-03	0.0000000000000000e+00
9.8875000000000011e+00	7.0025435466973558e-03	5.4882618754509855e-03	0.0000000000000000e+00
9.9125000000000014e+00	6.9072605305300679e-03	5.5872388556200397e-03	0.0000000000000000e+00
9.9375000000000000e+00	6.8104280007277905e-03	5.6843792253969561e-03	0.0000000000000000e+00
9.9625000000000004e+00	6.7123915362178035e-03	5.7795508733783519e-03	0.0000000000000000e+00
9.9875000000000007e+00	6.6135018777079349e-03	5.8726132948515013e-03	0.0000000000000000e+00
1.0012500000000001e+01	6.5141125515822944e-03	5.9634185772816225e-03	0.0000000000000000e+00
1.0037500000000001e+01	6.4146028851972802e-03	6.0517569977568903e-03	0.0000000000000000e+00
1.0062500000000000e+01	6.3153049105765247e-03	6.1375024896355365e-03	0.0000000000000000e+00
1.0087500000000000e+01	6.2165672971984456e-03	6.2204896935272964e-03	0.0000000000000000e+00
1.0112500000000001e+01	6.1187322556719471e-03	6.3005504597428898e-03	0.0000000000000000e+00
1.0137500000000001e+01	6.0221333411500187e-03	6.3775153719820262e-03	0.0000000000000000e+00
1.0162500000000001e+01	5.9270933587583716e-03	6.4512153099224182e-03	0.0000000000000000e+00
1.0187500000000000e+01	5.8339223917279895e-03	6.5214830258208158e-03	0.0000000000000000e+00
1.0212500000000000e+01	5.7429159712712652e-03	6.5881547104648204e-03	0.0000000000000000e+00
1.0237500000000001e+01	5.6543534053337743e-03	6.6510715244123839e-03	0.0000000000000000e+00
1.0262500000000001e+01	5.5684962812226051e-03	6.7100810713969167e-03	0.0000000000000000e+00
1.0287500000000001e+01	5.4855871547972888e-03	6.7650387920276372e-03	0.0000000000000000e+00
1.0312500000000000e+01	5.4058484364527684e-03	6.8158092574429245e-03	0.0000000000000000e+00
1.0337500000000000e+01	5.3294814815695269e-03	6.8622673443433100e-03	0.0000000000000000e+00
1.0362500000000001e+01	5.2566658904988637e-03	6.9042992748039062e-03	0.0000000000000000e+00
1.0387500000000001e+01	5.1875590205352840e-03	6.9418035064079580e-03	0.0000000000000000e+00
1.0412500000000001e+01	5.1222957097460083e-03	6.9746914605193526e-03	0.0000000000000000e+00
1.0437500000000000e+01	5.0609882100194686e-03	7.0028880788900287e-03	0.0000000000000000e+00
1.0462500000000000e+01	5.0037263242974596e-03	7.0263322012479876e-03	0.0000000000000000e+00
1.0487500000000001e+01	4.9505777407016427e-03	7.0449767590058405e-03	0.0000000000000000e+00
1.0512500000000001e+01	4.9015885541825715e-03	7.0587887827436744e-03	0.0000000000000000e+00
1.0537500000000001e+01	4.8567839644311356e-03	7.0677492236313104e-03	0.0000000000000000e+00
1.0562500000000000e+01	4.8161691371162701e-03	7.0718525914440604e-03	0.0000000000000000e+00
1.0587500000000000e+01	4.7797302140612048e-03	7.0711064142749388e-03	0.0000000000000000e+00
1.0612500000000001e+01	4.7474354567512977e-03	7.0655305274383469e-03	0.0000000000000000e+00
1.0637500000000001e+01	4.7192365065820514e-03	7.0551562013802084e-03	0.0000000000000000e+00
1.0662500000000001e+01	4.6950697445049174e-03	7.0400251206417536e-03	0.0000000000000000e+00
1.0687500000000000e+01	4.6748577322055229e-03	7.0201882280531581e-03	0.0000000000000000e+00
1.0712500000000000e+01	4.6585107166455470e-03	6.9957044503424380e-03	0.0000000000000000e+00
1.0737500000000001e+01	4.6459281797047768e-03	6.9666393232166177e-03	0.0000000000000000e+00
1.0762500000000001e+01	4.6370004147609561e-03	6.9330635356866788e-03	0.0000000000000000e+00
1.0787500000000001e+01	4.6316101123281368e-03	6.8950514149440159e-03	0.0000000000000000e+00
1.0812500000000000e+01	4.6296339373247918e-03	6.8526793744309129e-03	0.0000000000000000e+00
1.0837500000000000e+01	4.6309440811465180e-03	6.8060243488561427e-03	0.0000000000000000e+00
1.0862500000000001e+01	4.6354097724607066e-03	6.7551622407633844e-03	0.0000000000000000e+00
1.0887500000000001e+01	4.6428987315089796e-03	6.7001664038376730e-03	0.0000000000000000e+00
1.0912500000000001e+01	4.6532785536851249e-03	6.6411061884072498e-03	0.0000000000000000e+00
1.0937500000000000e+01	4.6664180092409894e-03	6.5780455745387189e-03	0.0000000000000000e+00
1.0962500000000000e+01	4.6821882471501566e-03	6.5110419177088902e-03	0.0000000000000000e+00
1.0987500000000001e+01	4.7004638924207989e-03	6.4401448312457693e-03	0.0000000000000000e+00
1.1012500000000001e+01	4.7211240274866000e-03	6.3653952285475839e-03	0.0000000000000000e+00
1.1037500000000001e+01	4.7439740620050883e-03	6.2867582344083199e-03	0.0000000000000000e+00
1.1062500000000000e+01	4.7689719025556330e-03	6.2043196878162777e-03	0.0000000000000000e+00
1.1087500000000000e+01	4.7960113544691920e-03	6.1180880332114152e-03	0.0000000000000000e+00
1.1112500000000001e+01	4.8249928758410257e-03	6.0280610697113039e-03	0.0000000000000000e+00
1.1137500000000001e+01	4.8558237981242511e-03	5.9342259986734334e-03	0.0000000000000000e+00
1.1162500000000001e+01	4.8884183971206223e-03	5.8365597195940179e-03	0.0000000000000000e+00
1.1187500000000000e+01	4.9226978147307639e-03	5.7350293771301769e-03	0.0000000000000000e+00
1.1212500000000000e+01	4.9585898334907766e-03	5.6295931579909897e-03	0.0000000000000000e+00
1.1237500000000001e+01	4.9960285075908543e-03	5.5202013322138751e-03	0.0000000000000000e+00
1.1262500000000001e+01	5.0349536557303494e-03	5.4067975289955146e-03	0.0000000000000000e+00
1.1287500000000001e+01	5.0753102227968612e-03	5.2893202328584410e-03	0.0000000000000000e+00
1.1312500000000000e+01	5.1170475189472155e-03	5.1677044815892411e-03	0.0000000000000000e+00
1.1337500000000000e+01	5.1601183461974778e-03	5.0418837431709636e-03	0.0000000000000000e+00
1.1362500000000001e+01	5.2044780240779508e-03	4.9117919449423609e-03	0.0000000000000000e+00
1.1387500000000001e+01	5.2500833272579352e-03	4.7773656245427357e-03	0.0000000000000000e+00
1.1412500000000001e+01	5.2968913492739220e-03	4.6385461689343937e-03	0.0000000000000000e+00
1.1437500000000000e+01	5.3448583075848509e-03	4.4952821050220056e-03	0.0000000000000000e+00
1.1462500000000000e+01	5.3939383061106967e-03	4.3475314031906050e-03	0.0000000000000000e+00
1.1487500000000001e+01	5.4440820721693619e-03	4.1952637535331520e-03	0.0000000000000000e+00
1.1512500000000001e+01	5.4952356852971500e-03	4.0384627736957763e-03	0.0000000000000000e+00
1.1537500000000001e+01	5.5473393158078001e-03	3.8771281071813758e-03	0.0000000000000000e+00
1.1562500000000000e+01	5.6003259911051942e-03	3.7112773716532774e-03	0.0000000000000000e+00
1.1587500000000000e+01	5.6541204077096511e-03	3.5409479182857786e-03	0.0000000000000000e+00
1.1612500000000001e+01	5.7086378066845541e-03	3.3661983655164278e-03	0.0000000000000000e+00
1.1637500000000001e+01	5.7637829296606699e-03	3.1871098736453982e-03	0.0000000000000000e+00
1.1662500000000001e+01	5.8194490719543756e-03	3.0037871305618087e-03	0.0000000000000000e+00
1.1687500000000000e+01	5.8755172483717557e-03	2.8163590233979546e-03	0.0000000000000000e+00
1.1712500000000000e+01	5.9318554861947752e-03	2.6249789760452698e-03	0.0000000000000000e+00
1.1737500000000001e+01	5.9883182585732352e-03	2.4298249381192153e-03	0.0000000000000000e+00
1.1762500000000001e+01	6.0447460701139469e-03	2.2310990170279770e-03	0.0000000000000000e+00
1.1787500000000001e+01	6.1009652048861843e-03	2.0290267511634758e-03	0.0000000000000000e+00
1.1812500000000000e+01	6.1567876453704727e-03	1.8238560287641597e-03	0.0000000000000000e+00
1.1837500000000000e+01	6.2120111690882225e-03	1.6158556635619342e-03	0.0000000000000000e+00
1.1862500000000001e+01	6.2664196277846902e-03	1.4053136447811010e-03	0.0000000000000000e+00
1.1887500000000001e+01	6.3197834121194538e-03	1.1925350852655160e-03	0.0000000000000000e+00
1.1912500000000001e+01	6.3718601028683597e-03	9.7783989733456265e-04	0.0000000000000000e+00
1.1937500000000000e+01	6.4223953076792207e-03	7.6156023127867936e-04	0.0000000000000000e+00
1.1962500000000000e+01	6.4711236804692084e-03	5.4403771608038535e-04	0.0000000000000000e+00
1.1987500000000001e+01	6.5177701186222448e-03	3.2562054587938335e-04	0.0000000000000000e+00
1.2012500000000001e+01	6.5620511312549975e-03	1.0666045879840131e-04	0.0000000000000000e+00
1.2037500000000001e+01	6.6037080734371208e-03	-1.1240080214050379e-04	0.0000000000000000e+00
1.2062500000000000e+01	6.6424084933477661e-03	-3.3127460370864856e-04	0.0000000000000000e+00
1.2087500000000000e+01	6.6778545580670401e-03	-5.4961291022906833e-04	0.0000000000000000e+00
1.2112500000000001e+01	6.7097468838644989e-03	-7.6707531290961259e-04	0.0000000000000000e+00
1.2137500000000001e+01	6.7377866235931241e-03	-9.8333172709107750e-04	0.0000000000000000e+00
1.2162500000000001e+01	6.7616776456524558e-03	-1.1980648850812565e-03	0.0000000000000000e+00
1.2187500000000000e+01	6.7811287870486094e-03	-1.4109725818353164e-03	0.0000000000000000e+00
1.2212500000000000e+01	6.7958561618415162e-03	-1.6217696351221971e-03	0.0000000000000000e+00
1.2237500000000001e+01	6.8055855051553241e-03	-1.8301895269429440e-03	0.0000000000000000e+00
1.2262500000000001e+01	6.8100545319460535e-03	-2.0359856987319054e-03	0.0000000000000000e+00
1.2287500000000001e+01	6.8090152888824976e-03	-2.2389324791544239e-03	0.0000000000000000e+00
1.2312500000000000e+01	6.8022364770143114e-03	-2.4388256299836919e-03	0.0000000000000000e+00
1.2337500000000000e+01	6.7895057223894360e-03	-2.6354825024568940e-03	0.0000000000000000e+00
1.2362500000000001e+01	6.7706317714567024e-03	-2.8287418035351218e-03	0.0000000000000000e+00
1.2387500000000001e+01	6.7454465879652255e-03	-3.0184629784816733e-03	0.0000000000000000e+00
1.2412500000000001e+01	6.7138073281672638e-03	-3.2045252229912172e-03	0.0000000000000000e+00
1.2437500000000000e+01	6.6755981714630109e-03	-3.3868261446169784e-03	0.0000000000000000e+00
1.2462500000000000e+01	6.6307319842110676e-03	-3.5652800993328055e-03	0.0000000000000000e+00
1.2487500000000001e+01	6.5791517952824667e-03	-3.7398162346224334e-03	0.0000000000000000e+00
1.2512500000000001e+01	6.5208320630725436e-03	-3.9103762754145299e-03	0.0000000000000000e+00
1.2537500000000001e+01	6.4557797151131857e-03	-4.0769120934003276e-03	0.0000000000000000e+00
1.2562500000000000e+01	6.3840349431541878e-03	-4.2393831037194855e-03	0.0000000000000000e+00
1.2587500000000000e+01	6.3056717386071586e-03	-4.3977535356360424e-03	0.0000000000000000e+00
1.2612500000000001e+01	6.2207981555634125e-03	-4.5519896256251023e-03	0.0000000000000000e+00
1.2637500000000001e+01	6.1295562911969949e-03	-4.7020567822455518e-03	0.0000000000000000e+00
1.2662500000000001e+01	6.0321219762263676e-03	-4.8479167722952103e-03	0.0000000000000000e+00
1.2687500000000000e+01	5.9287041712072297e-03	-4.9895249770592742e-03	0.0000000000000000e+00
1.2712500000000000e+01	5.8195440677306339e-03	-5.1268277660121144e-03	0.0000000000000000e+00
1.2737500000000001e+01	5.7049138970639499e-03	-5.2597600331703619e-03	0.0000000000000000e+00
1.2762500000000001e+01	5.5851154523493653e-03	-5.3882429384868487e-03	0.0000000000000000e+00
1.2787500000000001e+01	5.4604783341115756e-03	-5.5121818932927042e-03	0.0000000000000000e+00
1.2812500000000000e+01	5.3313579324635318e-03	-5.6314648249182519e-03	0.0000000000000000e+00
1.2837500000000000e+01	5.1981331629738564e-03	-5.7459607513341421e-03	0.0000000000000000e+00
1.2862500000000001e+01	5.0612039766055666e-03	-5.8555186920364660e-03	0.0000000000000000e+00
1.2887500000000001e+01	4.9209886673867442e-03	-5.9599669365357818e-03	0.0000000000000000e+00
1.2912500000000001e+01	4.7779210044636795e-03	-6.0591126867804096e-03	0.0000000000000000e+00
1.2937500000000000e+01	4.6324472178524579e-03	-6.1527420847242321e-03	0.0000000000000000e+00
1.2962500000000000e+01	4.4850228694868913e-03	-6.2406206311086372e-03	0.0000000000000000e+00
1.2987500000000001e+01	4.3361096430061044e-03	-6.3224939964301547e-03	0.0000000000000000e+00
1.3012500000000001e+01	4.1861720870887504e-03	-6.3980892200656211e-03	0.0000000000000000e+00
1.3037500000000001e+01	4.0357057876577286e-03	-6.4671666659442033e-03	0.0000000000000000e+00
1.3062500000000000e+01	3.8851496072322888e-03	-6.5293882613907143e-03	0.0000000000000000e+00
1.3087500000000000e+01	3.7349586648594687e-03	-6.5844384283708004e-03	0.0000000000000000e+00
1.3112500000000001e+01	3.5855785114646925e-03	-6.6319919969739906e-03	0.0000000000000000e+00
1.3137500000000001e+01	3.4374422153780372e-03	-6.6717171914355486e-03	0.0000000000000000e+00
1.3162500000000001e+01	3.2909676157972818e-03	-6.7032788984100694e-03	0.0000000000000000e+00
1.3187500000000000e+01	3.1465547738562245e-03	-6.7263421851698011e-03	0.0000000000000000e+00
1.3212500000000000e+01	3.0045836481285624e-03	-6.7405760324170628e-03	0.0000000000000000e+00
1.3237500000000001e+01	2.8654120181503622e-03	-6.7456572437291189e-03	0.0000000000000000e+00
1.3262500000000001e+01	2.7293736759487638e-03	-6.7412744913048356e-03	0.0000000000000000e+00
1.3287500000000001e+01	2.5967769016885934e-03	-6.7271324556658768e-03	0.0000000000000000e+00
1.3312500000000000e+01	2.4679032354652563e-03	-6.7029560152933659e-03	0.0000000000000000e+00
1.3337500000000000e+01	2.3430065530577189e-03	-6.6684944408682079e-03	0.0000000000000000e+00
1.3362500000000001e+01	2.2223124491876161e-03	-6.6235255478466646e-03	0.0000000000000000e+00
1.3387500000000001e+01	2.1060179275864234e-03	-6.5678597605609707e-03	0.0000000000000000e+00
1.3412500000000001e+01	1.9942913930274912e-03	-6.5013440409086758e-03	0.0000000000000000e+00
1.3437500000000000e+01	1.8872729365039104e-03	-6.4238656350053807e-03	0.0000000000000000e+00
1.3462500000000000e+01	1.7850749009919128e-03	-6.3353555919450893e-03	0.0000000000000000e+00
1.3487500000000001e+01	1.6877827117906406e-03	-6.2357920100604355e-03	0.0000000000000000e+00
1.3512500000000001e+01	1.5954559523223754e-03	-6.1252029678188855e-03	0.0000000000000000e+00
1.3537500000000001e+01	1.5081296635533958e-03	-6.0036690987434888e-03	0.0000000000000000e+00
1.3562500000000000e+01	1.4258158428856376e-03	-5.8713257725149575e-03	0.0000000000000000e+00
1.3587500000000000e+01	1.3485051164945330e-03	-5.7283648476954638e-03	0.0000000000000000e+00
1.3612500000000001e+01	1.2761685576602856e-03	-5.5750359653048828e-03	0.0000000000000000e+00
1.3637500000000001e+01	1.2087596226605369e-03	-5.4116473567584495e-03	0.0000000000000000e+00
1.3662500000000001e+01	1.1462161752549755e-03	-5.2385661444117604e-03	0.0000000000000000e+00
1.3687500000000000e+01	1.0884625706821672e-03	-5.0562181181144491e-03	0.0000000000000000e+00
1.3712500000000000e+01	1.0354117703837849e-03	-4.8650869766959891e-03	0.0000000000000000e+00
1.3737500000000001e+01	9.8696745934351098e-04	-4.6657130291333738e-03	0.0000000000000000e+00
1.3762500000000001e+01	9.4302613894463717e-04	-4.4586913562079753e-03	0.0000000000000000e+00
1.3787500000000001e+01	9.0347916957552832e-04	-4.2446694396657712e-03	0.0000000000000000e+00
1.3812500000000000e+01	8.6821473880729580e-04	-4.0243442721614314e-03	0.0000000000000000e+00
1.3837500000000000e+01	8.3711973279370602e-04	-3.7984589674973012e-03	0.0000000000000000e+00
1.3862500000000001e+01	8.1008149056010690e-04	-3.5677988967636703e-03	0.0000000000000000e+00
1.3887500000000001e+01	7.8698942301750859e-04	-3.3331873818468623e-03	0.0000000000000000e+00
1.3912500000000001e+01	7.6773648082334119e-04	-3.0954809832973774e-03	0.0000000000000000e+00
1.3937500000000000e+01	7.5222045757769107e-04	-2.8555644246465541e-03	0.0000000000000000e+00
1.3962500000000000e+01	7.4034511726187144e-04	-2.6143451998382815e-03	0.0000000000000000e+00
1.3987500000000001e+01	7.3202113726713767e-04	-2.3727479144223596e-03	0.0000000000000000e+00
1.4012500000000001e+01	7.2716686080066492e-04	-2.1317084144694665e-03	0.0000000000000000e+00
1.4037500000000001e+01	7.2570335373415597e-04	-1.8920633680420910e-03	0.0000000000000000e+00
1.4062500000000000e+01	7.2757691645153886e-04	-1.6548566215587274e-03	0.0000000000000000e+00
1.4087500000000000e+01	7.3273140430903919e-04	-1.4210173313527010e-03	0.0000000000000000e+00
1.4112500000000001e+01	7.4111958250686776e-04	-1.1914613437841745e-03	0.0000000000000000e+00
1.4137500000000001e+01	7.5270291538401832e-04	-9.6708502952311281e-04	0.0000000000000000e+00
1.4162500000000001e+01	7.6745118041014369e-04	-7.4875925460291741e-04	0.0000000000000000e+00
1.4187500000000000e+01	7.8534191617940616e-04	-5.3732354250111351e-04	0.0000000000000000e+00
1.4212500000000000e+01	8.0635971559861984e-04	-3.3358047882172417e-04	0.0000000000000000e+00
1.4237500000000001e+01	8.3049537722540109e-04	-1.3829040686240735e-04	0.0000000000000000e+00
1.4262500000000001e+01	8.5774492934010684e-04	4.7833541477843026e-05	0.0000000000000000e+00
1.4287500000000001e+01	8.8810854281572062e-04	2.2413003927548259e-04	0.0000000000000000e+00
1.4312500000000000e+01	9.2158935016918922e-04	3.8999374711578774e-04	0.0000000000000000e+00
1.4337500000000000e+01	9.5819218932156045e-04	5.4487905397767060e-04	0.0000000000000000e+00
1.4362500000000001e+01	9.9792229154731563e-04	6.8830335097269104e-04	0.0000000000000000e+00
1.4387500000000001e+01	1.0407839338395775e-03	8.1984981764527017e-04	0.0000000000000000e+00
1.4412500000000001e+01	1.0867790764413742e-03	9.3916970575745129e-04	0.0000000000000000e+00
1.4437500000000000e+01	1.1359060065781166e-03	1.0459841106316133e-03	0.0000000000000000e+00
1.4462500000000000e+01	1.1881580094583451e-03	1.1400852251379733e-03	0.0000000000000000e+00
1.4487500000000001e+01	1.2435220873757054e-03	1.2213370762289464e-03	0.0000000000000000e+00
1.4512500000000001e+01	1.3019777472347384e-03	1.2896757484878957e-03	0.0000000000000000e+00
1.4537500000000001e+01	1.3634958760293634e-03	1.3451091034339903e-03	0.0000000000000000e+00
1.4562500000000000e+01	1.4280377227228953e-03	1.3877160072767263e-03	0.0000000000000000e+00
1.4587500000000000e+01	1.4955540036136990e-03	1.4176450834219323e-03	0.0000000000000000e+00
1.4612500000000001e+01	1.5659841466281817e-03	1.4351130092837758e-03	0.0000000000000000e+00
1.4637500000000001e+01	1.6392556880752589e-03	1.4404023798509579e-03	0.0000000000000000e+00
1.4662500000000001e+01	1.7152838332424750e-03	1.4338591629934117e-03	0.0000000000000000e+00
1.4687500000000000e+01	1.7939711898382013e-03	1.4158897736880891e-03	0.0000000000000000e+00
1.4712500000000000e+01	1.8752076807176255e-03	1.3869577962028218e-03	0.0000000000000000e+00
1.4737500000000001e+01	1.9588706396089428e-03	1.3475803848232034e-03	0.0000000000000000e+00
1.4762500000000001e+01	2.0448250907220645e-03	1.2983243749580867e-03	0.0000000000000000e+00
1.4787500000000001e+01	2.1329242102214258e-03	1.2398021374346493e-03	0.0000000000000000e+00
1.4812500000000000e+01	2.2230099646271088e-03	1.1726672095135535e-03	0.0000000000000000e+00
1.4837500000000000e+01	2.3149139183270971e-03	1.0976097366371695e-03	0.0000000000000000e+00
1.4862500000000001e+01	2.4084581995920196e-03	1.0153517591856157e-03	0.0000000000000000e+00
1.4887500000000001e+01	2.5034566118366749e-03	9.2664237857135805e-04	0.0000000000000000e+00
1.4912500000000001e+01	2.5997158744229666e-03	8.3225283686539546e-04	0.0000000000000000e+00
1.4937500000000000e+01	2.6970369750973725e-03	7.3297154382674754e-04	0.0000000000000000e+00
1.4962500000000000e+01	2.7952166142496465e-03	6.2959908471015133e-04	0.0000000000000000e+00
1.4987500000000001e+01	2.8940487196095870e-03	5.2294324156087666e-04	0.0000000000000000e+00
1.5012500000000001e+01	2.9933260088011869e-03	4.1381405987574480e-04	0.0000000000000000e+00
1.5037500000000001e+01	3.0928309956394736e-03	3.0306272791801308e-04	0.0000000000000000e+00
1.5062500000000000e+01	3.1923495434891835e-03	1.9144566102654440e-04	0.0000000000000000e+00
1.5087500000000000e+01	3.2916793032987069e-03	7.9752640786613893e-05	0.0000000000000000e+00
1.5112500000000001e+01	3.3906223178839460e-03	-3.1242935128043946e-05	0.0000000000000000e+00
1.5137500000000001e+01	3.4889864405971767e-03	-1.4078827697079123e-04	0.0000000000000000e+00
1.5162500000000001e+01	3.5865866508769419e-03	-2.4815521567855418e-04	0.0000000000000000e+00
1.5187500000000000e+01	3.6832462472010013e-03	-3.5264398182621330e-04	0.0000000000000000e+00
1.5212500000000000e+01	3.7787978999522646e-03	-4.5358673017842263e-04	0.0000000000000000e+00
1.5237500000000001e+01	3.8730845490149947e-03	-5.5035079127341183e-04	0.0000000000000000e+00
1.5262500000000001e+01	3.9659601334992474e-03	-6.4234163358589105e-04	0.0000000000000000e+00
1.5287500000000001e+01	4.0572901437939011e-03	-7.2900552199047311e-04	0.0000000000000000e+00
1.5312500000000000e+01	4.1469519891167541e-03	-8.0983186046696494e-04	0.0000000000000000e+00
1.5337500000000000e+01	4.2348351768053839e-03	-8.8435520923842246e-04	0.0000000000000000e+00
1.5362500000000001e+01	4.3208413027146153e-03	-9.5215696879658192e-04	0.0000000000000000e+00
1.5387500000000001e+01	4.4048838551954388e-03	-1.0128667255328333e-03	0.0000000000000000e+00
1.5412500000000001e+01	4.4868878381677767e-03	-1.0661632559433086e-03	0.0000000000000000e+00
1.5437500000000000e+01	4.5667892217096939e-03	-1.1117751886027310e-03	0.0000000000000000e+00
1.5462500000000000e+01	4.6445342313172992e-03	-1.1494813252940408e-03	0.0000000000000000e+00
1.5487500000000001e+01	4.7200784894960686e-03	-1.1791106248321824e-03	0.0000000000000000e+00
1.5512500000000001e+01	4.7933860255857065e-03	-1.2005418552251620e-03	0.0000000000000000e+00
1.5537500000000001e+01	4.8644281716633082e-03	-1.2137029218698208e-03	0.0000000000000000e+00
1.5562500000000000e+01	4.9331823639876876e-03	-1.2185698814808821e-03	0.0000000000000000e+00
1.5587500000000000e+01	4.9996308707224851e-03	-1.2151656533980345e-03	0.0000000000000000e+00
1.5612500000000001e+01	5.0637594675964669e-03	-1.2035584418053449e-03	0.0000000000000000e+00
1.5637500000000001e+01	5.1255560837227543e-03	-1.1838598842282256e-03	0.0000000000000000e+00
1.5662500000000001e+01	5.1850094400082165e-03	-1.1562229434424808e-03	0.0000000000000000e+00
1.5687500000000000e+01	5.2421077024502744e-03	-1.1208395616330059e-03	0.0000000000000000e+00
1.5712500000000000e+01	5.2968371721570338e-03	-1.0779380972698056e-03	0.0000000000000000e+00
1.5737500000000001e+01	5.3491810331589285e-03	-1.0277805667168230e-03	0.0000000000000000e+00
1.5762500000000001e+01	5.3991181780314304e-03	-9.7065971404242742e-04	0.0000000000000000e+00
1.5787500000000001e+01	5.4466221300471778e-03	-9.0689593384410427e-04	0.0000000000000000e+00
1.5812500000000000e+01	5.4916600790526505e-03	-8.3683407311584265e-04	0.0000000000000000e+00
1.5837500000000000e+01	5.5341920465512874e-03	-7.6084013925383702e-04	0.0000000000000000e+00
1.5862500000000001e+01	5.5741701936037197e-03	-6.7929794219138571e-04	0.0000000000000000e+00
1.5887500000000001e+01	5.6115382831583805e-03	-5.9260569935220262e-04	0.0000000000000000e+00
1.5912500000000001e+01	5.6462313063324540e-03	-5.0117263258696071e-04	0.0000000000000000e+00
1.5937500000000000e+01	5.6781752800028435e-03	-4.0541558648495631e-04	0.0000000000000000e+00
1.5962500000000000e+01	5.7072872208657520e-03	-3.0575569740644607e-04	0.0000000000000000e+00
1.5987500000000001e+01	5.7334752989057812e-03	-2.0261514223889851e-04	0.0000000000000000e+00
1.6012499999999999e+01	5.7566391710022593e-03	-9.6413995222740739e-05	0.0000000000000000e+00
1.6037500000000001e+01	5.7767001306580461e-03	1.2395723602087324e-05	0.0000000000000000e+00
1.6062500000000000e+01	5.7935197239827440e-03	1.2346626130668026e-04	0.0000000000000000e+00
1.6087500000000002e+01	5.8069771319950352e-03	2.3640045172663423e-04	0.0000000000000000e+00
1.6112500000000001e+01	5.8169463427039146e-03	3.5081489988638889e-04	0.0000000000000000e+00
1.6137499999999999e+01	5.8232973584438829e-03	4.6634219198739746e-04	0.0000000000000000e+00
1.6162500000000001e+01	5.8258975486224600e-03	5.8263287453535258e-04	0.0000000000000000e+00
1.6187500000000000e+01	5.8246131349804203e-03	6.9935718770405538e-04	0.0000000000000000e+00
1.6212500000000002e+01	5.8193107948084407e-03	8.1620654130075431e-04	0.0000000000000000e+00
1.6237500000000001e+01	5.8098593660177097e-03	9.3289472515435191e-04	0.0000000000000000e+00
1.6262499999999999e+01	5.7961316365367924e-03	1.0491588493414215e-03	0.0000000000000000e+00
1.6287500000000001e+01	5.7780061992142983e-03	1.1647600133376820e-03	0.0000000000000000e+00
1.6312500000000000e+01	5.7553693522596700e-03	1.2794837068722082e-03	0.0000000000000000e+00
1.6337500000000002e+01	5.7281170242668850e-03	1.3931399489030686e-03	0.0000000000000000e+00
1.6362500000000001e+01	5.6961567020539748e-03	1.5055631746597447e-03	0.0000000000000000e+00
1.6387499999999999e+01	5.6594093389311312e-03	1.6166118840431835e-03	0.0000000000000000e+00
1.6412500000000001e+01	5.6178112205994600e-03	1.7261680677741794e-03	0.0000000000000000e+00
1.6437500000000000e+01	5.5713157656979238e-03	1.8341364304740406e-03	0.0000000000000000e+00
1.6462500000000002e+01	5.5198952380744806e-03	1.9404434322924319e-03	0.0000000000000000e+00
1.6487500000000001e+01	5.4635423481739186e-03	2.0450361727168622e-03	0.0000000000000000e+00
1.6512499999999999e+01	5.4022717215225094e-03	2.1478811417655723e-03	0.0000000000000000e+00
1.6537500000000001e+01	5.3361212131582984e-03	2.2489628648489626e-03	0.0000000000000000e+00
1.6562500000000000e+01	5.2651530480119094e-03	2.3482824681627474e-03	0.0000000000000000e+00
1.6587500000000002e+01	5.1894547686879974e-03	2.4458561915382438e-03	0.0000000000000000e+00
1.6612500000000001e+01	5.1091399738282970e-03	2.5417138752225565e-03	0.0000000000000000e+00
1.6637499999999999e+01	5.0243488322447953e-03	2.6358974461060925e-03	0.0000000000000000e+00
1.6662500000000001e+01	4.9352483602804415e-03	2.7284594274806476e-03	0.0000000000000000e+00
1.6687500000000000e+01	4.8420324523639020e-03	2.8194614945324815e-03	0.0000000000000000e+00
1.6712500000000002e+01	4.7449216574464732e-03	2.9089730954961093e-03	0.0000000000000000e+00
1.6737500000000001e+01	4.6441626969097611e-03	2.9970701557692626e-03	0.0000000000000000e+00
1.6762499999999999e+01	4.5400277225734042e-03	3.0838338793793127e-03	0.0000000000000000e+00
1.6787500000000001e+01	4.4328133165685854e-03	3.1693496590638800e-03	0.0000000000000000e+00
1.6812500000000000e+01	4.3228392380279977e-03	3.2537061029561730e-03	0.0000000000000000e+00
1.6837500000000002e+01	4.2104469247248649e-03	3.3369941825241978e-03	0.0000000000000000e+00
1.6862500000000001e+01	4.0959977609205328e-03	3.4193065030793937e-03	0.0000000000000000e+00
1.6887499999999999e+01	3.9798711256982498e-03	3.5007366949206132e-03	0.0000000000000000e+00
1.6912500000000001e+01	3.8624622389182195e-03	3.5813789200878150e-03	0.0000000000000000e+00
1.6937500000000000e+01	3.7441798245751792e-03	3.6613274868360205e-03	0.0000000000000000e+00
1.6962500000000002e+01	3.6254436137282222e-03	3.7406765613682102e-03	0.0000000000000000e+00
1.6987500000000001e+01	3.5066817112611110e-03	3.8195199641427569e-03	0.0000000000000000e+00
1.7012499999999999e+01	3.3883278524838071e-03	3.8979510362448797e-03	0.0000000000000000e+00
1.7037500000000001e+01	3.2707666739988706e-03	3.9760050393581646e-03	0.0000000000000000e+00
1.7062500000000000e+01	3.1544857422824953e-03	4.0538012969845837e-03	0.0000000000000000e+00
1.7087500000000002e+01	3.0399165768242040e-03	4.1314283846249737e-03	0.0000000000000000e+00
1.7112500000000001e+01	2.9274847497399292e-03	4.2089731982032138e-03	0.0000000000000000e+00
1.7137499999999999e+01	2.8176069632408103e-03	4.2865208310012889e-03	0.0000000000000000e+00
1.7162500000000001e+01	2.7106881870548401e-03	4.3641543994987538e-03	0.0000000000000000e+00
1.7187500000000000e+01	2.6071188824686410e-03	4.4419548029280909e-03	0.0000000000000000e+00
1.7212500000000002e+01	2.5072723383582781e-03	4.5200004031019829e-03	0.0000000000000000e+00
1.7237500000000001e+01	2.4115021429686966e-03	4.5983666131874587e-03	0.0000000000000000e+00
1.7262499999999999e+01	2.3201398133189319e-03	4.6771253865444708e-03	0.0000000000000000e+00
1.7287500000000001e+01	2.2334926019967889e-03	4.7563445994552971e-03	0.0000000000000000e+00
1.7312500000000000e+01	2.1518414988067522e-03	4.8360873244836572e-03	0.0000000000000000e+00
1.7337500000000002e+01	2.0754394422949894e-03	4.9164109942521133e-03	0.0000000000000000e+00
1.7362500000000001e+01	2.0045097536418965e-03	4.9973664585448163e-03	0.0000000000000000e+00
1.7387499999999999e+01	1.9392448028312582e-03	5.0789969407610026e-03	0.0000000000000000e+00
1.7412500000000001e+01	1.8798049144192496e-03	5.1613369027949879e-03	0.0000000000000000e+00
1.7437500000000000e+01	1.8263175176765063e-03	5.2444108303355856e-03	0.0000000000000000e+00
1.7462500000000002e+01	1.7788765433987570e-03	5.3282319533009149e-03	0.0000000000000000e+00
1.7487500000000001e+01	1.7375420673078742e-03	5.4128009185974877e-03	0.0000000000000000e+00
1.7512499999999999e+01	1.7023401977225062e-03	5.4981044345664932e-03	0.0000000000000000e+00
1.7537500000000001e+01	1.6732632030871540e-03	5.5841139083130948e-03	0.0000000000000000e+00
1.7562500000000000e+01	1.6502698730269953e-03	5.6707840985732155e-03	0.0000000000000000e+00
1.7587500000000002e+01	1.6332861048538342e-03	5.7580518078313419e-03	0.0000000000000000e+00
1.7612500000000001e+01	1.6222057058924973e-03	5.8458346380465161e-03	0.0000000000000000e+00
1.7637499999999999e+01	1.6168914006284868e-03	5.9340298345646018e-03	0.0000000000000000e+00
1.7662500000000001e+01	1.6171760304944716e-03	6.0225132425945262e-03	0.0000000000000000e+00
1.7687500000000000e+01	1.6228639331098828e-03	6.1111384000142599e-03	0.0000000000000000e+00
1.7712500000000002e+01	1.6337324869563096e-03	6.1997357892657409e-03	0.0000000000000000e+00
1.7737500000000001e+01	1.6495338068016584e-03	6.2881122697207772e-03	0.0000000000000000e+00
1.7762499999999999e+01	1.6699965746668963e-03	6.3760507101816750e-03	0.0000000000000000e+00
1.7787500000000001e+01	1.6948279907488190e-03	6.4633098391548354e-03	0.0000000000000000e+00
1.7812500000000000e+01	1.7237158284587161e-03	6.5496243282407909e-03	0.0000000000000000e+00
1.7837500000000002e+01	1.7563305775985831e-03	6.6347051214597575e-03	0.0000000000000000e+00
1.7862500000000001e+01	1.7923276596627765e-03	6.7182400206187137e-03	0.0000000000000000e+00
1.7887499999999999e+01	1.8313496993140178e-03	6.7998945339656268e-03	0.0000000000000000e+00
1.7912500000000001e+01	1.8730288362297119e-03	6.8793129924085419e-03	0.0000000000000000e+00
1.7937500000000000e+01	1.9169890617402377e-03	6.9561199345403784e-03	0.0000000000000000e+00
1.7962500000000002e+01	1.9628485649788936e-03	7.0299217586401695e-03	0.0000000000000000e+00
1.7987500000000001e+01	2.0102220736282189e-03	7.1003086367511245e-03	0.0000000000000000e+00
1.8012499999999999e+01	2.0587231747751216e-03	7.1668566828948658e-03	0.0000000000000000e+00
1.8037500000000001e+01	2.1079534051446792e-03	7.2291190359028137e-03	0.0000000000000000e+00
1.8062500000000000e+01	2.1575443245223976e-03	7.2866733941374037e-03	0.0000000000000000e+00
1.8087500000000002e+01	2.2071191312016195e-03	7.3390689427202871e-03	0.0000000000000000e+00
1.8112500000000001e+01	2.2563086944148102e-03	7.3858521111810523e-03	0.0000000000000000e+00
1.8137499999999999e+01	2.3047535642553370e-03	7.4265697919129597e-03	0.0000000000000000e+00
1.8162500000000001e+01	2.3521058868304803e-03	7.4607727131424696e-03	0.0000000000000000e+00
1.8187500000000000e+01	2.3980312144342730e-03	7.4880189397269429e-03	0.0000000000000000e+00
1.8212500000000002e+01	2.4422102013420960e-03	7.5078774730626642e-03	0.0000000000000000e+00
1.8237500000000001e+01	2.4843401766726321e-03	7.5199319195368404e-03	0.0000000000000000e+00
1.8262499999999999e+01	2.5241365866321445e-03	7.5237841953086065e-03	0.0000000000000000e+00
1.8287500000000001e+01	2.5613342993461856e-03	7.5190582337722415e-03	0.0000000000000000e+00
1.8312500000000000e+01	2.5956887663898666e-03	7.5054036608612597e-03	0.0000000000000000e+00
1.8337500000000002e+01	2.6269770360454834e-03	7.4824994024168014e-03	0.0000000000000000e+00
1.8362500000000001e+01	2.6549986142409892e-03	7.4500571871925656e-03	0.0000000000000000e+00
1.8387499999999999e+01	2.6795761700512738e-03	7.4078249087276551e-03	0.0000000000000000e+00
1.8412500000000001e+01	2.7005560835732206e-03	7.3555898093160465e-03	0.0000000000000000e+00
1.8437500000000000e+01	2.7178088349127821e-03	7.2931814496642747e-03	0.0000000000000000e+00
1.8462500000000002e+01	2.7312292339463765e-03	7.2204744285848995e-03	0.0000000000000000e+00
1.8487500000000001e+01	2.7407364914385506e-03	7.1373908182469177e-03	0.0000000000000000e+00
1.8512499999999999e+01	2.7462741330130233e-03	7.0439022821170861e-03	0.0000000000000000e+00
1.8537500000000001e+01	2.7478097583846913e-03	6.9400318447947005e-03	0.0000000000000000e+00
1.8562500000000000e+01	2.7453346491662645e-03	6.8258552854766133e-03	0.0000000000000000e+00
1.8587500000000002e+01	2.7388632294650080e-03	6.7015021297918576e-03	0.0000000000000000e+00
1.8612500000000001e+01	2.7284323843824059e-03	6.5671562182091411e-03	0.0000000000000000e+00
1.8637499999999999e+01	2.7141006424214863e-03	6.4230558331292683e-03	0.0000000000000000e+00
1.8662500000000001e+01	2.6959472286913365e-03	6.2694933711004387e-03	0.0000000000000000e+00
1.8687500000000000e+01	2.6740709966729137e-03	6.1068145512986225e-03	0.0000000000000000e+00
1.8712500000000002e+01	2.6485892471701565e-03	5.9354171564473725e-03	0.0000000000000000e+00
1.8737500000000001e+01	2.6196364439096740e-03	5.7557493076503541e-03	0.0000000000000000e+00
1.8762499999999999e+01	2.5873628360630419e-03	5.5683072801032728e-03	0.0000000000000000e+00
1.8787500000000001e+01	2.5519329987386862e-03	5.3736328722592186e-03	0.0000000000000000e+00
1.8812500000000000e+01	2.5135243032142814e-03	5.1723103466530624e-03	0.0000000000000000e+00
1.8837500000000002e+01	2.4723253293431773e-03	4.9649629661521234e-03	0.0000000000000000e+00
1.8862500000000001e+01	2.4285342331557443e-03	4.7522491547926276e-03	0.0000000000000000e+00
1.8887499999999999e+01	2.3823570831744217e-03	4.5348583174846455e-03	0.0000000000000000e+00
1.8912500000000001e+01	2.3340061793545707e-03	4.3135063576229850e-03	0.0000000000000000e+00
1.8937500000000000e+01	2.2836983688374526e-03	4.0889309359328687e-03	0.0000000000000000e+00
1.8962500000000002e+01	2.2316533728425503e-03	3.8618865176181794e-03	0.0000000000000000e+00
1.8987500000000001e+01	2.1780921390212597e-03	3.6331392579869192e-03	0.0000000000000000e+00
1.9012499999999999e+01	2.1232352334316384e-03	3.4034617791348070e-03	0.0000000000000000e+00
1.9037500000000001e+01	2.0673375903470623e-03	3.1736143461959625e-03	0.0000000000000000e+00
1.9062500000000000e+01	2.0105714192016752e-03	2.9443827237932130e-03	0.0000000000000000e+00
1.9087500000000002e+01	1.9531482669076349e-03	2.7165268850836881e-03	0.0000000000000000e+00
1.9112500000000001e+01	1.8952733373106614e-03	2.4907924521221868e-03	0.0000000000000000e+00
1.9137499999999999e+01	1.8371443057896434e-03	2.2679057350384066e-03	0.0000000000000000e+00
1.9162500000000001e+01	1.7789502414212884e-03	2.0485689856463139e-03	0.0000000000000000e+00
1.9187500000000000e+01	1.7208706454986897e-03	1.8334559125163480e-03	0.0000000000000000e+00
1.9212500000000002e+01	1.6630746136979315e-03	1.6232075007519011e-03	0.0000000000000000e+00
1.9237500000000001e+01	1.6057201275844061e-03	1.4184281753190247e-03	0.0000000000000000e+00
1.9262500000000003e+01	1.5489534794644239e-03	1.2196823418695023e-03	0.0000000000000000e+00
1.9287500000000001e+01	1.4929088328445943e-03	1.0274913336692922e-03	0.0000000000000000e+00
1.9312500000000000e+01	1.4377079189899912e-03	8.4233078760052990e-04	0.0000000000000000e+00
1.9337500000000002e+01	1.3834598683022327e-03	6.6462846635421643e-04	0.0000000000000000e+00
1.9362500000000001e+01	1.3302611735009028e-03	4.9476253798211637e-04	0.0000000000000000e+00
1.9387500000000003e+01	1.2781957799167291e-03	3.3306031803885077e-04	0.0000000000000000e+00
1.9412500000000001e+01	1.2273352966221185e-03	1.7979747372339231e-04	0.0000000000000000e+00
1.9437500000000000e+01	1.1777393206620736e-03	3.5197683821466413e-05	0.0000000000000000e+00
1.9462500000000002e+01	1.1294558653317484e-03	-1.0056725705340185e-04	0.0000000000000000e+00
1.9487500000000001e+01	1.0825218822985818e-03	-2.2737690634295858e-04	0.0000000000000000e+00
1.9512500000000003e+01	1.0369638664061906e-03	-3.4516123444379914e-04	0.0000000000000000e+00
1.9537500000000001e+01	9.9279853123906861e-04	-4.5389930348004281e-04	0.0000000000000000e+00
1.9562500000000000e+01	9.5003354298233572e-04	-5.5361759222343832e-04	0.0000000000000000e+00
1.9587500000000002e+01	9.0866829978542799e-04	-6.4438799827924167e-04	0.0000000000000000e+00
1.9612500000000001e+01	8.6869474373409952e-04	-7.2632555091289234e-04	0.0000000000000000e+00
1.9637500000000003e+01	8.3009819264818227e-04	-7.9958586956114326e-04	0.0000000000000000e+00
1.9662500000000001e+01	7.9285817924533832e-04	-8.6436240416337077e-04	0.0000000000000000e+00
1.9687500000000000e+01	7.5694928573152983e-04	-9.2088349398655484e-04	0.0000000000000000e+00
1.9712500000000002e+01	7.2234196258107381e-04	-9.6940928163266919e-04	0.0000000000000000e+00
1.9737500000000001e+01	6.8900332113358640e-04	-1.0102285184495153e-03	0.0000000000000000e+00
1.9762500000000003e+01	6.5689789063952321e-04	-1.0436552966611571e-03	0.0000000000000000e+00
1.9787500000000001e+01	6.2598833150584151e-04	-1.0700257422421890e-03	0.0000000000000000e+00
1.9812500000000000e+01	5.9623609770234609e-04	-1.0896947009340729e-03	0.0000000000000000e+00
1.9837500000000002e+01	5.6760204256037445e-04	-1.1030324478956441e-03	0.0000000000000000e+00
1.9862500000000001e+01	5.4004696350119232e-04	-1.1104214493473639e-03	0.0000000000000000e+00
1.9887500000000003e+01	5.1353208254473074e-04	-1.1122532022619092e-03	0.0000000000000000e+00
1.9912500000000001e+01	4.8801946074401766e-04	-1.1089251757215096e-03	0.0000000000000000e+00
1.9937500000000000e+01	4.6347234594231249e-04	-1.1008378750506545e-03	0.0000000000000000e+00
1.9962500000000002e+01	4.3985545443607873e-04	-1.0883920472826499e-03	0.0000000000000000e+00
1.9987500000000001e+01	4.1713518822756907e-04	-1.0719860439666017e-03	0.0000000000000000e+00
