5.0000000000000001e-03	1.1046951078820619e+00
1.4999999999999999e-02	1.1046951078820619e+00
2.5000000000000001e-02	1.1046951078820619e+00
3.5000000000000003e-02	1.1046951078820619e+00
4.4999999999999998e-02	1.1046951078820619e+00
5.5000000000000000e-02	1.1046951078820619e+00
6.5000000000000002e-02	1.1046951078820619e+00
7.4999999999999997e-02	1.1046951078820619e+00
8.5000000000000006e-02	1.1046951078820619e+00
9.5000000000000001e-02	1.1046951078820619e+00
1.0500000000000000e-01	1.1046951078820619e+00
1.1500000000000000e-01	1.1046951078820619e+00
1.2500000000000000e-01	1.1046951078820619e+00
1.3500000000000001e-01	1.1046951078820619e+00
1.4499999999999999e-01	1.1046951078820619e+00
1.5500000000000000e-01	1.1046951078820619e+00
1.6500000000000001e-01	1.1046951078820619e+00
1.7500000000000002e-01	1.1046951078820619e+00
1.8500000000000000e-01	1.1046951078820619e+00
1.9500000000000001e-01	1.1046951078820619e+00
2.0500000000000002e-01	1.1046951078820619e+00
2.1500000000000000e-01	1.1046951078820619e+00
2.2500000000000001e-01	1.1046951078820619e+00
2.3500000000000001e-01	1.1046951078820619e+00
2.4500000000000000e-01	1.1046951078820619e+00
2.5500000000000000e-01	1.1046951078820619e+00
2.6500000000000001e-01	1.1046951078820619e+00
2.7500000000000002e-01	1.1046951078820619e+00
2.8500000000000003e-01	1.1046951078820619e+00
2.9499999999999998e-01	1.1046951078820619e+00
3.0499999999999999e-01	1.1046951078820619e+00
3.1500000000000000e-01	1.1046951078820619e+00
3.2500000000000001e-01	1.1046951078820619e+00
3.3500000000000002e-01	1.1046951078820619e+00
3.4500000000000003e-01	1.1046951078820619e+00
3.5499999999999998e-01	1.1046951078820619e+00
3.6499999999999999e-01	1.1046951078820619e+00
3.7500000000000000e-01	1.1046951078820619e+00
3.8500000000000001e-01	1.1046951078820619e+00
3.9500000000000002e-01	1.1046951078820619e+00
4.0500000000000003e-01	1.1046951078820619e+00
4.1500000000000004e-01	1.1046951078820619e+00
4.2499999999999999e-01	1.1046951078820619e+00
4.3500000000000000e-01	1.1046951078820619e+00
4.4500000000000001e-01	1.1046951078820619e+00
4.5500000000000002e-01	1.1046951078820619e+00
4.6500000000000002e-01	1.1046951078820619e+00
4.7500000000000003e-01	1.1046951078820619e+00
4.8499999999999999e-01	1.1046951078820619e+00
4.9500000000000000e-01	1.1046951078820619e+00
5.0500000000000000e-01	1.1046951078820619e+00
5.1500000000000001e-01	1.1046951078820619e+00
5.2500000000000002e-01	1.1046951078820619e+00
5.3500000000000003e-01	1.1046951078820619e+00
5.4500000000000004e-01	1.1046951078820619e+00
5.5500000000000005e-01	1.1046951078820619e+00
5.6500000000000006e-01	1.1046951078820619e+00
5.7500000000000007e-01	1.1046951078820619e+00
5.8499999999999996e-01	1.1046951078820619e+00
5.9499999999999997e-01	1.1046951078820619e+00
6.0499999999999998e-01	1.1046951078820619e+00
6.1499999999999999e-01	1.1046951078820619e+00
6.2500000000000000e-01	1.1046951078820619e+00
6.3500000000000001e-01	1.1046951078820619e+00
6.4500000000000002e-01	1.1046951078820619e+00
6.5500000000000003e-01	1.1046951078820619e+00
6.6500000000000004e-01	1.1046951078820619e+00
6.7500000000000004e-01	1.1046951078820619e+00
6.8500000000000005e-01	1.1046951078820619e+00
6.9500000000000006e-01	1.1046951078820619e+00
7.0499999999999996e-01	1.1046951078820619e+00
7.1499999999999997e-01	1.1046951078820619e+00
7.2499999999999998e-01	1.1046951078820619e+00
7.3499999999999999e-01	1.1046951078820619e+00
7.4500000000000000e-01	1.1046951078820619e+00
7.5500000000000000e-01	1.1046951078820619e+00
7.6500000000000001e-01	1.1046951078820619e+00
7.7500000000000002e-01	1.1046951078820619e+00
7.8500000000000003e-01	1.1046951078820619e+00
7.9500000000000004e-01	1.1046951078820619e+00
8.0500000000000005e-01	1.1046951078820619e+00
8.1500000000000006e-01	1.1046951078820619e+00
8.2500000000000007e-01	1.1046951078820619e+00
8.3499999999999996e-01	1.1046951078820619e+00
8.4499999999999997e-01	1.1046951078820619e+00
8.5499999999999998e-01	1.1046951078820619e+00
8.6499999999999999e-01	1.1046951078820619e+00
8.7500000000000000e-01	1.1046951078820619e+00
8.8500000000000001e-01	1.1046951078820619e+00
8.9500000000000002e-01	1.1046951078820619e+00
9.0500000000000003e-01	1.1046951078820619e+00
9.1500000000000004e-01	1.1046951078820619e+00
9.2500000000000004e-01	1.1046951078820619e+00
9.3500000000000005e-01	1.1046951078820619e+00
9.4500000000000006e-01	1.1046951078820619e+00
9.5500000000000007e-01	1.1046951078820619e+00
9.6499999999999997e-01	1.1046951078820619e+00
9.7499999999999998e-01	1.1046951078820619e+00
9.8499999999999999e-01	1.1046951078820619e+00
9.9500000000000000e-01	1.1046951078820619e+00
1.0050000000000001e+00	7.8521012370362986e-01
1.0150000000000001e+00	7.8521012370362986e-01
1.0249999999999999e+00	7.8521012370362986e-01
1.0349999999999999e+00	7.8521012370362986e-01
1.0449999999999999e+00	7.8521012370362986e-01
1.0549999999999999e+00	7.8521012370362986e-01
1.0649999999999999e+00	7.8521012370362986e-01
1.0750000000000000e+00	7.8521012370362986e-01
1.0850000000000000e+00	7.8521012370362986e-01
1.0950000000000000e+00	7.8521012370362986e-01
1.1050000000000000e+00	7.8521012370362986e-01
1.1150000000000000e+00	7.8521012370362986e-01
1.1250000000000000e+00	7.8521012370362986e-01
1.1350000000000000e+00	7.8521012370362986e-01
1.1450000000000000e+00	7.8521012370362986e-01
1.1550000000000000e+00	7.8521012370362986e-01
1.1650000000000000e+00	7.8521012370362986e-01
1.1750000000000000e+00	7.8521012370362986e-01
1.1850000000000001e+00	7.8521012370362986e-01
1.1950000000000001e+00	7.8521012370362986e-01
1.2050000000000001e+00	7.8521012370362986e-01
1.2150000000000001e+00	7.8521012370362986e-01
1.2250000000000001e+00	7.8521012370362986e-01
1.2350000000000001e+00	7.8521012370362986e-01
1.2450000000000001e+00	7.8521012370362986e-01
1.2550000000000001e+00	7.8521012370362986e-01
1.2650000000000001e+00	7.8521012370362986e-01
1.2750000000000001e+00	7.8521012370362986e-01
1.2849999999999999e+00	7.8521012370362986e-01
1.2949999999999999e+00	7.8521012370362986e-01
1.3049999999999999e+00	7.8521012370362986e-01
1.3149999999999999e+00	7.8521012370362986e-01
1.3250000000000000e+00	7.8521012370362986e-01
1.3350000000000000e+00	7.8521012370362986e-01
1.3450000000000000e+00	7.8521012370362986e-01
1.3550000000000000e+00	7.8521012370362986e-01
1.3650000000000000e+00	7.8521012370362986e-01
1.3750000000000000e+00	7.8521012370362986e-01
1.3850000000000000e+00	7.8521012370362986e-01
1.3950000000000000e+00	7.8521012370362986e-01
1.4050000000000000e+00	7.8521012370362986e-01
1.4150000000000000e+00	7.8521012370362986e-01
1.4250000000000000e+00	7.8521012370362986e-01
1.4350000000000001e+00	7.8521012370362986e-01
1.4450000000000001e+00	7.8521012370362986e-01
1.4550000000000001e+00	7.8521012370362986e-01
1.4650000000000001e+00	7.8521012370362986e-01
1.4750000000000001e+00	7.8521012370362986e-01
1.4850000000000001e+00	7.8521012370362986e-01
1.4950000000000001e+00	7.8521012370362986e-01
1.5050000000000001e+00	7.8521012370362986e-01
1.5150000000000001e+00	7.8521012370362986e-01
1.5250000000000001e+00	7.8521012370362986e-01
1.5350000000000001e+00	7.8521012370362986e-01
1.5449999999999999e+00	7.8521012370362986e-01
1.5549999999999999e+00	7.8521012370362986e-01
1.5649999999999999e+00	7.8521012370362986e-01
1.5750000000000000e+00	7.8521012370362986e-01
1.5850000000000000e+00	7.8521012370362986e-01
1.5950000000000000e+00	7.8521012370362986e-01
1.6050000000000000e+00	7.8521012370362986e-01
1.6150000000000000e+00	7.8521012370362986e-01
1.6250000000000000e+00	7.8521012370362986e-01
1.6350000000000000e+00	7.8521012370362986e-01
1.6450000000000000e+00	7.8521012370362986e-01
1.6550000000000000e+00	7.8521012370362986e-01
1.6650000000000000e+00	7.8521012370362986e-01
1.6750000000000000e+00	7.8521012370362986e-01
1.6850000000000001e+00	7.8521012370362986e-01
1.6950000000000001e+00	7.8521012370362986e-01
1.7050000000000001e+00	7.8521012370362986e-01
1.7150000000000001e+00	7.8521012370362986e-01
1.7250000000000001e+00	7.8521012370362986e-01
1.7350000000000001e+00	7.8521012370362986e-01
1.7450000000000001e+00	7.8521012370362986e-01
1.7550000000000001e+00	7.8521012370362986e-01
1.7650000000000001e+00	7.8521012370362986e-01
1.7750000000000001e+00	7.8521012370362986e-01
1.7850000000000001e+00	7.8521012370362986e-01
1.7949999999999999e+00	7.8521012370362986e-01
1.8049999999999999e+00	7.8521012370362986e-01
1.8149999999999999e+00	7.8521012370362986e-01
1.8250000000000000e+00	7.8521012370362986e-01
1.8350000000000000e+00	7.8521012370362986e-01
1.8450000000000000e+00	7.8521012370362986e-01
1.8550000000000000e+00	7.8521012370362986e-01
1.8650000000000000e+00	7.8521012370362986e-01
1.8750000000000000e+00	7.8521012370362986e-01
1.8850000000000000e+00	7.8521012370362986e-01
1.8950000000000000e+00	7.8521012370362986e-01
1.9050000000000000e+00	7.8521012370362986e-01
1.9150000000000000e+00	7.8521012370362986e-01
1.9250000000000000e+00	7.8521012370362986e-01
1.9350000000000001e+00	7.8521012370362986e-01
1.9450000000000001e+00	7.8521012370362986e-01
1.9550000000000001e+00	7.8521012370362986e-01
1.9650000000000001e+00	7.8521012370362986e-01
1.9750000000000001e+00	7.8521012370362986e-01
1.9850000000000001e+00	7.8521012370362986e-01
1.9950000000000001e+00	7.8521012370362986e-01
2.0049999999999999e+00	-1.3922654202344417e-01
2.0150000000000001e+00	-1.3922654202344417e-01
2.0249999999999999e+00	-1.3922654202344417e-01
2.0350000000000001e+00	-1.3922654202344417e-01
2.0449999999999999e+00	-1.3922654202344417e-01
2.0550000000000002e+00	-1.3922654202344417e-01
2.0649999999999999e+00	-1.3922654202344417e-01
2.0750000000000002e+00	-1.3922654202344417e-01
2.0850000000000000e+00	-1.3922654202344417e-01
2.0950000000000002e+00	-1.3922654202344417e-01
2.1050000000000000e+00	-1.3922654202344417e-01
2.1150000000000002e+00	-1.3922654202344417e-01
2.1250000000000000e+00	-1.3922654202344417e-01
2.1350000000000002e+00	-1.3922654202344417e-01
2.1450000000000000e+00	-1.3922654202344417e-01
2.1550000000000002e+00	-1.3922654202344417e-01
2.1650000000000000e+00	-1.3922654202344417e-01
2.1750000000000003e+00	-1.3922654202344417e-01
2.1850000000000001e+00	-1.3922654202344417e-01
2.1949999999999998e+00	-1.3922654202344417e-01
2.2050000000000001e+00	-1.3922654202344417e-01
2.2149999999999999e+00	-1.3922654202344417e-01
2.2250000000000001e+00	-1.3922654202344417e-01
2.2349999999999999e+00	-1.3922654202344417e-01
2.2450000000000001e+00	-1.3922654202344417e-01
2.2549999999999999e+00	-1.3922654202344417e-01
2.2650000000000001e+00	-1.3922654202344417e-01
2.2749999999999999e+00	-1.3922654202344417e-01
2.2850000000000001e+00	-1.3922654202344417e-01
2.2949999999999999e+00	-1.3922654202344417e-01
2.3050000000000002e+00	-1.3922654202344417e-01
2.3149999999999999e+00	-1.3922654202344417e-01
2.3250000000000002e+00	-1.3922654202344417e-01
2.3350000000000000e+00	-1.3922654202344417e-01
2.3450000000000002e+00	-1.3922654202344417e-01
2.3550000000000000e+00	-1.3922654202344417e-01
2.3650000000000002e+00	-1.3922654202344417e-01
2.3750000000000000e+00	-1.3922654202344417e-01
2.3850000000000002e+00	-1.3922654202344417e-01
2.3950000000000000e+00	-1.3922654202344417e-01
2.4050000000000002e+00	-1.3922654202344417e-01
2.4150000000000000e+00	-1.3922654202344417e-01
2.4250000000000003e+00	-1.3922654202344417e-01
2.4350000000000001e+00	-1.3922654202344417e-01
2.4449999999999998e+00	-1.3922654202344417e-01
2.4550000000000001e+00	-1.3922654202344417e-01
2.4649999999999999e+00	-1.3922654202344417e-01
2.4750000000000001e+00	-1.3922654202344417e-01
2.4849999999999999e+00	-1.3922654202344417e-01
2.4950000000000001e+00	-1.3922654202344417e-01
2.5049999999999999e+00	-1.3922654202344417e-01
2.5150000000000001e+00	-1.3922654202344417e-01
2.5249999999999999e+00	-1.3922654202344417e-01
2.5350000000000001e+00	-1.3922654202344417e-01
2.5449999999999999e+00	-1.3922654202344417e-01
2.5550000000000002e+00	-1.3922654202344417e-01
2.5649999999999999e+00	-1.3922654202344417e-01
2.5750000000000002e+00	-1.3922654202344417e-01
2.5850000000000000e+00	-1.3922654202344417e-01
2.5950000000000002e+00	-1.3922654202344417e-01
2.6050000000000000e+00	-1.3922654202344417e-01
2.6150000000000002e+00	-1.3922654202344417e-01
2.6250000000000000e+00	-1.3922654202344417e-01
2.6350000000000002e+00	-1.3922654202344417e-01
2.6450000000000000e+00	-1.3922654202344417e-01
2.6550000000000002e+00	-1.3922654202344417e-01
2.6650000000000000e+00	-1.3922654202344417e-01
2.6750000000000003e+00	-1.3922654202344417e-01
2.6850000000000001e+00	-1.3922654202344417e-01
2.6949999999999998e+00	-1.3922654202344417e-01
2.7050000000000001e+00	-1.3922654202344417e-01
2.7149999999999999e+00	-1.3922654202344417e-01
2.7250000000000001e+00	-1.3922654202344417e-01
2.7349999999999999e+00	-1.3922654202344417e-01
2.7450000000000001e+00	-1.3922654202344417e-01
2.7549999999999999e+00	-1.3922654202344417e-01
2.7650000000000001e+00	-1.3922654202344417e-01
2.7749999999999999e+00	-1.3922654202344417e-01
2.7850000000000001e+00	-1.3922654202344417e-01
2.7949999999999999e+00	-1.3922654202344417e-01
2.8050000000000002e+00	-1.3922654202344417e-01
2.8149999999999999e+00	-1.3922654202344417e-01
2.8250000000000002e+00	-1.3922654202344417e-01
2.8350000000000000e+00	-1.3922654202344417e-01
2.8450000000000002e+00	-1.3922654202344417e-01
2.8550000000000000e+00	-1.3922654202344417e-01
2.8650000000000002e+00	-1.3922654202344417e-01
2.8750000000000000e+00	-1.3922654202344417e-01
2.8850000000000002e+00	-1.3922654202344417e-01
2.8950000000000000e+00	-1.3922654202344417e-01
2.9050000000000002e+00	-1.3922654202344417e-01
2.9150000000000000e+00	-1.3922654202344417e-01
2.9250000000000003e+00	-1.3922654202344417e-01
2.9350000000000001e+00	-1.3922654202344417e-01
2.9449999999999998e+00	-1.3922654202344417e-01
2.9550000000000001e+00	-1.3922654202344417e-01
2.9649999999999999e+00	-1.3922654202344417e-01
2.9750000000000001e+00	-1.3922654202344417e-01
2.9849999999999999e+00	-1.3922654202344417e-01
2.9950000000000001e+00	-1.3922654202344417e-01
3.0049999999999999e+00	1.0828695104815955e+00
3.0150000000000001e+00	1.0828695104815955e+00
3.0249999999999999e+00	1.0828695104815955e+00
3.0350000000000001e+00	1.0828695104815955e+00
3.0449999999999999e+00	1.0828695104815955e+00
3.0550000000000002e+00	1.0828695104815955e+00
3.0649999999999999e+00	1.0828695104815955e+00
3.0750000000000002e+00	1.0828695104815955e+00
3.0850000000000000e+00	1.0828695104815955e+00
3.0950000000000002e+00	1.0828695104815955e+00
3.1050000000000000e+00	1.0828695104815955e+00
3.1150000000000002e+00	1.0828695104815955e+00
3.1250000000000000e+00	1.0828695104815955e+00
3.1350000000000002e+00	1.0828695104815955e+00
3.1450000000000000e+00	1.0828695104815955e+00
3.1550000000000002e+00	1.0828695104815955e+00
3.1650000000000000e+00	1.0828695104815955e+00
3.1750000000000003e+00	1.0828695104815955e+00
3.1850000000000001e+00	1.0828695104815955e+00
3.1950000000000003e+00	1.0828695104815955e+00
3.2050000000000001e+00	1.0828695104815955e+00
3.2149999999999999e+00	1.0828695104815955e+00
3.2250000000000001e+00	1.0828695104815955e+00
3.2349999999999999e+00	1.0828695104815955e+00
3.2450000000000001e+00	1.0828695104815955e+00
3.2549999999999999e+00	1.0828695104815955e+00
3.2650000000000001e+00	1.0828695104815955e+00
3.2749999999999999e+00	1.0828695104815955e+00
3.2850000000000001e+00	1.0828695104815955e+00
3.2949999999999999e+00	1.0828695104815955e+00
3.3050000000000002e+00	1.0828695104815955e+00
3.3149999999999999e+00	1.0828695104815955e+00
3.3250000000000002e+00	1.0828695104815955e+00
3.3350000000000000e+00	1.0828695104815955e+00
3.3450000000000002e+00	1.0828695104815955e+00
3.3550000000000000e+00	1.0828695104815955e+00
3.3650000000000002e+00	1.0828695104815955e+00
3.3750000000000000e+00	1.0828695104815955e+00
3.3850000000000002e+00	1.0828695104815955e+00
3.3950000000000000e+00	1.0828695104815955e+00
3.4050000000000002e+00	1.0828695104815955e+00
3.4150000000000000e+00	1.0828695104815955e+00
3.4250000000000003e+00	1.0828695104815955e+00
3.4350000000000001e+00	1.0828695104815955e+00
3.4450000000000003e+00	1.0828695104815955e+00
3.4550000000000001e+00	1.0828695104815955e+00
3.4649999999999999e+00	1.0828695104815955e+00
3.4750000000000001e+00	1.0828695104815955e+00
3.4849999999999999e+00	1.0828695104815955e+00
3.4950000000000001e+00	1.0828695104815955e+00
3.5049999999999999e+00	1.0828695104815955e+00
3.5150000000000001e+00	1.0828695104815955e+00
3.5249999999999999e+00	1.0828695104815955e+00
3.5350000000000001e+00	1.0828695104815955e+00
3.5449999999999999e+00	1.0828695104815955e+00
3.5550000000000002e+00	1.0828695104815955e+00
3.5649999999999999e+00	1.0828695104815955e+00
3.5750000000000002e+00	1.0828695104815955e+00
3.5850000000000000e+00	1.0828695104815955e+00
3.5950000000000002e+00	1.0828695104815955e+00
3.6050000000000000e+00	1.0828695104815955e+00
3.6150000000000002e+00	1.0828695104815955e+00
3.6250000000000000e+00	1.0828695104815955e+00
3.6350000000000002e+00	1.0828695104815955e+00
3.6450000000000000e+00	1.0828695104815955e+00
3.6550000000000002e+00	1.0828695104815955e+00
3.6650000000000000e+00	1.0828695104815955e+00
3.6750000000000003e+00	1.0828695104815955e+00
3.6850000000000001e+00	1.0828695104815955e+00
3.6950000000000003e+00	1.0828695104815955e+00
3.7050000000000001e+00	1.0828695104815955e+00
3.7149999999999999e+00	1.0828695104815955e+00
3.7250000000000001e+00	1.0828695104815955e+00
3.7349999999999999e+00	1.0828695104815955e+00
3.7450000000000001e+00	1.0828695104815955e+00
3.7549999999999999e+00	1.0828695104815955e+00
3.7650000000000001e+00	1.0828695104815955e+00
3.7749999999999999e+00	1.0828695104815955e+00
3.7850000000000001e+00	1.0828695104815955e+00
3.7949999999999999e+00	1.0828695104815955e+00
3.8050000000000002e+00	1.0828695104815955e+00
3.8149999999999999e+00	1.0828695104815955e+00
3.8250000000000002e+00	1.0828695104815955e+00
3.8350000000000000e+00	1.0828695104815955e+00
3.8450000000000002e+00	1.0828695104815955e+00
3.8550000000000000e+00	1.0828695104815955e+00
3.8650000000000002e+00	1.0828695104815955e+00
3.8750000000000000e+00	1.0828695104815955e+00
3.8850000000000002e+00	1.0828695104815955e+00
3.8950000000000000e+00	1.0828695104815955e+00
3.9050000000000002e+00	1.0828695104815955e+00
3.9150000000000000e+00	1.0828695104815955e+00
3.9250000000000003e+00	1.0828695104815955e+00
3.9350000000000001e+00	1.0828695104815955e+00
3.9450000000000003e+00	1.0828695104815955e+00
3.9550000000000001e+00	1.0828695104815955e+00
3.9650000000000003e+00	1.0828695104815955e+00
3.9750000000000001e+00	1.0828695104815955e+00
3.9849999999999999e+00	1.0828695104815955e+00
3.9950000000000001e+00	1.0828695104815955e+00
4.0049999999999999e+00	1.2404199615385898e+00
4.0149999999999997e+00	1.2404199615385898e+00
4.0250000000000004e+00	1.2404199615385898e+00
4.0350000000000001e+00	1.2404199615385898e+00
4.0449999999999999e+00	1.2404199615385898e+00
4.0549999999999997e+00	1.2404199615385898e+00
4.0650000000000004e+00	1.2404199615385898e+00
4.0750000000000002e+00	1.2404199615385898e+00
4.0850000000000000e+00	1.2404199615385898e+00
4.0949999999999998e+00	1.2404199615385898e+00
4.1050000000000004e+00	1.2404199615385898e+00
4.1150000000000002e+00	1.2404199615385898e+00
4.1250000000000000e+00	1.2404199615385898e+00
4.1349999999999998e+00	1.2404199615385898e+00
4.1450000000000005e+00	1.2404199615385898e+00
4.1550000000000002e+00	1.2404199615385898e+00
4.1650000000000000e+00	1.2404199615385898e+00
4.1749999999999998e+00	1.2404199615385898e+00
4.1850000000000005e+00	1.2404199615385898e+00
4.1950000000000003e+00	1.2404199615385898e+00
4.2050000000000001e+00	1.2404199615385898e+00
4.2149999999999999e+00	1.2404199615385898e+00
4.2249999999999996e+00	1.2404199615385898e+00
4.2350000000000003e+00	1.2404199615385898e+00
4.2450000000000001e+00	1.2404199615385898e+00
4.2549999999999999e+00	1.2404199615385898e+00
4.2649999999999997e+00	1.2404199615385898e+00
4.2750000000000004e+00	1.2404199615385898e+00
4.2850000000000001e+00	1.2404199615385898e+00
4.2949999999999999e+00	1.2404199615385898e+00
4.3049999999999997e+00	1.2404199615385898e+00
4.3150000000000004e+00	1.2404199615385898e+00
4.3250000000000002e+00	1.2404199615385898e+00
4.3350000000000000e+00	1.2404199615385898e+00
4.3449999999999998e+00	1.2404199615385898e+00
4.3550000000000004e+00	1.2404199615385898e+00
4.3650000000000002e+00	1.2404199615385898e+00
4.3750000000000000e+00	1.2404199615385898e+00
4.3849999999999998e+00	1.2404199615385898e+00
4.3950000000000005e+00	1.2404199615385898e+00
4.4050000000000002e+00	1.2404199615385898e+00
4.4150000000000000e+00	1.2404199615385898e+00
4.4249999999999998e+00	1.2404199615385898e+00
4.4350000000000005e+00	1.2404199615385898e+00
4.4450000000000003e+00	1.2404199615385898e+00
4.4550000000000001e+00	1.2404199615385898e+00
4.4649999999999999e+00	1.2404199615385898e+00
4.4750000000000005e+00	1.2404199615385898e+00
4.4850000000000003e+00	1.2404199615385898e+00
4.4950000000000001e+00	1.2404199615385898e+00
4.5049999999999999e+00	1.2404199615385898e+00
4.5149999999999997e+00	1.2404199615385898e+00
4.5250000000000004e+00	1.2404199615385898e+00
4.5350000000000001e+00	1.2404199615385898e+00
4.5449999999999999e+00	1.2404199615385898e+00
4.5549999999999997e+00	1.2404199615385898e+00
4.5650000000000004e+00	1.2404199615385898e+00
4.5750000000000002e+00	1.2404199615385898e+00
4.5850000000000000e+00	1.2404199615385898e+00
4.5949999999999998e+00	1.2404199615385898e+00
4.6050000000000004e+00	1.2404199615385898e+00
4.6150000000000002e+00	1.2404199615385898e+00
4.6250000000000000e+00	1.2404199615385898e+00
4.6349999999999998e+00	1.2404199615385898e+00
4.6450000000000005e+00	1.2404199615385898e+00
4.6550000000000002e+00	1.2404199615385898e+00
4.6650000000000000e+00	1.2404199615385898e+00
4.6749999999999998e+00	1.2404199615385898e+00
4.6850000000000005e+00	1.2404199615385898e+00
4.6950000000000003e+00	1.2404199615385898e+00
4.7050000000000001e+00	1.2404199615385898e+00
4.7149999999999999e+00	1.2404199615385898e+00
4.7250000000000005e+00	1.2404199615385898e+00
4.7350000000000003e+00	1.2404199615385898e+00
4.7450000000000001e+00	1.2404199615385898e+00
4.7549999999999999e+00	1.2404199615385898e+00
4.7649999999999997e+00	1.2404199615385898e+00
4.7750000000000004e+00	1.2404199615385898e+00
4.7850000000000001e+00	1.2404199615385898e+00
4.7949999999999999e+00	1.2404199615385898e+00
4.8049999999999997e+00	1.2404199615385898e+00
4.8150000000000004e+00	1.2404199615385898e+00
4.8250000000000002e+00	1.2404199615385898e+00
4.8350000000000000e+00	1.2404199615385898e+00
4.8449999999999998e+00	1.2404199615385898e+00
4.8550000000000004e+00	1.2404199615385898e+00
4.8650000000000002e+00	1.2404199615385898e+00
4.8750000000000000e+00	1.2404199615385898e+00
4.8849999999999998e+00	1.2404199615385898e+00
4.8950000000000005e+00	1.2404199615385898e+00
4.9050000000000002e+00	1.2404199615385898e+00
4.9150000000000000e+00	1.2404199615385898e+00
4.9249999999999998e+00	1.2404199615385898e+00
4.9350000000000005e+00	1.2404199615385898e+00
4.9450000000000003e+00	1.2404199615385898e+00
4.9550000000000001e+00	1.2404199615385898e+00
4.9649999999999999e+00	1.2404199615385898e+00
4.9750000000000005e+00	1.2404199615385898e+00
4.9850000000000003e+00	1.2404199615385898e+00
4.9950000000000001e+00	1.2404199615385898e+00
5.0049999999999999e+00	6.9467471649248203e-01
5.0149999999999997e+00	6.9467471649248203e-01
5.0250000000000004e+00	6.9467471649248203e-01
5.0350000000000001e+00	6.9467471649248203e-01
5.0449999999999999e+00	6.9467471649248203e-01
5.0549999999999997e+00	6.9467471649248203e-01
5.0650000000000004e+00	6.9467471649248203e-01
5.0750000000000002e+00	6.9467471649248203e-01
5.0850000000000000e+00	6.9467471649248203e-01
5.0949999999999998e+00	6.9467471649248203e-01
5.1050000000000004e+00	6.9467471649248203e-01
5.1150000000000002e+00	6.9467471649248203e-01
5.1250000000000000e+00	6.9467471649248203e-01
5.1349999999999998e+00	6.9467471649248203e-01
5.1450000000000005e+00	6.9467471649248203e-01
5.1550000000000002e+00	6.9467471649248203e-01
5.1650000000000000e+00	6.9467471649248203e-01
5.1749999999999998e+00	6.9467471649248203e-01
5.1850000000000005e+00	6.9467471649248203e-01
5.1950000000000003e+00	6.9467471649248203e-01
5.2050000000000001e+00	6.9467471649248203e-01
5.2149999999999999e+00	6.9467471649248203e-01
5.2250000000000005e+00	6.9467471649248203e-01
5.2350000000000003e+00	6.9467471649248203e-01
5.2450000000000001e+00	6.9467471649248203e-01
5.2549999999999999e+00	6.9467471649248203e-01
5.2649999999999997e+00	6.9467471649248203e-01
5.2750000000000004e+00	6.9467471649248203e-01
5.2850000000000001e+00	6.9467471649248203e-01
5.2949999999999999e+00	6.9467471649248203e-01
5.3049999999999997e+00	6.9467471649248203e-01
5.3150000000000004e+00	6.9467471649248203e-01
5.3250000000000002e+00	6.9467471649248203e-01
5.3350000000000000e+00	6.9467471649248203e-01
5.3449999999999998e+00	6.9467471649248203e-01
5.3550000000000004e+00	6.9467471649248203e-01
5.3650000000000002e+00	6.9467471649248203e-01
5.3750000000000000e+00	6.9467471649248203e-01
5.3849999999999998e+00	6.9467471649248203e-01
5.3950000000000005e+00	6.9467471649248203e-01
5.4050000000000002e+00	6.9467471649248203e-01
5.4150000000000000e+00	6.9467471649248203e-01
5.4249999999999998e+00	6.9467471649248203e-01
5.4350000000000005e+00	6.9467471649248203e-01
5.4450000000000003e+00	6.9467471649248203e-01
5.4550000000000001e+00	6.9467471649248203e-01
5.4649999999999999e+00	6.9467471649248203e-01
5.4750000000000005e+00	6.9467471649248203e-01
5.4850000000000003e+00	6.9467471649248203e-01
5.4950000000000001e+00	6.9467471649248203e-01
5.5049999999999999e+00	6.9467471649248203e-01
5.5149999999999997e+00	6.9467471649248203e-01
5.5250000000000004e+00	6.9467471649248203e-01
5.5350000000000001e+00	6.9467471649248203e-01
5.5449999999999999e+00	6.9467471649248203e-01
5.5549999999999997e+00	6.9467471649248203e-01
5.5650000000000004e+00	6.9467471649248203e-01
5.5750000000000002e+00	6.9467471649248203e-01
5.5850000000000000e+00	6.9467471649248203e-01
5.5949999999999998e+00	6.9467471649248203e-01
5.6050000000000004e+00	6.9467471649248203e-01
5.6150000000000002e+00	6.9467471649248203e-01
5.6250000000000000e+00	6.9467471649248203e-01
5.6349999999999998e+00	6.9467471649248203e-01
5.6450000000000005e+00	6.9467471649248203e-01
5.6550000000000002e+00	6.9467471649248203e-01
5.6650000000000000e+00	6.9467471649248203e-01
5.6749999999999998e+00	6.9467471649248203e-01
5.6850000000000005e+00	6.9467471649248203e-01
5.6950000000000003e+00	6.9467471649248203e-01
5.7050000000000001e+00	6.9467471649248203e-01
5.7149999999999999e+00	6.9467471649248203e-01
5.7250000000000005e+00	6.9467471649248203e-01
5.7350000000000003e+00	6.9467471649248203e-01
5.7450000000000001e+00	6.9467471649248203e-01
5.7549999999999999e+00	6.9467471649248203e-01
5.7649999999999997e+00	6.9467471649248203e-01
5.7750000000000004e+00	6.9467471649248203e-01
5.7850000000000001e+00	6.9467471649248203e-01
5.7949999999999999e+00	6.9467471649248203e-01
5.8049999999999997e+00	6.9467471649248203e-01
5.8150000000000004e+00	6.9467471649248203e-01
5.8250000000000002e+00	6.9467471649248203e-01
5.8350000000000000e+00	6.9467471649248203e-01
5.8449999999999998e+00	6.9467471649248203e-01
5.8550000000000004e+00	6.9467471649248203e-01
5.8650000000000002e+00	6.9467471649248203e-01
5.8750000000000000e+00	6.9467471649248203e-01
5.8849999999999998e+00	6.9467471649248203e-01
5.8950000000000005e+00	6.9467471649248203e-01
5.9050000000000002e+00	6.9467471649248203e-01
5.9150000000000000e+00	6.9467471649248203e-01
5.9249999999999998e+00	6.9467471649248203e-01
5.9350000000000005e+00	6.9467471649248203e-01
5.9450000000000003e+00	6.9467471649248203e-01
5.9550000000000001e+00	6.9467471649248203e-01
5.9649999999999999e+00	6.9467471649248203e-01
5.9750000000000005e+00	6.9467471649248203e-01
5.9850000000000003e+00	6.9467471649248203e-01
5.9950000000000001e+00	6.9467471649248203e-01
6.0049999999999999e+00	3.4903835335322342e-01
6.0150000000000006e+00	3.4903835335322342e-01
6.0250000000000004e+00	3.4903835335322342e-01
6.0350000000000001e+00	3.4903835335322342e-01
6.0449999999999999e+00	3.4903835335322342e-01
6.0549999999999997e+00	3.4903835335322342e-01
6.0650000000000004e+00	3.4903835335322342e-01
6.0750000000000002e+00	3.4903835335322342e-01
6.0850000000000000e+00	3.4903835335322342e-01
6.0949999999999998e+00	3.4903835335322342e-01
6.1050000000000004e+00	3.4903835335322342e-01
6.1150000000000002e+00	3.4903835335322342e-01
6.1250000000000000e+00	3.4903835335322342e-01
6.1349999999999998e+00	3.4903835335322342e-01
6.1450000000000005e+00	3.4903835335322342e-01
6.1550000000000002e+00	3.4903835335322342e-01
6.1650000000000000e+00	3.4903835335322342e-01
6.1749999999999998e+00	3.4903835335322342e-01
6.1850000000000005e+00	3.4903835335322342e-01
6.1950000000000003e+00	3.4903835335322342e-01
6.2050000000000001e+00	3.4903835335322342e-01
6.2149999999999999e+00	3.4903835335322342e-01
6.2250000000000005e+00	3.4903835335322342e-01
6.2350000000000003e+00	3.4903835335322342e-01
6.2450000000000001e+00	3.4903835335322342e-01
6.2549999999999999e+00	3.4903835335322342e-01
6.2650000000000006e+00	3.4903835335322342e-01
6.2750000000000004e+00	3.4903835335322342e-01
6.2850000000000001e+00	3.4903835335322342e-01
6.2949999999999999e+00	3.4903835335322342e-01
6.3049999999999997e+00	3.4903835335322342e-01
6.3150000000000004e+00	3.4903835335322342e-01
6.3250000000000002e+00	3.4903835335322342e-01
6.3350000000000000e+00	3.4903835335322342e-01
6.3449999999999998e+00	3.4903835335322342e-01
6.3550000000000004e+00	3.4903835335322342e-01
6.3650000000000002e+00	3.4903835335322342e-01
6.3750000000000000e+00	3.4903835335322342e-01
6.3849999999999998e+00	3.4903835335322342e-01
6.3950000000000005e+00	3.4903835335322342e-01
6.4050000000000002e+00	3.4903835335322342e-01
6.4150000000000000e+00	3.4903835335322342e-01
6.4249999999999998e+00	3.4903835335322342e-01
6.4350000000000005e+00	3.4903835335322342e-01
6.4450000000000003e+00	3.4903835335322342e-01
6.4550000000000001e+00	3.4903835335322342e-01
6.4649999999999999e+00	3.4903835335322342e-01
6.4750000000000005e+00	3.4903835335322342e-01
6.4850000000000003e+00	3.4903835335322342e-01
6.4950000000000001e+00	3.4903835335322342e-01
6.5049999999999999e+00	3.4903835335322342e-01
6.5150000000000006e+00	3.4903835335322342e-01
6.5250000000000004e+00	3.4903835335322342e-01
6.5350000000000001e+00	3.4903835335322342e-01
6.5449999999999999e+00	3.4903835335322342e-01
6.5549999999999997e+00	3.4903835335322342e-01
6.5650000000000004e+00	3.4903835335322342e-01
6.5750000000000002e+00	3.4903835335322342e-01
6.5850000000000000e+00	3.4903835335322342e-01
6.5949999999999998e+00	3.4903835335322342e-01
6.6050000000000004e+00	3.4903835335322342e-01
6.6150000000000002e+00	3.4903835335322342e-01
6.6250000000000000e+00	3.4903835335322342e-01
6.6349999999999998e+00	3.4903835335322342e-01
6.6450000000000005e+00	3.4903835335322342e-01
6.6550000000000002e+00	3.4903835335322342e-01
6.6650000000000000e+00	3.4903835335322342e-01
6.6749999999999998e+00	3.4903835335322342e-01
6.6850000000000005e+00	3.4903835335322342e-01
6.6950000000000003e+00	3.4903835335322342e-01
6.7050000000000001e+00	3.4903835335322342e-01
6.7149999999999999e+00	3.4903835335322342e-01
6.7250000000000005e+00	3.4903835335322342e-01
6.7350000000000003e+00	3.4903835335322342e-01
6.7450000000000001e+00	3.4903835335322342e-01
6.7549999999999999e+00	3.4903835335322342e-01
6.7650000000000006e+00	3.4903835335322342e-01
6.7750000000000004e+00	3.4903835335322342e-01
6.7850000000000001e+00	3.4903835335322342e-01
6.7949999999999999e+00	3.4903835335322342e-01
6.8049999999999997e+00	3.4903835335322342e-01
6.8150000000000004e+00	3.4903835335322342e-01
6.8250000000000002e+00	3.4903835335322342e-01
6.8350000000000000e+00	3.4903835335322342e-01
6.8449999999999998e+00	3.4903835335322342e-01
6.8550000000000004e+00	3.4903835335322342e-01
6.8650000000000002e+00	3.4903835335322342e-01
6.8750000000000000e+00	3.4903835335322342e-01
6.8849999999999998e+00	3.4903835335322342e-01
6.8950000000000005e+00	3.4903835335322342e-01
6.9050000000000002e+00	3.4903835335322342e-01
6.9150000000000000e+00	3.4903835335322342e-01
6.9249999999999998e+00	3.4903835335322342e-01
6.9350000000000005e+00	3.4903835335322342e-01
6.9450000000000003e+00	3.4903835335322342e-01
6.9550000000000001e+00	3.4903835335322342e-01
6.9649999999999999e+00	3.4903835335322342e-01
6.9750000000000005e+00	3.4903835335322342e-01
6.9850000000000003e+00	3.4903835335322342e-01
6.9950000000000001e+00	3.4903835335322342e-01
7.0049999999999999e+00	1.1597603292564740e+00
7.0150000000000006e+00	1.1597603292564740e+00
7.0250000000000004e+00	1.1597603292564740e+00
7.0350000000000001e+00	1.1597603292564740e+00
7.0449999999999999e+00	1.1597603292564740e+00
7.0549999999999997e+00	1.1597603292564740e+00
7.0650000000000004e+00	1.1597603292564740e+00
7.0750000000000002e+00	1.1597603292564740e+00
7.0850000000000000e+00	1.1597603292564740e+00
7.0949999999999998e+00	1.1597603292564740e+00
7.1050000000000004e+00	1.1597603292564740e+00
7.1150000000000002e+00	1.1597603292564740e+00
7.1250000000000000e+00	1.1597603292564740e+00
7.1349999999999998e+00	1.1597603292564740e+00
7.1450000000000005e+00	1.1597603292564740e+00
7.1550000000000002e+00	1.1597603292564740e+00
7.1650000000000000e+00	1.1597603292564740e+00
7.1749999999999998e+00	1.1597603292564740e+00
7.1850000000000005e+00	1.1597603292564740e+00
7.1950000000000003e+00	1.1597603292564740e+00
7.2050000000000001e+00	1.1597603292564740e+00
7.2149999999999999e+00	1.1597603292564740e+00
7.2250000000000005e+00	1.1597603292564740e+00
7.2350000000000003e+00	1.1597603292564740e+00
7.2450000000000001e+00	1.1597603292564740e+00
7.2549999999999999e+00	1.1597603292564740e+00
7.2650000000000006e+00	1.1597603292564740e+00
7.2750000000000004e+00	1.1597603292564740e+00
7.2850000000000001e+00	1.1597603292564740e+00
7.2949999999999999e+00	1.1597603292564740e+00
7.3049999999999997e+00	1.1597603292564740e+00
7.3150000000000004e+00	1.1597603292564740e+00
7.3250000000000002e+00	1.1597603292564740e+00
7.3350000000000000e+00	1.1597603292564740e+00
7.3449999999999998e+00	1.1597603292564740e+00
7.3550000000000004e+00	1.1597603292564740e+00
7.3650000000000002e+00	1.1597603292564740e+00
7.3750000000000000e+00	1.1597603292564740e+00
7.3849999999999998e+00	1.1597603292564740e+00
7.3950000000000005e+00	1.1597603292564740e+00
7.4050000000000002e+00	1.1597603292564740e+00
7.4150000000000000e+00	1.1597603292564740e+00
7.4249999999999998e+00	1.1597603292564740e+00
7.4350000000000005e+00	1.1597603292564740e+00
7.4450000000000003e+00	1.1597603292564740e+00
7.4550000000000001e+00	1.1597603292564740e+00
7.4649999999999999e+00	1.1597603292564740e+00
7.4750000000000005e+00	1.1597603292564740e+00
7.4850000000000003e+00	1.1597603292564740e+00
7.4950000000000001e+00	1.1597603292564740e+00
7.5049999999999999e+00	1.1597603292564740e+00
7.5150000000000006e+00	1.1597603292564740e+00
7.5250000000000004e+00	1.1597603292564740e+00
7.5350000000000001e+00	1.1597603292564740e+00
7.5449999999999999e+00	1.1597603292564740e+00
7.5549999999999997e+00	1.1597603292564740e+00
7.5650000000000004e+00	1.1597603292564740e+00
7.5750000000000002e+00	1.1597603292564740e+00
7.5850000000000000e+00	1.1597603292564740e+00
7.5949999999999998e+00	1.1597603292564740e+00
7.6050000000000004e+00	1.1597603292564740e+00
7.6150000000000002e+00	1.1597603292564740e+00
7.6250000000000000e+00	1.1597603292564740e+00
7.6349999999999998e+00	1.1597603292564740e+00
7.6450000000000005e+00	1.1597603292564740e+00
7.6550000000000002e+00	1.1597603292564740e+00
7.6650000000000000e+00	1.1597603292564740e+00
7.6749999999999998e+00	1.1597603292564740e+00
7.6850000000000005e+00	1.1597603292564740e+00
7.6950000000000003e+00	1.1597603292564740e+00
7.7050000000000001e+00	1.1597603292564740e+00
7.7149999999999999e+00	1.1597603292564740e+00
7.7250000000000005e+00	1.1597603292564740e+00
7.7350000000000003e+00	1.1597603292564740e+00
7.7450000000000001e+00	1.1597603292564740e+00
7.7549999999999999e+00	1.1597603292564740e+00
7.7650000000000006e+00	1.1597603292564740e+00
7.7750000000000004e+00	1.1597603292564740e+00
7.7850000000000001e+00	1.1597603292564740e+00
7.7949999999999999e+00	1.1597603292564740e+00
7.8050000000000006e+00	1.1597603292564740e+00
7.8150000000000004e+00	1.1597603292564740e+00
7.8250000000000002e+00	1.1597603292564740e+00
7.8350000000000000e+00	1.1597603292564740e+00
7.8449999999999998e+00	1.1597603292564740e+00
7.8550000000000004e+00	1.1597603292564740e+00
7.8650000000000002e+00	1.1597603292564740e+00
7.8750000000000000e+00	1.1597603292564740e+00
7.8849999999999998e+00	1.1597603292564740e+00
7.8950000000000005e+00	1.1597603292564740e+00
7.9050000000000002e+00	1.1597603292564740e+00
7.9150000000000000e+00	1.1597603292564740e+00
7.9249999999999998e+00	1.1597603292564740e+00
7.9350000000000005e+00	1.1597603292564740e+00
7.9450000000000003e+00	1.1597603292564740e+00
7.9550000000000001e+00	1.1597603292564740e+00
7.9649999999999999e+00	1.1597603292564740e+00
7.9750000000000005e+00	1.1597603292564740e+00
7.9850000000000003e+00	1.1597603292564740e+00
7.9950000000000001e+00	1.1597603292564740e+00
8.0050000000000008e+00	7.0106664244709738e-02
8.0150000000000006e+00	7.0106664244709738e-02
8.0250000000000004e+00	7.0106664244709738e-02
8.0350000000000001e+00	7.0106664244709738e-02
8.0449999999999999e+00	7.0106664244709738e-02
8.0549999999999997e+00	7.0106664244709738e-02
8.0649999999999995e+00	7.0106664244709738e-02
8.0749999999999993e+00	7.0106664244709738e-02
8.0850000000000009e+00	7.0106664244709738e-02
8.0950000000000006e+00	7.0106664244709738e-02
8.1050000000000004e+00	7.0106664244709738e-02
8.1150000000000002e+00	7.0106664244709738e-02
8.1250000000000000e+00	7.0106664244709738e-02
8.1349999999999998e+00	7.0106664244709738e-02
8.1449999999999996e+00	7.0106664244709738e-02
8.1549999999999994e+00	7.0106664244709738e-02
8.1650000000000009e+00	7.0106664244709738e-02
8.1750000000000007e+00	7.0106664244709738e-02
8.1850000000000005e+00	7.0106664244709738e-02
8.1950000000000003e+00	7.0106664244709738e-02
8.2050000000000001e+00	7.0106664244709738e-02
8.2149999999999999e+00	7.0106664244709738e-02
8.2249999999999996e+00	7.0106664244709738e-02
8.2349999999999994e+00	7.0106664244709738e-02
8.2450000000000010e+00	7.0106664244709738e-02
8.2550000000000008e+00	7.0106664244709738e-02
8.2650000000000006e+00	7.0106664244709738e-02
8.2750000000000004e+00	7.0106664244709738e-02
8.2850000000000001e+00	7.0106664244709738e-02
8.2949999999999999e+00	7.0106664244709738e-02
8.3049999999999997e+00	7.0106664244709738e-02
8.3149999999999995e+00	7.0106664244709738e-02
8.3249999999999993e+00	7.0106664244709738e-02
8.3350000000000009e+00	7.0106664244709738e-02
8.3450000000000006e+00	7.0106664244709738e-02
8.3550000000000004e+00	7.0106664244709738e-02
8.3650000000000002e+00	7.0106664244709738e-02
8.3750000000000000e+00	7.0106664244709738e-02
8.3849999999999998e+00	7.0106664244709738e-02
8.3949999999999996e+00	7.0106664244709738e-02
8.4049999999999994e+00	7.0106664244709738e-02
8.4150000000000009e+00	7.0106664244709738e-02
8.4250000000000007e+00	7.0106664244709738e-02
8.4350000000000005e+00	7.0106664244709738e-02
8.4450000000000003e+00	7.0106664244709738e-02
8.4550000000000001e+00	7.0106664244709738e-02
8.4649999999999999e+00	7.0106664244709738e-02
8.4749999999999996e+00	7.0106664244709738e-02
8.4849999999999994e+00	7.0106664244709738e-02
8.4950000000000010e+00	7.0106664244709738e-02
8.5050000000000008e+00	7.0106664244709738e-02
8.5150000000000006e+00	7.0106664244709738e-02
8.5250000000000004e+00	7.0106664244709738e-02
8.5350000000000001e+00	7.0106664244709738e-02
8.5449999999999999e+00	7.0106664244709738e-02
8.5549999999999997e+00	7.0106664244709738e-02
8.5649999999999995e+00	7.0106664244709738e-02
8.5750000000000011e+00	7.0106664244709738e-02
8.5850000000000009e+00	7.0106664244709738e-02
8.5950000000000006e+00	7.0106664244709738e-02
8.6050000000000004e+00	7.0106664244709738e-02
8.6150000000000002e+00	7.0106664244709738e-02
8.6250000000000000e+00	7.0106664244709738e-02
8.6349999999999998e+00	7.0106664244709738e-02
8.6449999999999996e+00	7.0106664244709738e-02
8.6549999999999994e+00	7.0106664244709738e-02
8.6650000000000009e+00	7.0106664244709738e-02
8.6750000000000007e+00	7.0106664244709738e-02
8.6850000000000005e+00	7.0106664244709738e-02
8.6950000000000003e+00	7.0106664244709738e-02
8.7050000000000001e+00	7.0106664244709738e-02
8.7149999999999999e+00	7.0106664244709738e-02
8.7249999999999996e+00	7.0106664244709738e-02
8.7349999999999994e+00	7.0106664244709738e-02
8.7450000000000010e+00	7.0106664244709738e-02
8.7550000000000008e+00	7.0106664244709738e-02
8.7650000000000006e+00	7.0106664244709738e-02
8.7750000000000004e+00	7.0106664244709738e-02
8.7850000000000001e+00	7.0106664244709738e-02
8.7949999999999999e+00	7.0106664244709738e-02
8.8049999999999997e+00	7.0106664244709738e-02
8.8149999999999995e+00	7.0106664244709738e-02
8.8250000000000011e+00	7.0106664244709738e-02
8.8350000000000009e+00	7.0106664244709738e-02
8.8450000000000006e+00	7.0106664244709738e-02
8.8550000000000004e+00	7.0106664244709738e-02
8.8650000000000002e+00	7.0106664244709738e-02
8.8750000000000000e+00	7.0106664244709738e-02
8.8849999999999998e+00	7.0106664244709738e-02
8.8949999999999996e+00	7.0106664244709738e-02
8.9049999999999994e+00	7.0106664244709738e-02
8.9150000000000009e+00	7.0106664244709738e-02
8.9250000000000007e+00	7.0106664244709738e-02
8.9350000000000005e+00	7.0106664244709738e-02
8.9450000000000003e+00	7.0106664244709738e-02
8.9550000000000001e+00	7.0106664244709738e-02
8.9649999999999999e+00	7.0106664244709738e-02
8.9749999999999996e+00	7.0106664244709738e-02
8.9849999999999994e+00	7.0106664244709738e-02
8.9950000000000010e+00	7.0106664244709738e-02
9.0050000000000008e+00	6.7083333580405535e-01
9.0150000000000006e+00	6.7083333580405535e-01
9.0250000000000004e+00	6.7083333580405535e-01
9.0350000000000001e+00	6.7083333580405535e-01
9.0449999999999999e+00	6.7083333580405535e-01
9.0549999999999997e+00	6.7083333580405535e-01
9.0649999999999995e+00	6.7083333580405535e-01
9.0750000000000011e+00	6.7083333580405535e-01
9.0850000000000009e+00	6.7083333580405535e-01
9.0950000000000006e+00	6.7083333580405535e-01
9.1050000000000004e+00	6.7083333580405535e-01
9.1150000000000002e+00	6.7083333580405535e-01
9.1250000000000000e+00	6.7083333580405535e-01
9.1349999999999998e+00	6.7083333580405535e-01
9.1449999999999996e+00	6.7083333580405535e-01
9.1549999999999994e+00	6.7083333580405535e-01
9.1650000000000009e+00	6.7083333580405535e-01
9.1750000000000007e+00	6.7083333580405535e-01
9.1850000000000005e+00	6.7083333580405535e-01
9.1950000000000003e+00	6.7083333580405535e-01
9.2050000000000001e+00	6.7083333580405535e-01
9.2149999999999999e+00	6.7083333580405535e-01
9.2249999999999996e+00	6.7083333580405535e-01
9.2349999999999994e+00	6.7083333580405535e-01
9.2450000000000010e+00	6.7083333580405535e-01
9.2550000000000008e+00	6.7083333580405535e-01
9.2650000000000006e+00	6.7083333580405535e-01
9.2750000000000004e+00	6.7083333580405535e-01
9.2850000000000001e+00	6.7083333580405535e-01
9.2949999999999999e+00	6.7083333580405535e-01
9.3049999999999997e+00	6.7083333580405535e-01
9.3149999999999995e+00	6.7083333580405535e-01
9.3250000000000011e+00	6.7083333580405535e-01
9.3350000000000009e+00	6.7083333580405535e-01
9.3450000000000006e+00	6.7083333580405535e-01
9.3550000000000004e+00	6.7083333580405535e-01
9.3650000000000002e+00	6.7083333580405535e-01
9.3750000000000000e+00	6.7083333580405535e-01
9.3849999999999998e+00	6.7083333580405535e-01
9.3949999999999996e+00	6.7083333580405535e-01
9.4049999999999994e+00	6.7083333580405535e-01
9.4150000000000009e+00	6.7083333580405535e-01
9.4250000000000007e+00	6.7083333580405535e-01
9.4350000000000005e+00	6.7083333580405535e-01
9.4450000000000003e+00	6.7083333580405535e-01
9.4550000000000001e+00	6.7083333580405535e-01
9.4649999999999999e+00	6.7083333580405535e-01
9.4749999999999996e+00	6.7083333580405535e-01
9.4849999999999994e+00	6.7083333580405535e-01
9.4950000000000010e+00	6.7083333580405535e-01
9.5050000000000008e+00	6.7083333580405535e-01
9.5150000000000006e+00	6.7083333580405535e-01
9.5250000000000004e+00	6.7083333580405535e-01
9.5350000000000001e+00	6.7083333580405535e-01
9.5449999999999999e+00	6.7083333580405535e-01
9.5549999999999997e+00	6.7083333580405535e-01
9.5649999999999995e+00	6.7083333580405535e-01
9.5750000000000011e+00	6.7083333580405535e-01
9.5850000000000009e+00	6.7083333580405535e-01
9.5950000000000006e+00	6.7083333580405535e-01
9.6050000000000004e+00	6.7083333580405535e-01
9.6150000000000002e+00	6.7083333580405535e-01
9.6250000000000000e+00	6.7083333580405535e-01
9.6349999999999998e+00	6.7083333580405535e-01
9.6449999999999996e+00	6.7083333580405535e-01
9.6549999999999994e+00	6.7083333580405535e-01
9.6650000000000009e+00	6.7083333580405535e-01
9.6750000000000007e+00	6.7083333580405535e-01
9.6850000000000005e+00	6.7083333580405535e-01
9.6950000000000003e+00	6.7083333580405535e-01
9.7050000000000001e+00	6.7083333580405535e-01
9.7149999999999999e+00	6.7083333580405535e-01
9.7249999999999996e+00	6.7083333580405535e-01
9.7349999999999994e+00	6.7083333580405535e-01
9.7450000000000010e+00	6.7083333580405535e-01
9.7550000000000008e+00	6.7083333580405535e-01
9.7650000000000006e+00	6.7083333580405535e-01
9.7750000000000004e+00	6.7083333580405535e-01
9.7850000000000001e+00	6.7083333580405535e-01
9.7949999999999999e+00	6.7083333580405535e-01
9.8049999999999997e+00	6.7083333580405535e-01
9.8149999999999995e+00	6.7083333580405535e-01
9.8250000000000011e+00	6.7083333580405535e-01
9.8350000000000009e+00	6.7083333580405535e-01
9.8450000000000006e+00	6.7083333580405535e-01
9.8550000000000004e+00	6.7083333580405535e-01
9.8650000000000002e+00	6.7083333580405535e-01
9.8750000000000000e+00	6.7083333580405535e-01
9.8849999999999998e+00	6.7083333580405535e-01
9.8949999999999996e+00	6.7083333580405535e-01
9.9049999999999994e+00	6.7083333580405535e-01
9.9150000000000009e+00	6.7083333580405535e-01
9.9250000000000007e+00	6.7083333580405535e-01
9.9350000000000005e+00	6.7083333580405535e-01
9.9450000000000003e+00	6.7083333580405535e-01
9.9550000000000001e+00	6.7083333580405535e-01
9.9649999999999999e+00	6.7083333580405535e-01
9.9749999999999996e+00	6.7083333580405535e-01
9.9849999999999994e+00	6.7083333580405535e-01
9.9950000000000010e+00	6.7083333580405535e-01
1.0005000000000001e+01	9.1653784416675854e-01
1.0015000000000001e+01	9.1653784416675854e-01
1.0025000000000000e+01	9.1653784416675854e-01
1.0035000000000000e+01	9.1653784416675854e-01
1.0045000000000000e+01	9.1653784416675854e-01
1.0055000000000000e+01	9.1653784416675854e-01
1.0065000000000000e+01	9.1653784416675854e-01
1.0075000000000001e+01	9.1653784416675854e-01
1.0085000000000001e+01	9.1653784416675854e-01
1.0095000000000001e+01	9.1653784416675854e-01
1.0105000000000000e+01	9.1653784416675854e-01
1.0115000000000000e+01	9.1653784416675854e-01
1.0125000000000000e+01	9.1653784416675854e-01
1.0135000000000000e+01	9.1653784416675854e-01
1.0145000000000000e+01	9.1653784416675854e-01
1.0154999999999999e+01	9.1653784416675854e-01
1.0165000000000001e+01	9.1653784416675854e-01
1.0175000000000001e+01	9.1653784416675854e-01
1.0185000000000000e+01	9.1653784416675854e-01
1.0195000000000000e+01	9.1653784416675854e-01
1.0205000000000000e+01	9.1653784416675854e-01
1.0215000000000000e+01	9.1653784416675854e-01
1.0225000000000000e+01	9.1653784416675854e-01
1.0234999999999999e+01	9.1653784416675854e-01
1.0245000000000001e+01	9.1653784416675854e-01
1.0255000000000001e+01	9.1653784416675854e-01
1.0265000000000001e+01	9.1653784416675854e-01
1.0275000000000000e+01	9.1653784416675854e-01
1.0285000000000000e+01	9.1653784416675854e-01
1.0295000000000000e+01	9.1653784416675854e-01
1.0305000000000000e+01	9.1653784416675854e-01
1.0315000000000000e+01	9.1653784416675854e-01
1.0325000000000001e+01	9.1653784416675854e-01
1.0335000000000001e+01	9.1653784416675854e-01
1.0345000000000001e+01	9.1653784416675854e-01
1.0355000000000000e+01	9.1653784416675854e-01
1.0365000000000000e+01	9.1653784416675854e-01
1.0375000000000000e+01	9.1653784416675854e-01
1.0385000000000000e+01	9.1653784416675854e-01
1.0395000000000000e+01	9.1653784416675854e-01
1.0404999999999999e+01	9.1653784416675854e-01
1.0415000000000001e+01	9.1653784416675854e-01
1.0425000000000001e+01	9.1653784416675854e-01
1.0435000000000000e+01	9.1653784416675854e-01
1.0445000000000000e+01	9.1653784416675854e-01
1.0455000000000000e+01	9.1653784416675854e-01
1.0465000000000000e+01	9.1653784416675854e-01
1.0475000000000000e+01	9.1653784416675854e-01
1.0484999999999999e+01	9.1653784416675854e-01
1.0495000000000001e+01	9.1653784416675854e-01
1.0505000000000001e+01	9.1653784416675854e-01
1.0515000000000001e+01	9.1653784416675854e-01
1.0525000000000000e+01	9.1653784416675854e-01
1.0535000000000000e+01	9.1653784416675854e-01
1.0545000000000000e+01	9.1653784416675854e-01
1.0555000000000000e+01	9.1653784416675854e-01
1.0565000000000000e+01	9.1653784416675854e-01
1.0575000000000001e+01	9.1653784416675854e-01
1.0585000000000001e+01	9.1653784416675854e-01
1.0595000000000001e+01	9.1653784416675854e-01
1.0605000000000000e+01	9.1653784416675854e-01
1.0615000000000000e+01	9.1653784416675854e-01
1.0625000000000000e+01	9.1653784416675854e-01
1.0635000000000000e+01	9.1653784416675854e-01
1.0645000000000000e+01	9.1653784416675854e-01
1.0654999999999999e+01	9.1653784416675854e-01
1.0665000000000001e+01	9.1653784416675854e-01
1.0675000000000001e+01	9.1653784416675854e-01
1.0685000000000000e+01	9.1653784416675854e-01
1.0695000000000000e+01	9.1653784416675854e-01
1.0705000000000000e+01	9.1653784416675854e-01
1.0715000000000000e+01	9.1653784416675854e-01
1.0725000000000000e+01	9.1653784416675854e-01
1.0734999999999999e+01	9.1653784416675854e-01
1.0745000000000001e+01	9.1653784416675854e-01
1.0755000000000001e+01	9.1653784416675854e-01
1.0765000000000001e+01	9.1653784416675854e-01
1.0775000000000000e+01	9.1653784416675854e-01
1.0785000000000000e+01	9.1653784416675854e-01
1.0795000000000000e+01	9.1653784416675854e-01
1.0805000000000000e+01	9.1653784416675854e-01
1.0815000000000000e+01	9.1653784416675854e-01
1.0825000000000001e+01	9.1653784416675854e-01
1.0835000000000001e+01	9.1653784416675854e-01
1.0845000000000001e+01	9.1653784416675854e-01
1.0855000000000000e+01	9.1653784416675854e-01
1.0865000000000000e+01	9.1653784416675854e-01
1.0875000000000000e+01	9.1653784416675854e-01
1.0885000000000000e+01	9.1653784416675854e-01
1.0895000000000000e+01	9.1653784416675854e-01
1.0904999999999999e+01	9.1653784416675854e-01
1.0915000000000001e+01	9.1653784416675854e-01
1.0925000000000001e+01	9.1653784416675854e-01
1.0935000000000000e+01	9.1653784416675854e-01
1.0945000000000000e+01	9.1653784416675854e-01
1.0955000000000000e+01	9.1653784416675854e-01
1.0965000000000000e+01	9.1653784416675854e-01
1.0975000000000000e+01	9.1653784416675854e-01
1.0984999999999999e+01	9.1653784416675854e-01
1.0995000000000001e+01	9.1653784416675854e-01
1.1005000000000001e+01	5.1809199869992362e-01
1.1015000000000001e+01	5.1809199869992362e-01
1.1025000000000000e+01	5.1809199869992362e-01
1.1035000000000000e+01	5.1809199869992362e-01
1.1045000000000000e+01	5.1809199869992362e-01
1.1055000000000000e+01	5.1809199869992362e-01
1.1065000000000000e+01	5.1809199869992362e-01
1.1075000000000001e+01	5.1809199869992362e-01
1.1085000000000001e+01	5.1809199869992362e-01
1.1095000000000001e+01	5.1809199869992362e-01
1.1105000000000000e+01	5.1809199869992362e-01
1.1115000000000000e+01	5.1809199869992362e-01
1.1125000000000000e+01	5.1809199869992362e-01
1.1135000000000000e+01	5.1809199869992362e-01
1.1145000000000000e+01	5.1809199869992362e-01
1.1154999999999999e+01	5.1809199869992362e-01
1.1165000000000001e+01	5.1809199869992362e-01
1.1175000000000001e+01	5.1809199869992362e-01
1.1185000000000000e+01	5.1809199869992362e-01
1.1195000000000000e+01	5.1809199869992362e-01
1.1205000000000000e+01	5.1809199869992362e-01
1.1215000000000000e+01	5.1809199869992362e-01
1.1225000000000000e+01	5.1809199869992362e-01
1.1234999999999999e+01	5.1809199869992362e-01
1.1245000000000001e+01	5.1809199869992362e-01
1.1255000000000001e+01	5.1809199869992362e-01
1.1265000000000001e+01	5.1809199869992362e-01
1.1275000000000000e+01	5.1809199869992362e-01
1.1285000000000000e+01	5.1809199869992362e-01
1.1295000000000000e+01	5.1809199869992362e-01
1.1305000000000000e+01	5.1809199869992362e-01
1.1315000000000000e+01	5.1809199869992362e-01
1.1325000000000001e+01	5.1809199869992362e-01
1.1335000000000001e+01	5.1809199869992362e-01
1.1345000000000001e+01	5.1809199869992362e-01
1.1355000000000000e+01	5.1809199869992362e-01
1.1365000000000000e+01	5.1809199869992362e-01
1.1375000000000000e+01	5.1809199869992362e-01
1.1385000000000000e+01	5.1809199869992362e-01
1.1395000000000000e+01	5.1809199869992362e-01
1.1404999999999999e+01	5.1809199869992362e-01
1.1415000000000001e+01	5.1809199869992362e-01
1.1425000000000001e+01	5.1809199869992362e-01
1.1435000000000000e+01	5.1809199869992362e-01
1.1445000000000000e+01	5.1809199869992362e-01
1.1455000000000000e+01	5.1809199869992362e-01
1.1465000000000000e+01	5.1809199869992362e-01
1.1475000000000000e+01	5.1809199869992362e-01
1.1484999999999999e+01	5.1809199869992362e-01
1.1495000000000001e+01	5.1809199869992362e-01
1.1505000000000001e+01	5.1809199869992362e-01
1.1515000000000001e+01	5.1809199869992362e-01
1.1525000000000000e+01	5.1809199869992362e-01
1.1535000000000000e+01	5.1809199869992362e-01
1.1545000000000000e+01	5.1809199869992362e-01
1.1555000000000000e+01	5.1809199869992362e-01
1.1565000000000000e+01	5.1809199869992362e-01
1.1575000000000001e+01	5.1809199869992362e-01
1.1585000000000001e+01	5.1809199869992362e-01
1.1595000000000001e+01	5.1809199869992362e-01
1.1605000000000000e+01	5.1809199869992362e-01
1.1615000000000000e+01	5.1809199869992362e-01
1.1625000000000000e+01	5.1809199869992362e-01
1.1635000000000000e+01	5.1809199869992362e-01
1.1645000000000000e+01	5.1809199869992362e-01
1.1654999999999999e+01	5.1809199869992362e-01
1.1665000000000001e+01	5.1809199869992362e-01
1.1675000000000001e+01	5.1809199869992362e-01
1.1685000000000000e+01	5.1809199869992362e-01
1.1695000000000000e+01	5.1809199869992362e-01
1.1705000000000000e+01	5.1809199869992362e-01
1.1715000000000000e+01	5.1809199869992362e-01
1.1725000000000000e+01	5.1809199869992362e-01
1.1734999999999999e+01	5.1809199869992362e-01
1.1745000000000001e+01	5.1809199869992362e-01
1.1755000000000001e+01	5.1809199869992362e-01
1.1765000000000001e+01	5.1809199869992362e-01
1.1775000000000000e+01	5.1809199869992362e-01
1.1785000000000000e+01	5.1809199869992362e-01
1.1795000000000000e+01	5.1809199869992362e-01
1.1805000000000000e+01	5.1809199869992362e-01
1.1815000000000000e+01	5.1809199869992362e-01
1.1825000000000001e+01	5.1809199869992362e-01
1.1835000000000001e+01	5.1809199869992362e-01
1.1845000000000001e+01	5.1809199869992362e-01
1.1855000000000000e+01	5.1809199869992362e-01
1.1865000000000000e+01	5.1809199869992362e-01
1.1875000000000000e+01	5.1809199869992362e-01
1.1885000000000000e+01	5.1809199869992362e-01
1.1895000000000000e+01	5.1809199869992362e-01
1.1904999999999999e+01	5.1809199869992362e-01
1.1915000000000001e+01	5.1809199869992362e-01
1.1925000000000001e+01	5.1809199869992362e-01
1.1935000000000000e+01	5.1809199869992362e-01
1.1945000000000000e+01	5.1809199869992362e-01
1.1955000000000000e+01	5.1809199869992362e-01
1.1965000000000000e+01	5.1809199869992362e-01
1.1975000000000000e+01	5.1809199869992362e-01
1.1984999999999999e+01	5.1809199869992362e-01
1.1995000000000001e+01	5.1809199869992362e-01
1.2005000000000001e+01	1.0434097138180232e+00
1.2015000000000001e+01	1.0434097138180232e+00
1.2025000000000000e+01	1.0434097138180232e+00
1.2035000000000000e+01	1.0434097138180232e+00
1.2045000000000000e+01	1.0434097138180232e+00
1.2055000000000000e+01	1.0434097138180232e+00
1.2065000000000000e+01	1.0434097138180232e+00
1.2075000000000001e+01	1.0434097138180232e+00
1.2085000000000001e+01	1.0434097138180232e+00
1.2095000000000001e+01	1.0434097138180232e+00
1.2105000000000000e+01	1.0434097138180232e+00
1.2115000000000000e+01	1.0434097138180232e+00
1.2125000000000000e+01	1.0434097138180232e+00
1.2135000000000000e+01	1.0434097138180232e+00
1.2145000000000000e+01	1.0434097138180232e+00
1.2155000000000001e+01	1.0434097138180232e+00
1.2165000000000001e+01	1.0434097138180232e+00
1.2175000000000001e+01	1.0434097138180232e+00
1.2185000000000000e+01	1.0434097138180232e+00
1.2195000000000000e+01	1.0434097138180232e+00
1.2205000000000000e+01	1.0434097138180232e+00
1.2215000000000000e+01	1.0434097138180232e+00
1.2225000000000000e+01	1.0434097138180232e+00
1.2234999999999999e+01	1.0434097138180232e+00
1.2245000000000001e+01	1.0434097138180232e+00
1.2255000000000001e+01	1.0434097138180232e+00
1.2265000000000001e+01	1.0434097138180232e+00
1.2275000000000000e+01	1.0434097138180232e+00
1.2285000000000000e+01	1.0434097138180232e+00
1.2295000000000000e+01	1.0434097138180232e+00
1.2305000000000000e+01	1.0434097138180232e+00
1.2315000000000000e+01	1.0434097138180232e+00
1.2325000000000001e+01	1.0434097138180232e+00
1.2335000000000001e+01	1.0434097138180232e+00
1.2345000000000001e+01	1.0434097138180232e+00
1.2355000000000000e+01	1.0434097138180232e+00
1.2365000000000000e+01	1.0434097138180232e+00
1.2375000000000000e+01	1.0434097138180232e+00
1.2385000000000000e+01	1.0434097138180232e+00
1.2395000000000000e+01	1.0434097138180232e+00
1.2405000000000001e+01	1.0434097138180232e+00
1.2415000000000001e+01	1.0434097138180232e+00
1.2425000000000001e+01	1.0434097138180232e+00
1.2435000000000000e+01	1.0434097138180232e+00
1.2445000000000000e+01	1.0434097138180232e+00
1.2455000000000000e+01	1.0434097138180232e+00
1.2465000000000000e+01	1.0434097138180232e+00
1.2475000000000000e+01	1.0434097138180232e+00
1.2484999999999999e+01	1.0434097138180232e+00
1.2495000000000001e+01	1.0434097138180232e+00
1.2505000000000001e+01	1.0434097138180232e+00
1.2515000000000001e+01	1.0434097138180232e+00
1.2525000000000000e+01	1.0434097138180232e+00
1.2535000000000000e+01	1.0434097138180232e+00
1.2545000000000000e+01	1.0434097138180232e+00
1.2555000000000000e+01	1.0434097138180232e+00
1.2565000000000000e+01	1.0434097138180232e+00
1.2575000000000001e+01	1.0434097138180232e+00
1.2585000000000001e+01	1.0434097138180232e+00
1.2595000000000001e+01	1.0434097138180232e+00
1.2605000000000000e+01	1.0434097138180232e+00
1.2615000000000000e+01	1.0434097138180232e+00
1.2625000000000000e+01	1.0434097138180232e+00
1.2635000000000000e+01	1.0434097138180232e+00
1.2645000000000000e+01	1.0434097138180232e+00
1.2655000000000001e+01	1.0434097138180232e+00
1.2665000000000001e+01	1.0434097138180232e+00
1.2675000000000001e+01	1.0434097138180232e+00
1.2685000000000000e+01	1.0434097138180232e+00
1.2695000000000000e+01	1.0434097138180232e+00
1.2705000000000000e+01	1.0434097138180232e+00
1.2715000000000000e+01	1.0434097138180232e+00
1.2725000000000000e+01	1.0434097138180232e+00
1.2734999999999999e+01	1.0434097138180232e+00
1.2745000000000001e+01	1.0434097138180232e+00
1.2755000000000001e+01	1.0434097138180232e+00
1.2765000000000001e+01	1.0434097138180232e+00
1.2775000000000000e+01	1.0434097138180232e+00
1.2785000000000000e+01	1.0434097138180232e+00
1.2795000000000000e+01	1.0434097138180232e+00
1.2805000000000000e+01	1.0434097138180232e+00
1.2815000000000000e+01	1.0434097138180232e+00
1.2825000000000001e+01	1.0434097138180232e+00
1.2835000000000001e+01	1.0434097138180232e+00
1.2845000000000001e+01	1.0434097138180232e+00
1.2855000000000000e+01	1.0434097138180232e+00
1.2865000000000000e+01	1.0434097138180232e+00
1.2875000000000000e+01	1.0434097138180232e+00
1.2885000000000000e+01	1.0434097138180232e+00
1.2895000000000000e+01	1.0434097138180232e+00
1.2905000000000001e+01	1.0434097138180232e+00
1.2915000000000001e+01	1.0434097138180232e+00
1.2925000000000001e+01	1.0434097138180232e+00
1.2935000000000000e+01	1.0434097138180232e+00
1.2945000000000000e+01	1.0434097138180232e+00
1.2955000000000000e+01	1.0434097138180232e+00
1.2965000000000000e+01	1.0434097138180232e+00
1.2975000000000000e+01	1.0434097138180232e+00
1.2984999999999999e+01	1.0434097138180232e+00
1.2995000000000001e+01	1.0434097138180232e+00
1.3005000000000001e+01	1.0409721149983386e+00
1.3015000000000001e+01	1.0409721149983386e+00
1.3025000000000000e+01	1.0409721149983386e+00
1.3035000000000000e+01	1.0409721149983386e+00
1.3045000000000000e+01	1.0409721149983386e+00
1.3055000000000000e+01	1.0409721149983386e+00
1.3065000000000000e+01	1.0409721149983386e+00
1.3075000000000001e+01	1.0409721149983386e+00
1.3085000000000001e+01	1.0409721149983386e+00
1.3095000000000001e+01	1.0409721149983386e+00
1.3105000000000000e+01	1.0409721149983386e+00
1.3115000000000000e+01	1.0409721149983386e+00
1.3125000000000000e+01	1.0409721149983386e+00
1.3135000000000000e+01	1.0409721149983386e+00
1.3145000000000000e+01	1.0409721149983386e+00
1.3155000000000001e+01	1.0409721149983386e+00
1.3165000000000001e+01	1.0409721149983386e+00
1.3175000000000001e+01	1.0409721149983386e+00
1.3185000000000000e+01	1.0409721149983386e+00
1.3195000000000000e+01	1.0409721149983386e+00
1.3205000000000000e+01	1.0409721149983386e+00
1.3215000000000000e+01	1.0409721149983386e+00
1.3225000000000000e+01	1.0409721149983386e+00
1.3234999999999999e+01	1.0409721149983386e+00
1.3245000000000001e+01	1.0409721149983386e+00
1.3255000000000001e+01	1.0409721149983386e+00
1.3265000000000001e+01	1.0409721149983386e+00
1.3275000000000000e+01	1.0409721149983386e+00
1.3285000000000000e+01	1.0409721149983386e+00
1.3295000000000000e+01	1.0409721149983386e+00
1.3305000000000000e+01	1.0409721149983386e+00
1.3315000000000000e+01	1.0409721149983386e+00
1.3325000000000001e+01	1.0409721149983386e+00
1.3335000000000001e+01	1.0409721149983386e+00
1.3345000000000001e+01	1.0409721149983386e+00
1.3355000000000000e+01	1.0409721149983386e+00
1.3365000000000000e+01	1.0409721149983386e+00
1.3375000000000000e+01	1.0409721149983386e+00
1.3385000000000000e+01	1.0409721149983386e+00
1.3395000000000000e+01	1.0409721149983386e+00
1.3405000000000001e+01	1.0409721149983386e+00
1.3415000000000001e+01	1.0409721149983386e+00
1.3425000000000001e+01	1.0409721149983386e+00
1.3435000000000000e+01	1.0409721149983386e+00
1.3445000000000000e+01	1.0409721149983386e+00
1.3455000000000000e+01	1.0409721149983386e+00
1.3465000000000000e+01	1.0409721149983386e+00
1.3475000000000000e+01	1.0409721149983386e+00
1.3484999999999999e+01	1.0409721149983386e+00
1.3495000000000001e+01	1.0409721149983386e+00
1.3505000000000001e+01	1.0409721149983386e+00
1.3515000000000001e+01	1.0409721149983386e+00
1.3525000000000000e+01	1.0409721149983386e+00
1.3535000000000000e+01	1.0409721149983386e+00
1.3545000000000000e+01	1.0409721149983386e+00
1.3555000000000000e+01	1.0409721149983386e+00
1.3565000000000000e+01	1.0409721149983386e+00
1.3575000000000001e+01	1.0409721149983386e+00
1.3585000000000001e+01	1.0409721149983386e+00
1.3595000000000001e+01	1.0409721149983386e+00
1.3605000000000000e+01	1.0409721149983386e+00
1.3615000000000000e+01	1.0409721149983386e+00
1.3625000000000000e+01	1.0409721149983386e+00
1.3635000000000000e+01	1.0409721149983386e+00
1.3645000000000000e+01	1.0409721149983386e+00
1.3655000000000001e+01	1.0409721149983386e+00
1.3665000000000001e+01	1.0409721149983386e+00
1.3675000000000001e+01	1.0409721149983386e+00
1.3685000000000000e+01	1.0409721149983386e+00
1.3695000000000000e+01	1.0409721149983386e+00
1.3705000000000000e+01	1.0409721149983386e+00
1.3715000000000000e+01	1.0409721149983386e+00
1.3725000000000000e+01	1.0409721149983386e+00
1.3734999999999999e+01	1.0409721149983386e+00
1.3745000000000001e+01	1.0409721149983386e+00
1.3755000000000001e+01	1.0409721149983386e+00
1.3765000000000001e+01	1.0409721149983386e+00
1.3775000000000000e+01	1.0409721149983386e+00
1.3785000000000000e+01	1.0409721149983386e+00
1.3795000000000000e+01	1.0409721149983386e+00
1.3805000000000000e+01	1.0409721149983386e+00
1.3815000000000000e+01	1.0409721149983386e+00
1.3825000000000001e+01	1.0409721149983386e+00
1.3835000000000001e+01	1.0409721149983386e+00
1.3845000000000001e+01	1.0409721149983386e+00
1.3855000000000000e+01	1.0409721149983386e+00
1.3865000000000000e+01	1.0409721149983386e+00
1.3875000000000000e+01	1.0409721149983386e+00
1.3885000000000000e+01	1.0409721149983386e+00
1.3895000000000000e+01	1.0409721149983386e+00
1.3905000000000001e+01	1.0409721149983386e+00
1.3915000000000001e+01	1.0409721149983386e+00
1.3925000000000001e+01	1.0409721149983386e+00
1.3935000000000000e+01	1.0409721149983386e+00
1.3945000000000000e+01	1.0409721149983386e+00
1.3955000000000000e+01	1.0409721149983386e+00
1.3965000000000000e+01	1.0409721149983386e+00
1.3975000000000000e+01	1.0409721149983386e+00
1.3984999999999999e+01	1.0409721149983386e+00
1.3995000000000001e+01	1.0409721149983386e+00
1.4005000000000001e+01	8.2538135517900535e-01
1.4015000000000001e+01	8.2538135517900535e-01
1.4025000000000000e+01	8.2538135517900535e-01
1.4035000000000000e+01	8.2538135517900535e-01
1.4045000000000000e+01	8.2538135517900535e-01
1.4055000000000000e+01	8.2538135517900535e-01
1.4065000000000000e+01	8.2538135517900535e-01
1.4075000000000001e+01	8.2538135517900535e-01
1.4085000000000001e+01	8.2538135517900535e-01
1.4095000000000001e+01	8.2538135517900535e-01
1.4105000000000000e+01	8.2538135517900535e-01
1.4115000000000000e+01	8.2538135517900535e-01
1.4125000000000000e+01	8.2538135517900535e-01
1.4135000000000000e+01	8.2538135517900535e-01
1.4145000000000000e+01	8.2538135517900535e-01
1.4155000000000001e+01	8.2538135517900535e-01
1.4165000000000001e+01	8.2538135517900535e-01
1.4175000000000001e+01	8.2538135517900535e-01
1.4185000000000000e+01	8.2538135517900535e-01
1.4195000000000000e+01	8.2538135517900535e-01
1.4205000000000000e+01	8.2538135517900535e-01
1.4215000000000000e+01	8.2538135517900535e-01
1.4225000000000000e+01	8.2538135517900535e-01
1.4234999999999999e+01	8.2538135517900535e-01
1.4245000000000001e+01	8.2538135517900535e-01
1.4255000000000001e+01	8.2538135517900535e-01
1.4265000000000001e+01	8.2538135517900535e-01
1.4275000000000000e+01	8.2538135517900535e-01
1.4285000000000000e+01	8.2538135517900535e-01
1.4295000000000000e+01	8.2538135517900535e-01
1.4305000000000000e+01	8.2538135517900535e-01
1.4315000000000000e+01	8.2538135517900535e-01
1.4325000000000001e+01	8.2538135517900535e-01
1.4335000000000001e+01	8.2538135517900535e-01
1.4345000000000001e+01	8.2538135517900535e-01
1.4355000000000000e+01	8.2538135517900535e-01
1.4365000000000000e+01	8.2538135517900535e-01
1.4375000000000000e+01	8.2538135517900535e-01
1.4385000000000000e+01	8.2538135517900535e-01
1.4395000000000000e+01	8.2538135517900535e-01
1.4405000000000001e+01	8.2538135517900535e-01
1.4415000000000001e+01	8.2538135517900535e-01
1.4425000000000001e+01	8.2538135517900535e-01
1.4435000000000000e+01	8.2538135517900535e-01
1.4445000000000000e+01	8.2538135517900535e-01
1.4455000000000000e+01	8.2538135517900535e-01
1.4465000000000000e+01	8.2538135517900535e-01
1.4475000000000000e+01	8.2538135517900535e-01
1.4484999999999999e+01	8.2538135517900535e-01
1.4495000000000001e+01	8.2538135517900535e-01
1.4505000000000001e+01	8.2538135517900535e-01
1.4515000000000001e+01	8.2538135517900535e-01
1.4525000000000000e+01	8.2538135517900535e-01
1.4535000000000000e+01	8.2538135517900535e-01
1.4545000000000000e+01	8.2538135517900535e-01
1.4555000000000000e+01	8.2538135517900535e-01
1.4565000000000000e+01	8.2538135517900535e-01
1.4575000000000001e+01	8.2538135517900535e-01
1.4585000000000001e+01	8.2538135517900535e-01
1.4595000000000001e+01	8.2538135517900535e-01
1.4605000000000000e+01	8.2538135517900535e-01
1.4615000000000000e+01	8.2538135517900535e-01
1.4625000000000000e+01	8.2538135517900535e-01
1.4635000000000000e+01	8.2538135517900535e-01
1.4645000000000000e+01	8.2538135517900535e-01
1.4655000000000001e+01	8.2538135517900535e-01
1.4665000000000001e+01	8.2538135517900535e-01
1.4675000000000001e+01	8.2538135517900535e-01
1.4685000000000000e+01	8.2538135517900535e-01
1.4695000000000000e+01	8.2538135517900535e-01
1.4705000000000000e+01	8.2538135517900535e-01
1.4715000000000000e+01	8.2538135517900535e-01
1.4725000000000000e+01	8.2538135517900535e-01
1.4734999999999999e+01	8.2538135517900535e-01
1.4745000000000001e+01	8.2538135517900535e-01
1.4755000000000001e+01	8.2538135517900535e-01
1.4765000000000001e+01	8.2538135517900535e-01
1.4775000000000000e+01	8.2538135517900535e-01
1.4785000000000000e+01	8.2538135517900535e-01
1.4795000000000000e+01	8.2538135517900535e-01
1.4805000000000000e+01	8.2538135517900535e-01
1.4815000000000000e+01	8.2538135517900535e-01
1.4825000000000001e+01	8.2538135517900535e-01
1.4835000000000001e+01	8.2538135517900535e-01
1.4845000000000001e+01	8.2538135517900535e-01
1.4855000000000000e+01	8.2538135517900535e-01
1.4865000000000000e+01	8.2538135517900535e-01
1.4875000000000000e+01	8.2538135517900535e-01
1.4885000000000000e+01	8.2538135517900535e-01
1.4895000000000000e+01	8.2538135517900535e-01
1.4905000000000001e+01	8.2538135517900535e-01
1.4915000000000001e+01	8.2538135517900535e-01
1.4925000000000001e+01	8.2538135517900535e-01
1.4935000000000000e+01	8.2538135517900535e-01
1.4945000000000000e+01	8.2538135517900535e-01
1.4955000000000000e+01	8.2538135517900535e-01
1.4965000000000000e+01	8.2538135517900535e-01
1.4975000000000000e+01	8.2538135517900535e-01
1.4984999999999999e+01	8.2538135517900535e-01
1.4995000000000001e+01	8.2538135517900535e-01
1.5005000000000001e+01	6.3037224668129133e-01
1.5015000000000001e+01	6.3037224668129133e-01
1.5025000000000000e+01	6.3037224668129133e-01
1.5035000000000000e+01	6.3037224668129133e-01
1.5045000000000000e+01	6.3037224668129133e-01
1.5055000000000000e+01	6.3037224668129133e-01
1.5065000000000000e+01	6.3037224668129133e-01
1.5075000000000001e+01	6.3037224668129133e-01
1.5085000000000001e+01	6.3037224668129133e-01
1.5095000000000001e+01	6.3037224668129133e-01
1.5105000000000000e+01	6.3037224668129133e-01
1.5115000000000000e+01	6.3037224668129133e-01
1.5125000000000000e+01	6.3037224668129133e-01
1.5135000000000000e+01	6.3037224668129133e-01
1.5145000000000000e+01	6.3037224668129133e-01
1.5155000000000001e+01	6.3037224668129133e-01
1.5165000000000001e+01	6.3037224668129133e-01
1.5175000000000001e+01	6.3037224668129133e-01
1.5185000000000000e+01	6.3037224668129133e-01
1.5195000000000000e+01	6.3037224668129133e-01
1.5205000000000000e+01	6.3037224668129133e-01
1.5215000000000000e+01	6.3037224668129133e-01
1.5225000000000000e+01	6.3037224668129133e-01
1.5234999999999999e+01	6.3037224668129133e-01
1.5245000000000001e+01	6.3037224668129133e-01
1.5255000000000001e+01	6.3037224668129133e-01
1.5265000000000001e+01	6.3037224668129133e-01
1.5275000000000000e+01	6.3037224668129133e-01
1.5285000000000000e+01	6.3037224668129133e-01
1.5295000000000000e+01	6.3037224668129133e-01
1.5305000000000000e+01	6.3037224668129133e-01
1.5315000000000000e+01	6.3037224668129133e-01
1.5325000000000001e+01	6.3037224668129133e-01
1.5335000000000001e+01	6.3037224668129133e-01
1.5345000000000001e+01	6.3037224668129133e-01
1.5355000000000000e+01	6.3037224668129133e-01
1.5365000000000000e+01	6.3037224668129133e-01
1.5375000000000000e+01	6.3037224668129133e-01
1.5385000000000000e+01	6.3037224668129133e-01
1.5395000000000000e+01	6.3037224668129133e-01
1.5405000000000001e+01	6.3037224668129133e-01
1.5415000000000001e+01	6.3037224668129133e-01
1.5425000000000001e+01	6.3037224668129133e-01
1.5435000000000000e+01	6.3037224668129133e-01
1.5445000000000000e+01	6.3037224668129133e-01
1.5455000000000000e+01	6.3037224668129133e-01
1.5465000000000000e+01	6.3037224668129133e-01
1.5475000000000000e+01	6.3037224668129133e-01
1.5485000000000001e+01	6.3037224668129133e-01
1.5495000000000001e+01	6.3037224668129133e-01
1.5505000000000001e+01	6.3037224668129133e-01
1.5515000000000001e+01	6.3037224668129133e-01
1.5525000000000000e+01	6.3037224668129133e-01
1.5535000000000000e+01	6.3037224668129133e-01
1.5545000000000000e+01	6.3037224668129133e-01
1.5555000000000000e+01	6.3037224668129133e-01
1.5565000000000000e+01	6.3037224668129133e-01
1.5575000000000001e+01	6.3037224668129133e-01
1.5585000000000001e+01	6.3037224668129133e-01
1.5595000000000001e+01	6.3037224668129133e-01
1.5605000000000000e+01	6.3037224668129133e-01
1.5615000000000000e+01	6.3037224668129133e-01
1.5625000000000000e+01	6.3037224668129133e-01
1.5635000000000000e+01	6.3037224668129133e-01
1.5645000000000000e+01	6.3037224668129133e-01
1.5655000000000001e+01	6.3037224668129133e-01
1.5665000000000001e+01	6.3037224668129133e-01
1.5675000000000001e+01	6.3037224668129133e-01
1.5685000000000000e+01	6.3037224668129133e-01
1.5695000000000000e+01	6.3037224668129133e-01
1.5705000000000000e+01	6.3037224668129133e-01
1.5715000000000000e+01	6.3037224668129133e-01
1.5725000000000000e+01	6.3037224668129133e-01
1.5735000000000001e+01	6.3037224668129133e-01
1.5745000000000001e+01	6.3037224668129133e-01
1.5755000000000001e+01	6.3037224668129133e-01
1.5765000000000001e+01	6.3037224668129133e-01
1.5775000000000000e+01	6.3037224668129133e-01
1.5785000000000000e+01	6.3037224668129133e-01
1.5795000000000000e+01	6.3037224668129133e-01
1.5805000000000000e+01	6.3037224668129133e-01
1.5815000000000000e+01	6.3037224668129133e-01
1.5825000000000001e+01	6.3037224668129133e-01
1.5835000000000001e+01	6.3037224668129133e-01
1.5845000000000001e+01	6.3037224668129133e-01
1.5855000000000000e+01	6.3037224668129133e-01
1.5865000000000000e+01	6.3037224668129133e-01
1.5875000000000000e+01	6.3037224668129133e-01
1.5885000000000000e+01	6.3037224668129133e-01
1.5895000000000000e+01	6.3037224668129133e-01
1.5905000000000001e+01	6.3037224668129133e-01
1.5915000000000001e+01	6.3037224668129133e-01
1.5925000000000001e+01	6.3037224668129133e-01
1.5935000000000000e+01	6.3037224668129133e-01
1.5945000000000000e+01	6.3037224668129133e-01
1.5955000000000000e+01	6.3037224668129133e-01
1.5965000000000000e+01	6.3037224668129133e-01
1.5975000000000000e+01	6.3037224668129133e-01
1.5985000000000001e+01	6.3037224668129133e-01
1.5995000000000001e+01	6.3037224668129133e-01
1.6004999999999999e+01	1.4171458210973094e+00
1.6015000000000001e+01	1.4171458210973094e+00
1.6024999999999999e+01	1.4171458210973094e+00
1.6035000000000000e+01	1.4171458210973094e+00
1.6045000000000002e+01	1.4171458210973094e+00
1.6055000000000000e+01	1.4171458210973094e+00
1.6065000000000001e+01	1.4171458210973094e+00
1.6074999999999999e+01	1.4171458210973094e+00
1.6085000000000001e+01	1.4171458210973094e+00
1.6094999999999999e+01	1.4171458210973094e+00
1.6105000000000000e+01	1.4171458210973094e+00
1.6115000000000002e+01	1.4171458210973094e+00
1.6125000000000000e+01	1.4171458210973094e+00
1.6135000000000002e+01	1.4171458210973094e+00
1.6145000000000000e+01	1.4171458210973094e+00
1.6155000000000001e+01	1.4171458210973094e+00
1.6164999999999999e+01	1.4171458210973094e+00
1.6175000000000001e+01	1.4171458210973094e+00
1.6184999999999999e+01	1.4171458210973094e+00
1.6195000000000000e+01	1.4171458210973094e+00
1.6205000000000002e+01	1.4171458210973094e+00
1.6215000000000000e+01	1.4171458210973094e+00
1.6225000000000001e+01	1.4171458210973094e+00
1.6234999999999999e+01	1.4171458210973094e+00
1.6245000000000001e+01	1.4171458210973094e+00
1.6254999999999999e+01	1.4171458210973094e+00
1.6265000000000001e+01	1.4171458210973094e+00
1.6274999999999999e+01	1.4171458210973094e+00
1.6285000000000000e+01	1.4171458210973094e+00
1.6295000000000002e+01	1.4171458210973094e+00
1.6305000000000000e+01	1.4171458210973094e+00
1.6315000000000001e+01	1.4171458210973094e+00
1.6324999999999999e+01	1.4171458210973094e+00
1.6335000000000001e+01	1.4171458210973094e+00
1.6344999999999999e+01	1.4171458210973094e+00
1.6355000000000000e+01	1.4171458210973094e+00
1.6365000000000002e+01	1.4171458210973094e+00
1.6375000000000000e+01	1.4171458210973094e+00
1.6385000000000002e+01	1.4171458210973094e+00
1.6395000000000000e+01	1.4171458210973094e+00
1.6405000000000001e+01	1.4171458210973094e+00
1.6414999999999999e+01	1.4171458210973094e+00
1.6425000000000001e+01	1.4171458210973094e+00
1.6434999999999999e+01	1.4171458210973094e+00
1.6445000000000000e+01	1.4171458210973094e+00
1.6455000000000002e+01	1.4171458210973094e+00
1.6465000000000000e+01	1.4171458210973094e+00
1.6475000000000001e+01	1.4171458210973094e+00
1.6484999999999999e+01	1.4171458210973094e+00
1.6495000000000001e+01	1.4171458210973094e+00
1.6504999999999999e+01	1.4171458210973094e+00
1.6515000000000001e+01	1.4171458210973094e+00
1.6524999999999999e+01	1.4171458210973094e+00
1.6535000000000000e+01	1.4171458210973094e+00
1.6545000000000002e+01	1.4171458210973094e+00
1.6555000000000000e+01	1.4171458210973094e+00
1.6565000000000001e+01	1.4171458210973094e+00
1.6574999999999999e+01	1.4171458210973094e+00
1.6585000000000001e+01	1.4171458210973094e+00
1.6594999999999999e+01	1.4171458210973094e+00
1.6605000000000000e+01	1.4171458210973094e+00
1.6615000000000002e+01	1.4171458210973094e+00
1.6625000000000000e+01	1.4171458210973094e+00
1.6635000000000002e+01	1.4171458210973094e+00
1.6645000000000000e+01	1.4171458210973094e+00
1.6655000000000001e+01	1.4171458210973094e+00
1.6664999999999999e+01	1.4171458210973094e+00
1.6675000000000001e+01	1.4171458210973094e+00
1.6684999999999999e+01	1.4171458210973094e+00
1.6695000000000000e+01	1.4171458210973094e+00
1.6705000000000002e+01	1.4171458210973094e+00
1.6715000000000000e+01	1.4171458210973094e+00
1.6725000000000001e+01	1.4171458210973094e+00
1.6734999999999999e+01	1.4171458210973094e+00
1.6745000000000001e+01	1.4171458210973094e+00
1.6754999999999999e+01	1.4171458210973094e+00
1.6765000000000001e+01	1.4171458210973094e+00
1.6774999999999999e+01	1.4171458210973094e+00
1.6785000000000000e+01	1.4171458210973094e+00
1.6795000000000002e+01	1.4171458210973094e+00
1.6805000000000000e+01	1.4171458210973094e+00
1.6815000000000001e+01	1.4171458210973094e+00
1.6824999999999999e+01	1.4171458210973094e+00
1.6835000000000001e+01	1.4171458210973094e+00
1.6844999999999999e+01	1.4171458210973094e+00
1.6855000000000000e+01	1.4171458210973094e+00
1.6865000000000002e+01	1.4171458210973094e+00
1.6875000000000000e+01	1.4171458210973094e+00
1.6885000000000002e+01	1.4171458210973094e+00
1.6895000000000000e+01	1.4171458210973094e+00
1.6905000000000001e+01	1.4171458210973094e+00
1.6914999999999999e+01	1.4171458210973094e+00
1.6925000000000001e+01	1.4171458210973094e+00
1.6934999999999999e+01	1.4171458210973094e+00
1.6945000000000000e+01	1.4171458210973094e+00
1.6955000000000002e+01	1.4171458210973094e+00
1.6965000000000000e+01	1.4171458210973094e+00
1.6975000000000001e+01	1.4171458210973094e+00
1.6984999999999999e+01	1.4171458210973094e+00
1.6995000000000001e+01	1.4171458210973094e+00
1.7004999999999999e+01	2.8155854303775731e-02
1.7015000000000001e+01	2.8155854303775731e-02
1.7024999999999999e+01	2.8155854303775731e-02
1.7035000000000000e+01	2.8155854303775731e-02
1.7045000000000002e+01	2.8155854303775731e-02
1.7055000000000000e+01	2.8155854303775731e-02
1.7065000000000001e+01	2.8155854303775731e-02
1.7074999999999999e+01	2.8155854303775731e-02
1.7085000000000001e+01	2.8155854303775731e-02
1.7094999999999999e+01	2.8155854303775731e-02
1.7105000000000000e+01	2.8155854303775731e-02
1.7115000000000002e+01	2.8155854303775731e-02
1.7125000000000000e+01	2.8155854303775731e-02
1.7135000000000002e+01	2.8155854303775731e-02
1.7145000000000000e+01	2.8155854303775731e-02
1.7155000000000001e+01	2.8155854303775731e-02
1.7164999999999999e+01	2.8155854303775731e-02
1.7175000000000001e+01	2.8155854303775731e-02
1.7184999999999999e+01	2.8155854303775731e-02
1.7195000000000000e+01	2.8155854303775731e-02
1.7205000000000002e+01	2.8155854303775731e-02
1.7215000000000000e+01	2.8155854303775731e-02
1.7225000000000001e+01	2.8155854303775731e-02
1.7234999999999999e+01	2.8155854303775731e-02
1.7245000000000001e+01	2.8155854303775731e-02
1.7254999999999999e+01	2.8155854303775731e-02
1.7265000000000001e+01	2.8155854303775731e-02
1.7275000000000002e+01	2.8155854303775731e-02
1.7285000000000000e+01	2.8155854303775731e-02
1.7295000000000002e+01	2.8155854303775731e-02
1.7305000000000000e+01	2.8155854303775731e-02
1.7315000000000001e+01	2.8155854303775731e-02
1.7324999999999999e+01	2.8155854303775731e-02
1.7335000000000001e+01	2.8155854303775731e-02
1.7344999999999999e+01	2.8155854303775731e-02
1.7355000000000000e+01	2.8155854303775731e-02
1.7365000000000002e+01	2.8155854303775731e-02
1.7375000000000000e+01	2.8155854303775731e-02
1.7385000000000002e+01	2.8155854303775731e-02
1.7395000000000000e+01	2.8155854303775731e-02
1.7405000000000001e+01	2.8155854303775731e-02
1.7414999999999999e+01	2.8155854303775731e-02
1.7425000000000001e+01	2.8155854303775731e-02
1.7434999999999999e+01	2.8155854303775731e-02
1.7445000000000000e+01	2.8155854303775731e-02
1.7455000000000002e+01	2.8155854303775731e-02
1.7465000000000000e+01	2.8155854303775731e-02
1.7475000000000001e+01	2.8155854303775731e-02
1.7484999999999999e+01	2.8155854303775731e-02
1.7495000000000001e+01	2.8155854303775731e-02
1.7504999999999999e+01	2.8155854303775731e-02
1.7515000000000001e+01	2.8155854303775731e-02
1.7525000000000002e+01	2.8155854303775731e-02
1.7535000000000000e+01	2.8155854303775731e-02
1.7545000000000002e+01	2.8155854303775731e-02
1.7555000000000000e+01	2.8155854303775731e-02
1.7565000000000001e+01	2.8155854303775731e-02
1.7574999999999999e+01	2.8155854303775731e-02
1.7585000000000001e+01	2.8155854303775731e-02
1.7594999999999999e+01	2.8155854303775731e-02
1.7605000000000000e+01	2.8155854303775731e-02
1.7615000000000002e+01	2.8155854303775731e-02
1.7625000000000000e+01	2.8155854303775731e-02
1.7635000000000002e+01	2.8155854303775731e-02
1.7645000000000000e+01	2.8155854303775731e-02
1.7655000000000001e+01	2.8155854303775731e-02
1.7664999999999999e+01	2.8155854303775731e-02
1.7675000000000001e+01	2.8155854303775731e-02
1.7684999999999999e+01	2.8155854303775731e-02
1.7695000000000000e+01	2.8155854303775731e-02
1.7705000000000002e+01	2.8155854303775731e-02
1.7715000000000000e+01	2.8155854303775731e-02
1.7725000000000001e+01	2.8155854303775731e-02
1.7734999999999999e+01	2.8155854303775731e-02
1.7745000000000001e+01	2.8155854303775731e-02
1.7754999999999999e+01	2.8155854303775731e-02
1.7765000000000001e+01	2.8155854303775731e-02
1.7775000000000002e+01	2.8155854303775731e-02
1.7785000000000000e+01	2.8155854303775731e-02
1.7795000000000002e+01	2.8155854303775731e-02
1.7805000000000000e+01	2.8155854303775731e-02
1.7815000000000001e+01	2.8155854303775731e-02
1.7824999999999999e+01	2.8155854303775731e-02
1.7835000000000001e+01	2.8155854303775731e-02
1.7844999999999999e+01	2.8155854303775731e-02
1.7855000000000000e+01	2.8155854303775731e-02
1.7865000000000002e+01	2.8155854303775731e-02
1.7875000000000000e+01	2.8155854303775731e-02
1.7885000000000002e+01	2.8155854303775731e-02
1.7895000000000000e+01	2.8155854303775731e-02
1.7905000000000001e+01	2.8155854303775731e-02
1.7914999999999999e+01	2.8155854303775731e-02
1.7925000000000001e+01	2.8155854303775731e-02
1.7934999999999999e+01	2.8155854303775731e-02
1.7945000000000000e+01	2.8155854303775731e-02
1.7955000000000002e+01	2.8155854303775731e-02
1.7965000000000000e+01	2.8155854303775731e-02
1.7975000000000001e+01	2.8155854303775731e-02
1.7984999999999999e+01	2.8155854303775731e-02
1.7995000000000001e+01	2.8155854303775731e-02
1.8004999999999999e+01	1.0670239633571832e+00
1.8015000000000001e+01	1.0670239633571832e+00
1.8025000000000002e+01	1.0670239633571832e+00
1.8035000000000000e+01	1.0670239633571832e+00
1.8045000000000002e+01	1.0670239633571832e+00
1.8055000000000000e+01	1.0670239633571832e+00
1.8065000000000001e+01	1.0670239633571832e+00
1.8074999999999999e+01	1.0670239633571832e+00
1.8085000000000001e+01	1.0670239633571832e+00
1.8094999999999999e+01	1.0670239633571832e+00
1.8105000000000000e+01	1.0670239633571832e+00
1.8115000000000002e+01	1.0670239633571832e+00
1.8125000000000000e+01	1.0670239633571832e+00
1.8135000000000002e+01	1.0670239633571832e+00
1.8145000000000000e+01	1.0670239633571832e+00
1.8155000000000001e+01	1.0670239633571832e+00
1.8164999999999999e+01	1.0670239633571832e+00
1.8175000000000001e+01	1.0670239633571832e+00
1.8184999999999999e+01	1.0670239633571832e+00
1.8195000000000000e+01	1.0670239633571832e+00
1.8205000000000002e+01	1.0670239633571832e+00
1.8215000000000000e+01	1.0670239633571832e+00
1.8225000000000001e+01	1.0670239633571832e+00
1.8234999999999999e+01	1.0670239633571832e+00
1.8245000000000001e+01	1.0670239633571832e+00
1.8254999999999999e+01	1.0670239633571832e+00
1.8265000000000001e+01	1.0670239633571832e+00
1.8275000000000002e+01	1.0670239633571832e+00
1.8285000000000000e+01	1.0670239633571832e+00
1.8295000000000002e+01	1.0670239633571832e+00
1.8305000000000000e+01	1.0670239633571832e+00
1.8315000000000001e+01	1.0670239633571832e+00
1.8324999999999999e+01	1.0670239633571832e+00
1.8335000000000001e+01	1.0670239633571832e+00
1.8344999999999999e+01	1.0670239633571832e+00
1.8355000000000000e+01	1.0670239633571832e+00
1.8365000000000002e+01	1.0670239633571832e+00
1.8375000000000000e+01	1.0670239633571832e+00
1.8385000000000002e+01	1.0670239633571832e+00
1.8395000000000000e+01	1.0670239633571832e+00
1.8405000000000001e+01	1.0670239633571832e+00
1.8414999999999999e+01	1.0670239633571832e+00
1.8425000000000001e+01	1.0670239633571832e+00
1.8434999999999999e+01	1.0670239633571832e+00
1.8445000000000000e+01	1.0670239633571832e+00
1.8455000000000002e+01	1.0670239633571832e+00
1.8465000000000000e+01	1.0670239633571832e+00
1.8475000000000001e+01	1.0670239633571832e+00
1.8484999999999999e+01	1.0670239633571832e+00
1.8495000000000001e+01	1.0670239633571832e+00
1.8504999999999999e+01	1.0670239633571832e+00
1.8515000000000001e+01	1.0670239633571832e+00
1.8525000000000002e+01	1.0670239633571832e+00
1.8535000000000000e+01	1.0670239633571832e+00
1.8545000000000002e+01	1.0670239633571832e+00
1.8555000000000000e+01	1.0670239633571832e+00
1.8565000000000001e+01	1.0670239633571832e+00
1.8574999999999999e+01	1.0670239633571832e+00
1.8585000000000001e+01	1.0670239633571832e+00
1.8594999999999999e+01	1.0670239633571832e+00
1.8605000000000000e+01	1.0670239633571832e+00
1.8615000000000002e+01	1.0670239633571832e+00
1.8625000000000000e+01	1.0670239633571832e+00
1.8635000000000002e+01	1.0670239633571832e+00
1.8645000000000000e+01	1.0670239633571832e+00
1.8655000000000001e+01	1.0670239633571832e+00
1.8664999999999999e+01	1.0670239633571832e+00
1.8675000000000001e+01	1.0670239633571832e+00
1.8684999999999999e+01	1.0670239633571832e+00
1.8695000000000000e+01	1.0670239633571832e+00
1.8705000000000002e+01	1.0670239633571832e+00
1.8715000000000000e+01	1.0670239633571832e+00
1.8725000000000001e+01	1.0670239633571832e+00
1.8734999999999999e+01	1.0670239633571832e+00
1.8745000000000001e+01	1.0670239633571832e+00
1.8754999999999999e+01	1.0670239633571832e+00
1.8765000000000001e+01	1.0670239633571832e+00
1.8775000000000002e+01	1.0670239633571832e+00
1.8785000000000000e+01	1.0670239633571832e+00
1.8795000000000002e+01	1.0670239633571832e+00
1.8805000000000000e+01	1.0670239633571832e+00
1.8815000000000001e+01	1.0670239633571832e+00
1.8824999999999999e+01	1.0670239633571832e+00
1.8835000000000001e+01	1.0670239633571832e+00
1.8844999999999999e+01	1.0670239633571832e+00
1.8855000000000000e+01	1.0670239633571832e+00
1.8865000000000002e+01	1.0670239633571832e+00
1.8875000000000000e+01	1.0670239633571832e+00
1.8885000000000002e+01	1.0670239633571832e+00
1.8895000000000000e+01	1.0670239633571832e+00
1.8905000000000001e+01	1.0670239633571832e+00
1.8914999999999999e+01	1.0670239633571832e+00
1.8925000000000001e+01	1.0670239633571832e+00
1.8934999999999999e+01	1.0670239633571832e+00
1.8945000000000000e+01	1.0670239633571832e+00
1.8955000000000002e+01	1.0670239633571832e+00
1.8965000000000000e+01	1.0670239633571832e+00
1.8975000000000001e+01	1.0670239633571832e+00
1.8984999999999999e+01	1.0670239633571832e+00
1.8995000000000001e+01	1.0670239633571832e+00
1.9004999999999999e+01	1.0977879138029438e+00
1.9015000000000001e+01	1.0977879138029438e+00
1.9025000000000002e+01	1.0977879138029438e+00
1.9035000000000000e+01	1.0977879138029438e+00
1.9045000000000002e+01	1.0977879138029438e+00
1.9055000000000000e+01	1.0977879138029438e+00
1.9065000000000001e+01	1.0977879138029438e+00
1.9074999999999999e+01	1.0977879138029438e+00
1.9085000000000001e+01	1.0977879138029438e+00
1.9094999999999999e+01	1.0977879138029438e+00
1.9105000000000000e+01	1.0977879138029438e+00
1.9115000000000002e+01	1.0977879138029438e+00
1.9125000000000000e+01	1.0977879138029438e+00
1.9135000000000002e+01	1.0977879138029438e+00
1.9145000000000000e+01	1.0977879138029438e+00
1.9155000000000001e+01	1.0977879138029438e+00
1.9164999999999999e+01	1.0977879138029438e+00
1.9175000000000001e+01	1.0977879138029438e+00
1.9184999999999999e+01	1.0977879138029438e+00
1.9195000000000000e+01	1.0977879138029438e+00
1.9205000000000002e+01	1.0977879138029438e+00
1.9215000000000000e+01	1.0977879138029438e+00
1.9225000000000001e+01	1.0977879138029438e+00
1.9234999999999999e+01	1.0977879138029438e+00
1.9245000000000001e+01	1.0977879138029438e+00
1.9254999999999999e+01	1.0977879138029438e+00
1.9265000000000001e+01	1.0977879138029438e+00
1.9275000000000002e+01	1.0977879138029438e+00
1.9285000000000000e+01	1.0977879138029438e+00
1.9295000000000002e+01	1.0977879138029438e+00
1.9305000000000000e+01	1.0977879138029438e+00
1.9315000000000001e+01	1.0977879138029438e+00
1.9324999999999999e+01	1.0977879138029438e+00
1.9335000000000001e+01	1.0977879138029438e+00
1.9344999999999999e+01	1.0977879138029438e+00
1.9355000000000000e+01	1.0977879138029438e+00
1.9365000000000002e+01	1.0977879138029438e+00
1.9375000000000000e+01	1.0977879138029438e+00
1.9385000000000002e+01	1.0977879138029438e+00
1.9395000000000000e+01	1.0977879138029438e+00
1.9405000000000001e+01	1.0977879138029438e+00
1.9414999999999999e+01	1.0977879138029438e+00
1.9425000000000001e+01	1.0977879138029438e+00
1.9434999999999999e+01	1.0977879138029438e+00
1.9445000000000000e+01	1.0977879138029438e+00
1.9455000000000002e+01	1.0977879138029438e+00
1.9465000000000000e+01	1.0977879138029438e+00
1.9475000000000001e+01	1.0977879138029438e+00
1.9484999999999999e+01	1.0977879138029438e+00
1.9495000000000001e+01	1.0977879138029438e+00
1.9504999999999999e+01	1.0977879138029438e+00
1.9515000000000001e+01	1.0977879138029438e+00
1.9525000000000002e+01	1.0977879138029438e+00
1.9535000000000000e+01	1.0977879138029438e+00
1.9545000000000002e+01	1.0977879138029438e+00
1.9555000000000000e+01	1.0977879138029438e+00
1.9565000000000001e+01	1.0977879138029438e+00
1.9574999999999999e+01	1.0977879138029438e+00
1.9585000000000001e+01	1.0977879138029438e+00
1.9594999999999999e+01	1.0977879138029438e+00
1.9605000000000000e+01	1.0977879138029438e+00
1.9615000000000002e+01	1.0977879138029438e+00
1.9625000000000000e+01	1.0977879138029438e+00
1.9635000000000002e+01	1.0977879138029438e+00
1.9645000000000000e+01	1.0977879138029438e+00
1.9655000000000001e+01	1.0977879138029438e+00
1.9664999999999999e+01	1.0977879138029438e+00
1.9675000000000001e+01	1.0977879138029438e+00
1.9684999999999999e+01	1.0977879138029438e+00
1.9695000000000000e+01	1.0977879138029438e+00
1.9705000000000002e+01	1.0977879138029438e+00
1.9715000000000000e+01	1.0977879138029438e+00
1.9725000000000001e+01	1.0977879138029438e+00
1.9734999999999999e+01	1.0977879138029438e+00
1.9745000000000001e+01	1.0977879138029438e+00
1.9754999999999999e+01	1.0977879138029438e+00
1.9765000000000001e+01	1.0977879138029438e+00
1.9775000000000002e+01	1.0977879138029438e+00
1.9785000000000000e+01	1.0977879138029438e+00
1.9795000000000002e+01	1.0977879138029438e+00
1.9805000000000000e+01	1.0977879138029438e+00
1.9815000000000001e+01	1.0977879138029438e+00
1.9824999999999999e+01	1.0977879138029438e+00
1.9835000000000001e+01	1.0977879138029438e+00
1.9844999999999999e+01	1.0977879138029438e+00
1.9855000000000000e+01	1.0977879138029438e+00
1.9865000000000002e+01	1.0977879138029438e+00
1.9875000000000000e+01	1.0977879138029438e+00
1.9885000000000002e+01	1.0977879138029438e+00
1.9895000000000000e+01	1.0977879138029438e+00
1.9905000000000001e+01	1.0977879138029438e+00
1.9914999999999999e+01	1.0977879138029438e+00
1.9925000000000001e+01	1.0977879138029438e+00
1.9934999999999999e+01	1.0977879138029438e+00
1.9945000000000000e+01	1.0977879138029438e+00
1.9955000000000002e+01	1.0977879138029438e+00
1.9965000000000000e+01	1.0977879138029438e+00
1.9975000000000001e+01	1.0977879138029438e+00
1.9984999999999999e+01	1.0977879138029438e+00
1.9995000000000001e+01	1.0977879138029438e+00
