1.5625000000000001e-03	2.5351622571979709e-01
4.6875000000000007e-03	2.5490477326197880e-01
7.8125000000000000e-03	2.5629616784457182e-01
1.0937500000000001e-02	2.5769039241886049e-01
1.4062500000000000e-02	2.5908743002602447e-01
1.7187500000000001e-02	2.6048726379991993e-01
2.0312500000000001e-02	2.6188987696982374e-01
2.3437500000000000e-02	2.6329525286314076e-01
2.6562500000000003e-02	2.6470337490807239e-01
2.9687500000000002e-02	2.6611422663624645e-01
3.2812500000000001e-02	2.6752779168530627e-01
3.5937500000000004e-02	2.6894405380145908e-01
3.9062500000000000e-02	2.7036299684198306e-01
4.2187500000000003e-02	2.7178460477769129e-01
4.5312500000000006e-02	2.7320886169535230e-01
4.8437500000000001e-02	2.7463575180006622e-01
5.1562500000000004e-02	2.7606525941759585e-01
5.4687500000000000e-02	2.7749736899665223e-01
5.7812500000000003e-02	2.7893206511113289e-01
6.0937500000000006e-02	2.8036933246231277e-01
6.4062500000000008e-02	2.8180915588098748e-01
6.7187499999999997e-02	2.8325152032956619e-01
7.0312500000000000e-02	2.8469641090411646e-01
7.3437500000000003e-02	2.8614381283635720e-01
7.6562500000000006e-02	2.8759371149560092e-01
7.9687500000000008e-02	2.8904609239064433e-01
8.2812500000000011e-02	2.9050094117160580e-01
8.5937500000000000e-02	2.9195824363170997e-01
8.9062500000000003e-02	2.9341798570901778e-01
9.2187500000000006e-02	2.9488015348810304e-01
9.5312500000000008e-02	2.9634473320167243e-01
9.8437500000000011e-02	2.9781171123213013e-01
1.0156250000000000e-01	2.9928107411308646e-01
1.0468750000000000e-01	3.0075280853080905e-01
1.0781250000000001e-01	3.0222690132561586e-01
1.1093750000000001e-01	3.0370333949321104e-01
1.1406250000000001e-01	3.0518211018596114e-01
1.1718750000000000e-01	3.0666320071411224e-01
1.2031250000000000e-01	3.0814659854694781e-01
1.2343750000000001e-01	3.0963229131388570e-01
1.2656249999999999e-01	3.1112026680551430e-01
1.2968750000000001e-01	3.1261051297456760e-01
1.3281250000000000e-01	3.1410301793684003e-01
1.3593750000000002e-01	3.1559776997203537e-01
1.3906250000000001e-01	3.1709475752455790e-01
1.4218749999999999e-01	3.1859396920423638e-01
1.4531250000000001e-01	3.2009539378698826e-01
1.4843750000000000e-01	3.2159902021541759e-01
1.5156250000000002e-01	3.2310483759935082e-01
1.5468750000000001e-01	3.2461283521630646e-01
1.5781250000000002e-01	3.2612300251190224e-01
1.6093750000000001e-01	3.2763532910019533e-01
1.6406250000000000e-01	3.2914980476395916e-01
1.6718750000000002e-01	3.3066641945489311e-01
1.7031250000000001e-01	3.3218516329376857e-01
1.7343750000000002e-01	3.3370602657050713e-01
1.7656250000000001e-01	3.3522899974419457e-01
1.7968750000000000e-01	3.3675407344302677e-01
1.8281250000000002e-01	3.3828123846419128e-01
1.8593750000000001e-01	3.3981048577368106e-01
1.8906250000000002e-01	3.4134180650604190e-01
1.9218750000000001e-01	3.4287519196405375e-01
1.9531250000000000e-01	3.4441063361834440e-01
1.9843750000000002e-01	3.4594812310693757e-01
2.0156250000000001e-01	3.4748765223473249e-01
2.0468750000000002e-01	3.4902921297291900e-01
2.0781250000000001e-01	3.5057279745832326e-01
2.1093750000000000e-01	3.5211839799268907e-01
2.1406250000000002e-01	3.5366600704189077e-01
2.1718750000000001e-01	3.5521561723508016e-01
2.2031250000000002e-01	3.5676722136376748e-01
2.2343750000000001e-01	3.5832081238083457e-01
2.2656250000000000e-01	3.5987638339948291e-01
2.2968750000000002e-01	3.6143392769211546e-01
2.3281250000000001e-01	3.6299343868915163e-01
2.3593750000000002e-01	3.6455490997777751e-01
2.3906250000000001e-01	3.6611833530063026e-01
2.4218750000000000e-01	3.6768370855441662e-01
2.4531250000000002e-01	3.6925102378846797e-01
2.4843750000000001e-01	3.7082027520322824e-01
2.5156250000000002e-01	3.7239145714867961e-01
2.5468750000000001e-01	3.7396456412270312e-01
2.5781250000000000e-01	3.7553959076937538e-01
2.6093749999999999e-01	3.7711653187720195e-01
2.6406250000000003e-01	3.7869538237728823e-01
2.6718750000000002e-01	3.8027613734144688e-01
2.7031250000000001e-01	3.8185879198024364e-01
2.7343750000000000e-01	3.8344334164098121e-01
2.7656249999999999e-01	3.8502978180562203e-01
2.7968750000000003e-01	3.8661810808864966e-01
2.8281250000000002e-01	3.8820831623487045e-01
2.8593750000000001e-01	3.8980040211715550e-01
2.8906250000000000e-01	3.9139436173412268e-01
2.9218749999999999e-01	3.9299019120776074e-01
2.9531250000000003e-01	3.9458788678099499e-01
2.9843750000000002e-01	3.9618744481519552e-01
3.0156250000000001e-01	3.9778886178762873e-01
3.0468750000000000e-01	3.9939213428885190e-01
3.0781250000000004e-01	4.0099725902005373e-01
3.1093750000000003e-01	4.0260423279033830e-01
3.1406250000000002e-01	4.0421305251395601e-01
3.1718750000000001e-01	4.0582371520748056e-01
3.2031250000000000e-01	4.0743621798693319e-01
3.2343750000000004e-01	4.0905055806485524e-01
3.2656250000000003e-01	4.1066673274732912e-01
3.2968750000000002e-01	4.1228473943094929e-01
3.3281250000000001e-01	4.1390457559974303e-01
3.3593750000000000e-01	4.1552623882204304e-01
3.3906250000000004e-01	4.1714972674731149e-01
3.4218750000000003e-01	4.1877503710291775e-01
3.4531250000000002e-01	4.2040216769086897e-01
3.4843750000000001e-01	4.2203111638449586e-01
3.5156250000000000e-01	4.2366188112509429e-01
3.5468750000000004e-01	4.2529445991852255e-01
3.5781250000000003e-01	4.2692885083175652e-01
3.6093750000000002e-01	4.2856505198940359e-01
3.6406250000000001e-01	4.3020306157017518e-01
3.6718750000000000e-01	4.3184287780331992e-01
3.7031250000000004e-01	4.3348449896501817e-01
3.7343750000000003e-01	4.3512792337473916e-01
3.7656250000000002e-01	4.3677314939156053e-01
3.7968750000000001e-01	4.3842017541045325e-01
3.8281250000000000e-01	4.4006899985853154e-01
3.8593750000000004e-01	4.4171962119126934e-01
3.8906250000000003e-01	4.4337203788868423e-01
3.9218750000000002e-01	4.4502624845149047e-01
3.9531250000000001e-01	4.4668225139722101e-01
3.9843750000000000e-01	4.4834004525632126e-01
4.0156250000000004e-01	4.4999962856821385e-01
4.0468750000000003e-01	4.5166099987733799e-01
4.0781250000000002e-01	4.5332415772916146e-01
4.1093750000000001e-01	4.5498910066616904e-01
4.1406250000000000e-01	4.5665582722382753e-01
4.1718750000000004e-01	4.5832433592652816e-01
4.2031250000000003e-01	4.5999462528350810e-01
4.2343750000000002e-01	4.6166669378475222e-01
4.2656250000000001e-01	4.6334053989687624e-01
4.2968750000000000e-01	4.6501616205899254e-01
4.3281250000000004e-01	4.6669355867855900e-01
4.3593750000000003e-01	4.6837272812721409e-01
4.3906250000000002e-01	4.7005366873659749e-01
4.4218750000000001e-01	4.7173637879415803e-01
4.4531250000000000e-01	4.7342085653895127e-01
4.4843750000000004e-01	4.7510710015742569e-01
4.5156250000000003e-01	4.7679510777920159e-01
4.5468750000000002e-01	4.7848487747284146e-01
4.5781250000000001e-01	4.8017640724161492e-01
4.6093750000000000e-01	4.8186969501925797e-01
4.6406250000000004e-01	4.8356473866572930e-01
4.6718750000000003e-01	4.8526153596296390e-01
4.7031250000000002e-01	4.8696008461062529e-01
4.7343750000000001e-01	4.8866038222185854e-01
4.7656250000000000e-01	4.9036242631904453e-01
4.7968750000000004e-01	4.9206621432955688e-01
4.8281250000000003e-01	4.9377174358152343e-01
4.8593750000000002e-01	4.9547901129959188e-01
4.8906250000000001e-01	4.9718801460070416e-01
4.9218750000000000e-01	4.9889875048987692e-01
4.9531250000000004e-01	5.0061121585599189e-01
4.9843750000000003e-01	5.0232540746759780e-01
5.0156250000000002e-01	5.0404132196872187e-01
5.0468750000000007e-01	5.0575895587469755e-01
5.0781250000000000e-01	5.0747830556800355e-01
5.1093750000000004e-01	5.0919936729412152e-01
5.1406249999999998e-01	5.1092213715740842e-01
5.1718750000000002e-01	5.1264661111698895e-01
5.2031250000000007e-01	5.1437278498266648e-01
5.2343750000000000e-01	5.1610065441085518e-01
5.2656250000000004e-01	5.1783021490053571e-01
5.2968749999999998e-01	5.1956146178923146e-01
5.3281250000000002e-01	5.2129439024901203e-01
5.3593750000000007e-01	5.2302899528252189e-01
5.3906250000000000e-01	5.2476527171903664e-01
5.4218750000000004e-01	5.2650321421054669e-01
5.4531249999999998e-01	5.2824281722787181e-01
5.4843750000000002e-01	5.2998407505680634e-01
5.5156250000000007e-01	5.3172698179429656e-01
5.5468750000000000e-01	5.3347153134465142e-01
5.5781250000000004e-01	5.3521771741578839e-01
5.6093749999999998e-01	5.3696553351551457e-01
5.6406250000000002e-01	5.3871497294784521e-01
5.6718750000000007e-01	5.4046602880936057e-01
5.7031250000000000e-01	5.4221869398560230e-01
5.7343750000000004e-01	5.4397296114750981e-01
5.7656249999999998e-01	5.4572882274789924e-01
5.7968750000000002e-01	5.4748627101798530e-01
5.8281250000000007e-01	5.4924529796394639e-01
5.8593750000000000e-01	5.5100589536353584e-01
5.8906250000000004e-01	5.5276805476273883e-01
5.9218749999999998e-01	5.5453176747247768e-01
5.9531250000000002e-01	5.5629702456536445e-01
5.9843750000000007e-01	5.5806381687250350e-01
6.0156250000000000e-01	5.5983213498034612e-01
6.0468750000000004e-01	5.6160196922759442e-01
6.0781250000000009e-01	5.6337330970216026e-01
6.1093750000000002e-01	5.6514614623817661e-01
6.1406250000000007e-01	5.6692046841306432e-01
6.1718750000000000e-01	5.6869626554465502e-01
6.2031250000000004e-01	5.7047352668836948e-01
6.2343750000000009e-01	5.7225224063445557e-01
6.2656250000000002e-01	5.7403239590528310e-01
6.2968750000000007e-01	5.7581398075270018e-01
6.3281250000000000e-01	5.7759698315544850e-01
6.3593750000000004e-01	5.7938139081664164e-01
6.3906250000000009e-01	5.8116719116130366e-01
6.4218750000000002e-01	5.8295437133397343e-01
6.4531250000000007e-01	5.8474291819637170e-01
6.4843750000000000e-01	5.8653281832513215e-01
6.5156250000000004e-01	5.8832405800960075e-01
6.5468750000000009e-01	5.9011662324969927e-01
6.5781250000000002e-01	5.9191049975385746e-01
6.6093750000000007e-01	5.9370567293701249e-01
6.6406250000000000e-01	5.9550212791867818e-01
6.6718750000000004e-01	5.9729984952108317e-01
6.7031250000000009e-01	5.9909882226737909e-01
6.7343750000000002e-01	6.0089903037992043e-01
6.7656250000000007e-01	6.0270045777861536e-01
6.7968750000000000e-01	6.0450308807934916e-01
6.8281250000000004e-01	6.0630690459248082e-01
6.8593750000000009e-01	6.0811189032141255e-01
6.8906250000000002e-01	6.0991802796123296e-01
6.9218750000000007e-01	6.1172529989743663e-01
6.9531250000000000e-01	6.1353368820471699e-01
6.9843750000000004e-01	6.1534317464583610e-01
7.0156250000000009e-01	6.1715374067056983e-01
7.0468750000000002e-01	6.1896536741473041e-01
7.0781250000000007e-01	6.2077803569926515e-01
7.1093750000000000e-01	6.2259172602943369e-01
7.1406250000000004e-01	6.2440641859406532e-01
7.1718750000000009e-01	6.2622209326488742e-01
7.2031250000000002e-01	6.2803872959594109e-01
7.2343750000000007e-01	6.2985630682307114e-01
7.2656250000000000e-01	6.3167480386349761e-01
7.2968750000000004e-01	6.3349419931546402e-01
7.3281250000000009e-01	6.3531447145797015e-01
7.3593750000000002e-01	6.3713559825058064e-01
7.3906250000000007e-01	6.3895755733331683e-01
7.4218750000000000e-01	6.4078032602662827e-01
7.4531250000000004e-01	6.4260388133144597e-01
7.4843750000000009e-01	6.4442819992931510e-01
7.5156250000000002e-01	6.4625325818260981e-01
7.5468750000000007e-01	6.4807903213483020e-01
7.5781250000000000e-01	6.4990549751097992e-01
7.6093750000000004e-01	6.5173262971802459e-01
7.6406250000000009e-01	6.5356040384543246e-01
7.6718750000000002e-01	6.5538879466579680e-01
7.7031250000000007e-01	6.5721777663553960e-01
7.7343750000000000e-01	6.5904732389569720e-01
7.7656250000000004e-01	6.6087741027278601e-01
7.7968750000000009e-01	6.6270800927975215e-01
7.8281250000000002e-01	6.6453909411699974e-01
7.8593750000000007e-01	6.6637063767350224e-01
7.8906250000000000e-01	6.6820261252799418e-01
7.9218750000000004e-01	6.7003499095024421e-01
7.9531250000000009e-01	6.7186774490240853e-01
7.9843750000000002e-01	6.7370084604046498e-01
8.0156250000000007e-01	6.7553426571572817e-01
8.0468750000000000e-01	6.7736797497644285e-01
8.0781250000000004e-01	6.7920194456945893e-01
8.1093750000000009e-01	6.8103614494198572e-01
8.1406250000000002e-01	6.8287054624342503e-01
8.1718750000000007e-01	6.8470511832728242e-01
8.2031250000000000e-01	6.8653983075315828e-01
8.2343750000000004e-01	6.8837465278881593e-01
8.2656250000000009e-01	6.9020955341232892e-01
8.2968750000000002e-01	6.9204450131430351e-01
8.3281250000000007e-01	6.9387946490017993e-01
8.3593750000000000e-01	6.9571441229260855e-01
8.3906250000000004e-01	6.9754931133390319e-01
8.4218750000000009e-01	6.9938412958856877e-01
8.4531250000000002e-01	7.0121883434590504e-01
8.4843750000000007e-01	7.0305339262268274e-01
8.5156250000000000e-01	7.0488777116589463e-01
8.5468750000000004e-01	7.0672193645558046e-01
8.5781250000000009e-01	7.0855585470772264e-01
8.6093750000000002e-01	7.1038949187721490e-01
8.6406250000000007e-01	7.1222281366090223e-01
8.6718750000000000e-01	7.1405578550069015e-01
8.7031250000000004e-01	7.1588837258672544e-01
8.7343750000000009e-01	7.1772053986064599e-01
8.7656250000000002e-01	7.1955225201889594e-01
8.7968750000000007e-01	7.2138347351611332e-01
8.8281250000000000e-01	7.2321416856858078e-01
8.8593750000000004e-01	7.2504430115774399e-01
8.8906250000000009e-01	7.2687383503379510e-01
8.9218750000000002e-01	7.2870273371932071e-01
8.9531250000000007e-01	7.3053096051301325e-01
8.9843750000000000e-01	7.3235847849344471e-01
9.0156250000000004e-01	7.3418525052290406e-01
9.0468750000000009e-01	7.3601123925129319e-01
9.0781250000000002e-01	7.3783640712008491e-01
9.1093750000000007e-01	7.3966071636633812e-01
9.1406250000000000e-01	7.4148412902677430e-01
9.1718750000000004e-01	7.4330660694190742e-01
9.2031250000000009e-01	7.4512811176023375e-01
9.2343750000000002e-01	7.4694860494247439e-01
9.2656250000000007e-01	7.4876804776587313e-01
9.2968750000000000e-01	7.5058640132854804e-01
9.3281250000000004e-01	7.5240362655389470e-01
9.3593750000000009e-01	7.5421968419504004e-01
9.3906250000000002e-01	7.5603453483934868e-01
9.4218750000000007e-01	7.5784813891297509e-01
9.4531250000000000e-01	7.5966045668546711e-01
9.4843750000000004e-01	7.6147144827441349e-01
9.5156250000000009e-01	7.6328107365013931e-01
9.5468750000000002e-01	7.6508929264044545e-01
9.5781250000000007e-01	7.6689606493539131e-01
9.6093750000000000e-01	7.6870135009212082e-01
9.6406250000000004e-01	7.7050510753972834e-01
9.6718750000000009e-01	7.7230729658416652e-01
9.7031250000000002e-01	7.7410787641319134e-01
9.7343750000000007e-01	7.7590680610134688e-01
9.7656250000000000e-01	7.7770404461498477e-01
9.7968750000000004e-01	7.7949955081732047e-01
9.8281250000000009e-01	7.8129328347352345e-01
9.8593750000000002e-01	7.8308520125583903e-01
9.8906250000000007e-01	7.8487526274874464e-01
9.9218750000000000e-01	7.8666342645413490e-01
9.9531250000000004e-01	7.8844965079653551e-01
9.9843750000000009e-01	7.9023389412834666e-01
1.0015625000000001e+00	7.9201611473511269e-01
1.0046875000000000e+00	7.9379541139391130e-01
1.0078125000000000e+00	7.9557258121799523e-01
1.0109375000000000e+00	7.9734758186842825e-01
1.0140625000000001e+00	7.9912037095145072e-01
1.0171875000000001e+00	8.0089090602369617e-01
1.0203125000000000e+00	8.0265914459742416e-01
1.0234375000000000e+00	8.0442504414576843e-01
1.0265625000000000e+00	8.0618856210799883e-01
1.0296875000000001e+00	8.0794965589479695e-01
1.0328125000000001e+00	8.0970828289354158e-01
1.0359375000000000e+00	8.1146440047360580e-01
1.0390625000000000e+00	8.1321796599166285e-01
1.0421875000000000e+00	8.1496893679699722e-01
1.0453125000000001e+00	8.1671727023682550e-01
1.0484375000000001e+00	8.1846292366161855e-01
1.0515625000000000e+00	8.2020585443043015e-01
1.0546875000000000e+00	8.2194601991622551e-01
1.0578125000000000e+00	8.2368337751121201e-01
1.0609375000000001e+00	8.2541788463216914e-01
1.0640625000000001e+00	8.2714949872577648e-01
1.0671875000000000e+00	8.2887817727393909e-01
1.0703125000000000e+00	8.3060387779910760e-01
1.0734375000000000e+00	8.3232655786959397e-01
1.0765625000000001e+00	8.3404617510487877e-01
1.0796875000000001e+00	8.3576268718091151e-01
1.0828125000000000e+00	8.3747605183540053e-01
1.0859375000000000e+00	8.3918622687309163e-01
1.0890625000000000e+00	8.4089317017103582e-01
1.0921875000000001e+00	8.4259683968384236e-01
1.0953125000000001e+00	8.4429719344891774e-01
1.0984375000000000e+00	8.4599418959168793e-01
1.1015625000000000e+00	8.4768778633080444e-01
1.1046875000000000e+00	8.4937794198333083e-01
1.1078125000000001e+00	8.5106461496990982e-01
1.1109375000000001e+00	8.5274776381990824e-01
1.1140625000000000e+00	8.5442734717654256e-01
1.1171875000000000e+00	8.5610332380197784e-01
1.1203125000000000e+00	8.5777565258240229e-01
1.1234375000000001e+00	8.5944429253307775e-01
1.1265625000000001e+00	8.6110920280336112e-01
1.1296875000000000e+00	8.6277034268169861e-01
1.1328125000000000e+00	8.6442767160058920e-01
1.1359375000000000e+00	8.6608114914151779e-01
1.1390625000000001e+00	8.6773073503985798e-01
1.1421875000000001e+00	8.6937638918973803e-01
1.1453125000000000e+00	8.7101807164887635e-01
1.1484375000000000e+00	8.7265574264337953e-01
1.1515625000000000e+00	8.7428936257250545e-01
1.1546875000000001e+00	8.7591889201338569e-01
1.1578125000000001e+00	8.7754429172571258e-01
1.1609375000000000e+00	8.7916552265638448e-01
1.1640625000000000e+00	8.8078254594411076e-01
1.1671875000000000e+00	8.8239532292397482e-01
1.1703125000000001e+00	8.8400381513195303e-01
1.1734375000000001e+00	8.8560798430939147e-01
1.1765625000000000e+00	8.8720779240743586e-01
1.1796875000000000e+00	8.8880320159141657e-01
1.1828125000000000e+00	8.9039417424518486e-01
1.1859375000000001e+00	8.9198067297540362e-01
1.1890625000000001e+00	8.9356266061578571e-01
1.1921875000000000e+00	8.9514010023128499e-01
1.1953125000000000e+00	8.9671295512223503e-01
1.1984375000000000e+00	8.9828118882843677e-01
1.2015625000000001e+00	8.9984476513319156e-01
1.2046875000000001e+00	9.0140364806728257e-01
1.2078125000000002e+00	9.0295780191290009e-01
1.2109375000000000e+00	9.0450719120751288e-01
1.2140625000000000e+00	9.0605178074768111e-01
1.2171875000000001e+00	9.0759153559281369e-01
1.2203125000000001e+00	9.0912642106886743e-01
1.2234375000000002e+00	9.1065640277198667e-01
1.2265625000000000e+00	9.1218144657208389e-01
1.2296875000000000e+00	9.1370151861636073e-01
1.2328125000000001e+00	9.1521658533276540e-01
1.2359375000000001e+00	9.1672661343339268e-01
1.2390625000000002e+00	9.1823156991781574e-01
1.2421875000000000e+00	9.1973142207635983e-01
1.2453125000000000e+00	9.2122613749330939e-01
1.2484375000000001e+00	9.2271568405005111e-01
1.2515625000000001e+00	9.2420002992815109e-01
1.2546875000000002e+00	9.2567914361236914e-01
1.2578125000000000e+00	9.2715299389360195e-01
1.2609375000000000e+00	9.2862154987176404e-01
1.2640625000000001e+00	9.3008478095859692e-01
1.2671875000000001e+00	9.3154265688041360e-01
1.2703125000000002e+00	9.3299514768077219e-01
1.2734375000000000e+00	9.3444222372308094e-01
1.2765625000000000e+00	9.3588385569313448e-01
1.2796875000000001e+00	9.3732001460157910e-01
1.2828125000000001e+00	9.3875067178630656e-01
1.2859375000000002e+00	9.4017579891477920e-01
1.2890625000000000e+00	9.4159536798628141e-01
1.2921875000000000e+00	9.4300935133410058e-01
1.2953125000000001e+00	9.4441772162763582e-01
1.2984375000000001e+00	9.4582045187443253e-01
1.3015625000000002e+00	9.4721751542214716e-01
1.3046875000000000e+00	9.4860888596043402e-01
1.3078125000000000e+00	9.4999453752276464e-01
1.3109375000000001e+00	9.5137444448816799e-01
1.3140625000000001e+00	9.5274858158289966e-01
1.3171875000000002e+00	9.5411692388203506e-01
1.3203125000000000e+00	9.5547944681099006e-01
1.3234375000000000e+00	9.5683612614696500e-01
1.3265625000000001e+00	9.5818693802031496e-01
1.3296875000000001e+00	9.5953185891584392e-01
1.3328125000000002e+00	9.6087086567402546e-01
1.3359375000000000e+00	9.6220393549214578e-01
1.3390625000000000e+00	9.6353104592537364e-01
1.3421875000000001e+00	9.6485217488775343e-01
1.3453125000000001e+00	9.6616730065312251e-01
1.3484375000000002e+00	9.6747640185595418e-01
1.3515625000000000e+00	9.6877945749212380e-01
1.3546875000000000e+00	9.7007644691959993e-01
1.3578125000000001e+00	9.7136734985905904e-01
1.3609375000000001e+00	9.7265214639442588e-01
1.3640625000000002e+00	9.7393081697333705e-01
1.3671875000000000e+00	9.7520334240753059e-01
1.3703125000000000e+00	9.7646970387315790e-01
1.3734375000000001e+00	9.7772988291102259e-01
1.3765625000000001e+00	9.7898386142674321e-01
1.3796875000000002e+00	9.8023162169084099e-01
1.3828125000000000e+00	9.8147314633875282e-01
1.3859375000000000e+00	9.8270841837076972e-01
1.3890625000000001e+00	9.8393742115190019e-01
1.3921875000000001e+00	9.8516013841166028e-01
1.3953125000000002e+00	9.8637655424378978e-01
1.3984375000000000e+00	9.8758665310589255e-01
1.4015625000000000e+00	9.8879041981900584e-01
1.4046875000000001e+00	9.8998783956709613e-01
1.4078125000000001e+00	9.9117889789648039e-01
1.4109375000000002e+00	9.9236358071517583e-01
1.4140625000000000e+00	9.9354187429217888e-01
1.4171875000000000e+00	9.9471376525666910e-01
1.4203125000000001e+00	9.9587924059714517e-01
1.4234375000000001e+00	9.9703828766048619e-01
1.4265625000000002e+00	9.9819089415094586e-01
1.4296875000000000e+00	9.9933704812907442e-01
1.4328125000000000e+00	1.0004767380105706e+00
1.4359375000000001e+00	1.0016099525650644e+00
1.4390625000000001e+00	1.0027366809148333e+00
1.4421875000000002e+00	1.0038569125334460e+00
1.4453125000000000e+00	1.0049706372443423e+00
1.4484375000000000e+00	1.0060778452193422e+00
1.4515625000000001e+00	1.0071785269770919e+00
1.4546875000000001e+00	1.0082726733814391e+00
1.4578125000000002e+00	1.0093602756397475e+00
1.4609375000000000e+00	1.0104413253011415e+00
1.4640625000000000e+00	1.0115158142546903e+00
1.4671875000000001e+00	1.0125837347275259e+00
1.4703125000000001e+00	1.0136450792828986e+00
1.4734375000000002e+00	1.0146998408181691e+00
1.4765625000000000e+00	1.0157480125627401e+00
1.4796875000000000e+00	1.0167895880759250e+00
1.4828125000000001e+00	1.0178245612447581e+00
1.4859375000000001e+00	1.0188529262817412e+00
1.4890625000000002e+00	1.0198746777225354e+00
1.4921875000000000e+00	1.0208898104235919e+00
1.4953125000000000e+00	1.0218983195597242e+00
1.4984375000000001e+00	1.0229002006216261e+00
1.5015625000000001e+00	1.0238954494133308e+00
1.5046875000000002e+00	1.0248840620496162e+00
1.5078125000000000e+00	1.0258660349533546e+00
1.5109375000000000e+00	1.0268413648528081e+00
1.5140625000000001e+00	1.0278100487788726e+00
1.5171875000000001e+00	1.0287720840622678e+00
1.5203125000000002e+00	1.0297274683306756e+00
1.5234375000000000e+00	1.0306761995058300e+00
1.5265625000000000e+00	1.0316182758005543e+00
1.5296875000000001e+00	1.0325536957157513e+00
1.5328125000000001e+00	1.0334824580373438e+00
1.5359375000000002e+00	1.0344045618331714e+00
1.5390625000000000e+00	1.0353200064498351e+00
1.5421875000000000e+00	1.0362287915095021e+00
1.5453125000000001e+00	1.0371309169066620e+00
1.5484375000000001e+00	1.0380263828048433e+00
1.5515625000000002e+00	1.0389151896332811e+00
1.5546875000000000e+00	1.0397973380835512e+00
1.5578125000000000e+00	1.0406728291061551e+00
1.5609375000000001e+00	1.0415416639070705e+00
1.5640625000000001e+00	1.0424038439442600e+00
1.5671875000000002e+00	1.0432593709241447e+00
1.5703125000000000e+00	1.0441082467980360e+00
1.5734375000000000e+00	1.0449504737585362e+00
1.5765625000000001e+00	1.0457860542359008e+00
1.5796875000000001e+00	1.0466149908943672e+00
1.5828125000000002e+00	1.0474372866284509e+00
1.5859375000000000e+00	1.0482529445592095e+00
1.5890625000000000e+00	1.0490619680304740e+00
1.5921875000000001e+00	1.0498643606050511e+00
1.5953125000000001e+00	1.0506601260608972e+00
1.5984375000000002e+00	1.0514492683872616e+00
1.6015625000000000e+00	1.0522317917808042e+00
1.6046875000000000e+00	1.0530077006416867e+00
1.6078125000000001e+00	1.0537769995696391e+00
1.6109375000000001e+00	1.0545396933600009e+00
1.6140625000000002e+00	1.0552957869997388e+00
1.6171875000000000e+00	1.0560452856634461e+00
1.6203125000000000e+00	1.0567881947093150e+00
1.6234375000000001e+00	1.0575245196750935e+00
1.6265625000000001e+00	1.0582542662740213e+00
1.6296875000000002e+00	1.0589774403907490e+00
1.6328125000000000e+00	1.0596940480772383e+00
1.6359375000000000e+00	1.0604040955486478e+00
1.6390625000000001e+00	1.0611075891792039e+00
1.6421875000000001e+00	1.0618045354980576e+00
1.6453125000000002e+00	1.0624949411851285e+00
1.6484375000000000e+00	1.0631788130669371e+00
1.6515625000000000e+00	1.0638561581124248e+00
1.6546875000000001e+00	1.0645269834287692e+00
1.6578125000000001e+00	1.0651912962571837e+00
1.6609375000000002e+00	1.0658491039687157e+00
1.6640625000000000e+00	1.0665004140600347e+00
1.6671875000000000e+00	1.0671452341492167e+00
1.6703125000000001e+00	1.0677835719715218e+00
1.6734375000000001e+00	1.0684154353751727e+00
1.6765625000000002e+00	1.0690408323171252e+00
1.6796875000000000e+00	1.0696597708588438e+00
1.6828125000000000e+00	1.0702722591620695e+00
1.6859375000000001e+00	1.0708783054845958e+00
1.6890625000000001e+00	1.0714779181760412e+00
1.6921875000000002e+00	1.0720711056736267e+00
1.6953125000000000e+00	1.0726578764979575e+00
1.6984375000000000e+00	1.0732382392488076e+00
1.7015625000000001e+00	1.0738122026009114e+00
1.7046875000000001e+00	1.0743797752997637e+00
1.7078125000000002e+00	1.0749409661574245e+00
1.7109375000000000e+00	1.0754957840483348e+00
1.7140625000000000e+00	1.0760442379051411e+00
1.7171875000000001e+00	1.0765863367145332e+00
1.7203125000000001e+00	1.0771220895130897e+00
1.7234375000000002e+00	1.0776515053831404e+00
1.7265625000000000e+00	1.0781745934486398e+00
1.7296875000000000e+00	1.0786913628710575e+00
1.7328125000000001e+00	1.0792018228452833e+00
1.7359375000000001e+00	1.0797059825955477e+00
1.7390625000000002e+00	1.0802038513713639e+00
1.7421875000000000e+00	1.0806954384434841e+00
1.7453125000000000e+00	1.0811807530998794e+00
1.7484375000000001e+00	1.0816598046417365e+00
1.7515625000000001e+00	1.0821326023794799e+00
1.7546875000000002e+00	1.0825991556288130e+00
1.7578125000000000e+00	1.0830594737067849e+00
1.7609375000000000e+00	1.0835135659278805e+00
1.7640625000000001e+00	1.0839614416001360e+00
1.7671875000000001e+00	1.0844031100212805e+00
1.7703125000000002e+00	1.0848385804749054e+00
1.7734375000000000e+00	1.0852678622266596e+00
1.7765625000000000e+00	1.0856909645204771e+00
1.7796875000000001e+00	1.0861078965748290e+00
1.7828125000000001e+00	1.0865186675790124e+00
1.7859375000000002e+00	1.0869232866894656e+00
1.7890625000000000e+00	1.0873217630261172e+00
1.7921875000000000e+00	1.0877141056687696e+00
1.7953125000000001e+00	1.0881003236535143e+00
1.7984375000000001e+00	1.0884804259691832e+00
1.8015625000000002e+00	1.0888544215538363e+00
1.8046875000000000e+00	1.0892223192912827e+00
1.8078125000000000e+00	1.0895841280076424e+00
1.8109375000000001e+00	1.0899398564679439e+00
1.8140625000000001e+00	1.0902895133727613e+00
1.8171875000000002e+00	1.0906331073548903e+00
1.8203125000000000e+00	1.0909706469760649e+00
1.8234375000000000e+00	1.0913021407237165e+00
1.8265625000000001e+00	1.0916275970077709e+00
1.8296875000000001e+00	1.0919470241574927e+00
1.8328125000000002e+00	1.0922604304183692e+00
1.8359375000000000e+00	1.0925678239490402e+00
1.8390625000000000e+00	1.0928692128182713e+00
1.8421875000000001e+00	1.0931646050019737e+00
1.8453125000000001e+00	1.0934540083802686e+00
1.8484375000000002e+00	1.0937374307346002e+00
1.8515625000000000e+00	1.0940148797448936e+00
1.8546875000000000e+00	1.0942863629867630e+00
1.8578125000000001e+00	1.0945518879287666e+00
1.8609375000000001e+00	1.0948114619297131e+00
1.8640625000000002e+00	1.0950650922360152e+00
1.8671875000000000e+00	1.0953127859790965e+00
1.8703125000000000e+00	1.0955545501728456e+00
1.8734375000000001e+00	1.0957903917111271e+00
1.8765625000000001e+00	1.0960203173653407e+00
1.8796875000000002e+00	1.0962443337820338e+00
1.8828125000000000e+00	1.0964624474805689e+00
1.8859375000000000e+00	1.0966746648508436e+00
1.8890625000000001e+00	1.0968809921510656e+00
1.8921875000000001e+00	1.0970814355055820e+00
1.8953125000000002e+00	1.0972760009027644e+00
1.8984375000000000e+00	1.0974646941929498e+00
1.9015625000000000e+00	1.0976475210864385e+00
1.9046875000000001e+00	1.0978244871515475e+00
1.9078125000000001e+00	1.0979955978127220e+00
1.9109375000000002e+00	1.0981608583487055e+00
1.9140625000000000e+00	1.0983202738907647e+00
1.9171875000000000e+00	1.0984738494209783e+00
1.9203125000000001e+00	1.0986215897705798e+00
1.9234375000000001e+00	1.0987634996183622e+00
1.9265625000000002e+00	1.0988995834891417e+00
1.9296875000000000e+00	1.0990298457522820e+00
1.9328125000000000e+00	1.0991542906202785e+00
1.9359375000000001e+00	1.0992729221474036e+00
1.9390625000000001e+00	1.0993857442284121e+00
1.9421875000000002e+00	1.0994927605973104e+00
1.9453125000000000e+00	1.0995939748261845e+00
1.9484375000000000e+00	1.0996893903240930e+00
1.9515625000000001e+00	1.0997790103360188e+00
1.9546875000000001e+00	1.0998628379418869e+00
1.9578125000000002e+00	1.0999408760556428e+00
1.9609375000000000e+00	1.1000131274243952e+00
1.9640625000000000e+00	1.1000795946276201e+00
1.9671875000000001e+00	1.1001402800764304e+00
1.9703125000000001e+00	1.1001951860129087e+00
1.9734375000000002e+00	1.1002443145095022e+00
1.9765625000000000e+00	1.1002876674684849e+00
1.9796875000000000e+00	1.1003252466214801e+00
1.9828125000000001e+00	1.1003570535290501e+00
1.9859375000000001e+00	1.1003830895803495e+00
1.9890625000000002e+00	1.1004033559928423e+00
1.9921875000000000e+00	1.1004178538120850e+00
1.9953125000000000e+00	1.1004265839115730e+00
1.9984375000000001e+00	1.1004295469926526e+00
2.0015624999999999e+00	1.1004267435844988e+00
2.0046875000000002e+00	1.1004169886997170e+00
2.0078125000000000e+00	1.1004014670212352e+00
2.0109375000000003e+00	1.1003801779438618e+00
2.0140625000000001e+00	1.1003531206902579e+00
2.0171874999999999e+00	1.1003202943110100e+00
2.0203125000000002e+00	1.1002816976847678e+00
2.0234375000000000e+00	1.1002373295184487e+00
2.0265625000000003e+00	1.1001871883475056e+00
2.0296875000000001e+00	1.1001312725362595e+00
2.0328124999999999e+00	1.1000695802782967e+00
2.0359375000000002e+00	1.1000021095969310e+00
2.0390625000000000e+00	1.0999288583457283e+00
2.0421875000000003e+00	1.0998498242090975e+00
2.0453125000000001e+00	1.0997650047029437e+00
2.0484374999999999e+00	1.0996743971753853e+00
2.0515625000000002e+00	1.0995779988075360e+00
2.0546875000000000e+00	1.0994758066143484e+00
2.0578125000000003e+00	1.0993678174455215e+00
2.0609375000000001e+00	1.0992540279864711e+00
2.0640624999999999e+00	1.0991344347593626e+00
2.0671875000000002e+00	1.0990090341242065e+00
2.0703125000000000e+00	1.0988778222800155e+00
2.0734375000000003e+00	1.0987407952660242e+00
2.0765625000000001e+00	1.0985979489629694e+00
2.0796874999999999e+00	1.0984492790944327e+00
2.0828125000000002e+00	1.0982947812282422e+00
2.0859375000000000e+00	1.0981344507779374e+00
2.0890625000000003e+00	1.0979682830042918e+00
2.0921875000000001e+00	1.0977962730168973e+00
2.0953124999999999e+00	1.0976184157758058e+00
2.0984375000000002e+00	1.0974347060932328e+00
2.1015625000000000e+00	1.0972451386353175e+00
2.1046875000000003e+00	1.0970497079239421e+00
2.1078125000000001e+00	1.0968484083386081e+00
2.1109374999999999e+00	1.0966412341183718e+00
2.1140625000000002e+00	1.0964281793638349e+00
2.1171875000000000e+00	1.0962092380391923e+00
2.1203125000000003e+00	1.0959844039743369e+00
2.1234375000000001e+00	1.0957536708670181e+00
2.1265624999999999e+00	1.0955170322850567e+00
2.1296875000000002e+00	1.0952744816686149e+00
2.1328125000000000e+00	1.0950260123325182e+00
2.1359375000000003e+00	1.0947716174686328e+00
2.1390625000000001e+00	1.0945112901482958e+00
2.1421874999999999e+00	1.0942450233247956e+00
2.1453125000000002e+00	1.0939728098359078e+00
2.1484375000000000e+00	1.0936946424064793e+00
2.1515625000000003e+00	1.0934105136510648e+00
2.1546875000000001e+00	1.0931204160766115e+00
2.1578124999999999e+00	1.0928243420851964e+00
2.1609375000000002e+00	1.0925222839768094e+00
2.1640625000000000e+00	1.0922142339521854e+00
2.1671875000000003e+00	1.0919001841156857e+00
2.1703125000000001e+00	1.0915801264782239e+00
2.1734374999999999e+00	1.0912540529602393e+00
2.1765625000000002e+00	1.0909219553947158e+00
2.1796875000000000e+00	1.0905838255302454e+00
2.1828125000000003e+00	1.0902396550341358e+00
2.1859375000000001e+00	1.0898894354955615e+00
2.1890624999999999e+00	1.0895331584287591e+00
2.1921875000000002e+00	1.0891708152762616e+00
2.1953125000000000e+00	1.0888023974121761e+00
2.1984375000000003e+00	1.0884278961455025e+00
2.2015625000000001e+00	1.0880473027234898e+00
2.2046874999999999e+00	1.0876606083350338e+00
2.2078125000000002e+00	1.0872678041141104e+00
2.2109375000000000e+00	1.0868688811432496e+00
2.2140625000000003e+00	1.0864638304570426e+00
2.2171875000000001e+00	1.0860526430456880e+00
2.2203124999999999e+00	1.0856353098585698e+00
2.2234375000000002e+00	1.0852118218078726e+00
2.2265625000000000e+00	1.0847821697722282e+00
2.2296875000000003e+00	1.0843463446003951e+00
2.2328125000000001e+00	1.0839043371149704e+00
2.2359374999999999e+00	1.0834561381161314e+00
2.2390625000000002e+00	1.0830017383854078e+00
2.2421875000000000e+00	1.0825411286894839e+00
2.2453125000000003e+00	1.0820742997840256e+00
2.2484375000000001e+00	1.0816012424175396e+00
2.2515624999999999e+00	1.0811219473352549e+00
2.2546875000000002e+00	1.0806364052830311e+00
2.2578125000000000e+00	1.0801446070112928e+00
2.2609375000000003e+00	1.0796465432789850e+00
2.2640625000000001e+00	1.0791422048575532e+00
2.2671874999999999e+00	1.0786315825349446e+00
2.2703125000000002e+00	1.0781146671196304e+00
2.2734375000000000e+00	1.0775914494446472e+00
2.2765625000000003e+00	1.0770619203716583e+00
2.2796875000000001e+00	1.0765260707950333e+00
2.2828124999999999e+00	1.0759838916459432e+00
2.2859375000000002e+00	1.0754353738964730e+00
2.2890625000000000e+00	1.0748805085637489e+00
2.2921875000000003e+00	1.0743192867140796e+00
2.2953125000000001e+00	1.0737516994671108e+00
2.2984374999999999e+00	1.0731777379999914e+00
2.3015625000000002e+00	1.0725973935515514e+00
2.3046875000000000e+00	1.0720106574264907e+00
2.3078125000000003e+00	1.0714175209995751e+00
2.3109375000000001e+00	1.0708179757198413e+00
2.3140624999999999e+00	1.0702120131148105e+00
2.3171875000000002e+00	1.0695996247947059e+00
2.3203125000000000e+00	1.0689808024566756e+00
2.3234375000000003e+00	1.0683555378890219e+00
2.3265625000000001e+00	1.0677238229754307e+00
2.3296874999999999e+00	1.0670856496992041e+00
2.3328125000000002e+00	1.0664410101474948e+00
2.3359375000000000e+00	1.0657898965155392e+00
2.3390625000000003e+00	1.0651323011108902e+00
2.3421875000000001e+00	1.0644682163576469e+00
2.3453124999999999e+00	1.0637976348006828e+00
2.3484375000000002e+00	1.0631205491098688e+00
2.3515625000000000e+00	1.0624369520842898e+00
2.3546875000000003e+00	1.0617468366564577e+00
2.3578125000000001e+00	1.0610501958965151e+00
2.3609374999999999e+00	1.0603470230164302e+00
2.3640625000000002e+00	1.0596373113741855e+00
2.3671875000000000e+00	1.0589210544779506e+00
2.3703125000000003e+00	1.0581982459902495e+00
2.3734375000000001e+00	1.0574688797321110e+00
2.3765624999999999e+00	1.0567329496872073e+00
2.3796875000000002e+00	1.0559904500059776e+00
2.3828125000000000e+00	1.0552413750097365e+00
2.3859375000000003e+00	1.0544857191947641e+00
2.3890625000000001e+00	1.0537234772363813e+00
2.3921874999999999e+00	1.0529546439930026e+00
2.3953125000000002e+00	1.0521792145101718e+00
2.3984375000000000e+00	1.0513971840245759e+00
2.4015625000000003e+00	1.0506085479680380e+00
2.4046875000000001e+00	1.0498133019714837e+00
2.4078125000000004e+00	1.0490114418688889e+00
2.4109375000000002e+00	1.0482029637011994e+00
2.4140625000000000e+00	1.0473878637202232e+00
2.4171875000000003e+00	1.0465661383925000e+00
2.4203125000000001e+00	1.0457377844031386e+00
2.4234375000000004e+00	1.0449027986596271e+00
2.4265625000000002e+00	1.0440611782956133e+00
2.4296875000000000e+00	1.0432129206746537e+00
2.4328125000000003e+00	1.0423580233939287e+00
2.4359375000000001e+00	1.0414964842879284e+00
2.4390625000000004e+00	1.0406283014321001e+00
2.4421875000000002e+00	1.0397534731464657e+00
2.4453125000000000e+00	1.0388719979991976e+00
2.4484375000000003e+00	1.0379838748101622e+00
2.4515625000000001e+00	1.0370891026544229e+00
2.4546875000000004e+00	1.0361876808657051e+00
2.4578125000000002e+00	1.0352796090398220e+00
2.4609375000000000e+00	1.0343648870380584e+00
2.4640625000000003e+00	1.0334435149905128e+00
2.4671875000000001e+00	1.0325154932993987e+00
2.4703125000000004e+00	1.0315808226423000e+00
2.4734375000000002e+00	1.0306395039753835e+00
2.4765625000000000e+00	1.0296915385365659e+00
2.4796875000000003e+00	1.0287369278486336e+00
2.4828125000000001e+00	1.0277756737223165e+00
2.4859375000000004e+00	1.0268077782593132e+00
2.4890625000000002e+00	1.0258332438552671e+00
2.4921875000000000e+00	1.0248520732026936e+00
2.4953125000000003e+00	1.0238642692938560e+00
2.4984375000000001e+00	1.0228698354235906e+00
2.5015625000000004e+00	1.0218687751920787e+00
2.5046875000000002e+00	1.0208610925075661e+00
2.5078125000000000e+00	1.0198467915890290e+00
2.5109375000000003e+00	1.0188258769687848e+00
2.5140625000000001e+00	1.0177983534950474e+00
2.5171875000000004e+00	1.0167642263344268e+00
2.5203125000000002e+00	1.0157235009743708e+00
2.5234375000000000e+00	1.0146761832255509e+00
2.5265625000000003e+00	1.0136222792241867e+00
2.5296875000000001e+00	1.0125617954343149e+00
2.5328125000000004e+00	1.0114947386499942e+00
2.5359375000000002e+00	1.0104211159974534e+00
2.5390625000000000e+00	1.0093409349371767e+00
2.5421875000000003e+00	1.0082542032659254e+00
2.5453125000000001e+00	1.0071609291187007e+00
2.5484375000000004e+00	1.0060611209706394e+00
2.5515625000000002e+00	1.0049547876388489e+00
2.5546875000000000e+00	1.0038419382841748e+00
2.5578125000000003e+00	1.0027225824129065e+00
2.5609375000000001e+00	1.0015967298784141e+00
2.5640625000000004e+00	1.0004643908827218e+00
2.5671875000000002e+00	9.9932557597801241e-01
2.5703125000000000e+00	9.9818029606806491e-01
2.5734375000000003e+00	9.9702856240962534e-01
2.5765625000000001e+00	9.9587038661370741e-01
2.5796875000000004e+00	9.9470578064682647e-01
2.5828125000000002e+00	9.9353475683216219e-01
2.5859375000000000e+00	9.9235732785065178e-01
2.5890625000000003e+00	9.9117350674201354e-01
2.5921875000000001e+00	9.8998330690570002e-01
2.5953125000000004e+00	9.8878674210177830e-01
2.5984375000000002e+00	9.8758382645174025e-01
2.6015625000000000e+00	9.8637457443924115e-01
2.6046875000000003e+00	9.8515900091076414e-01
2.6078125000000001e+00	9.8393712107621467e-01
2.6109375000000004e+00	9.8270895050943907e-01
2.6140625000000002e+00	9.8147450514867240e-01
2.6171875000000000e+00	9.8023380129691173e-01
2.6203125000000003e+00	9.7898685562221444e-01
2.6234375000000001e+00	9.7773368515792491e-01
2.6265625000000004e+00	9.7647430730282470e-01
2.6296875000000002e+00	9.7520873982120837e-01
2.6328125000000000e+00	9.7393700084288670e-01
2.6359375000000003e+00	9.7265910886311169e-01
2.6390625000000001e+00	9.7137508274242923e-01
2.6421875000000004e+00	9.7008494170645432e-01
2.6453125000000002e+00	9.6878870534557260e-01
2.6484375000000000e+00	9.6748639361456545e-01
2.6515625000000003e+00	9.6617802683215970e-01
2.6546875000000001e+00	9.6486362568050110e-01
2.6578125000000004e+00	9.6354321120455344e-01
2.6609375000000002e+00	9.6221680481142013e-01
2.6640625000000000e+00	9.6088442826959097e-01
2.6671875000000003e+00	9.5954610370811366e-01
2.6703125000000001e+00	9.5820185361568844e-01
2.6734375000000004e+00	9.5685170083968663e-01
2.6765625000000002e+00	9.5549566858509571e-01
2.6796875000000000e+00	9.5413378041338559e-01
2.6828125000000003e+00	9.5276606024130306e-01
2.6859375000000001e+00	9.5139253233958743e-01
2.6890625000000004e+00	9.5001322133161292e-01
2.6921875000000002e+00	9.4862815219195562e-01
2.6953125000000000e+00	9.4723735024488542e-01
2.6984375000000003e+00	9.4584084116278233e-01
2.7015625000000001e+00	9.4443865096448021e-01
2.7046875000000004e+00	9.4303080601353484e-01
2.7078125000000002e+00	9.4161733301641815e-01
2.7109375000000000e+00	9.4019825902063858e-01
2.7140625000000003e+00	9.3877361141278981e-01
2.7171875000000001e+00	9.3734341791652254e-01
2.7203125000000004e+00	9.3590770659044720e-01
2.7234375000000002e+00	9.3446650582596391e-01
2.7265625000000000e+00	9.3301984434501650e-01
2.7296875000000003e+00	9.3156775119778046e-01
2.7328125000000001e+00	9.3011025576027484e-01
2.7359375000000004e+00	9.2864738773190669e-01
2.7390625000000002e+00	9.2717917713294284e-01
2.7421875000000000e+00	9.2570565430191365e-01
2.7453125000000003e+00	9.2422684989294501e-01
2.7484375000000001e+00	9.2274279487302446e-01
2.7515625000000004e+00	9.2125352051919607e-01
2.7546875000000002e+00	9.1975905841568917e-01
2.7578125000000000e+00	9.1825944045097918e-01
2.7609375000000003e+00	9.1675469881478222e-01
2.7640625000000001e+00	9.1524486599498334e-01
2.7671875000000004e+00	9.1372997477449869e-01
2.7703125000000002e+00	9.1221005822807433e-01
2.7734375000000000e+00	9.1068514971901915e-01
2.7765625000000003e+00	9.0915528289587599e-01
2.7796875000000001e+00	9.0762049168902825e-01
2.7828125000000004e+00	9.0608081030724585e-01
2.7859375000000002e+00	9.0453627323416963e-01
2.7890625000000000e+00	9.0298691522473373e-01
2.7921875000000003e+00	9.0143277130153010e-01
2.7953125000000001e+00	8.9987387675111197e-01
2.7984375000000004e+00	8.9831026712024209e-01
2.8015625000000002e+00	8.9674197821207868e-01
2.8046875000000000e+00	8.9516904608231007e-01
2.8078125000000003e+00	8.9359150703522972e-01
2.8109375000000001e+00	8.9200939761975817e-01
2.8140625000000004e+00	8.9042275462540987e-01
2.8171875000000002e+00	8.8883161507820829e-01
2.8203125000000000e+00	8.8723601623654758e-01
2.8234375000000003e+00	8.8563599558700323e-01
2.8265625000000001e+00	8.8403159084009242e-01
2.8296875000000004e+00	8.8242283992598547e-01
2.8328125000000002e+00	8.8080978099016760e-01
2.8359375000000000e+00	8.7919245238905519e-01
2.8390625000000003e+00	8.7757089268556310e-01
2.8421875000000001e+00	8.7594514064462892e-01
2.8453125000000004e+00	8.7431523522869148e-01
2.8484375000000002e+00	8.7268121559312617e-01
2.8515625000000000e+00	8.7104312108163828e-01
2.8546875000000003e+00	8.6940099122161518e-01
2.8578125000000001e+00	8.6775486571943727e-01
2.8609375000000004e+00	8.6610478445575179e-01
2.8640625000000002e+00	8.6445078748070681e-01
2.8671875000000000e+00	8.6279291500914890e-01
2.8703125000000003e+00	8.6113120741578708e-01
2.8734375000000001e+00	8.5946570523031807e-01
2.8765625000000004e+00	8.5779644913252162e-01
2.8796875000000002e+00	8.5612347994732330e-01
2.8828125000000000e+00	8.5444683863982362e-01
2.8859375000000003e+00	8.5276656631029990e-01
2.8890625000000001e+00	8.5108270418917886e-01
2.8921875000000004e+00	8.4939529363198107e-01
2.8953125000000002e+00	8.4770437611423854e-01
2.8984375000000000e+00	8.4600999322638948e-01
2.9015625000000003e+00	8.4431218666864638e-01
2.9046875000000001e+00	8.4261099824584407e-01
2.9078125000000004e+00	8.4090646986226414e-01
2.9109375000000002e+00	8.3919864351644080e-01
2.9140625000000000e+00	8.3748756129594759e-01
2.9171875000000003e+00	8.3577326537216567e-01
2.9203125000000001e+00	8.3405579799503693e-01
2.9234375000000004e+00	8.3233520148780038e-01
2.9265625000000002e+00	8.3061151824171753e-01
2.9296875000000000e+00	8.2888479071078192e-01
2.9328125000000003e+00	8.2715506140641981e-01
2.9359375000000001e+00	8.2542237289218046e-01
2.9390625000000004e+00	8.2368676777841721e-01
2.9421875000000002e+00	8.2194828871696202e-01
2.9453125000000000e+00	8.2020697839579337e-01
2.9484375000000003e+00	8.1846287953369978e-01
2.9515625000000001e+00	8.1671603487494004e-01
2.9546875000000004e+00	8.1496648718390141e-01
2.9578125000000002e+00	8.1321427923975709e-01
2.9609375000000000e+00	8.1145945383112361e-01
2.9640625000000003e+00	8.0970205375072146e-01
2.9671875000000001e+00	8.0794212179003810e-01
2.9703125000000004e+00	8.0617970073399514e-01
2.9734375000000002e+00	8.0441483335562225e-01
2.9765625000000000e+00	8.0264756241073765e-01
2.9796875000000003e+00	8.0087793063263824e-01
2.9828125000000001e+00	7.9910598072679728e-01
2.9859375000000004e+00	7.9733175536557654e-01
2.9890625000000002e+00	7.9555529718294704e-01
2.9921875000000000e+00	7.9377664876922749e-01
2.9953125000000003e+00	7.9199585266583450e-01
2.9984375000000001e+00	7.9021295136005165e-01
3.0015625000000004e+00	7.8842798727981567e-01
3.0046875000000002e+00	7.8664018489963272e-01
3.0078125000000000e+00	7.8485042354605228e-01
3.0109375000000003e+00	7.8305874501858319e-01
3.0140625000000001e+00	7.8126519104519698e-01
3.0171875000000004e+00	7.7946980327706750e-01
3.0203125000000002e+00	7.7767262328333786e-01
3.0234375000000000e+00	7.7587369254592009e-01
3.0265625000000003e+00	7.7407305245432023e-01
3.0296875000000001e+00	7.7227074430049936e-01
3.0328125000000004e+00	7.7046680927376454e-01
3.0359375000000002e+00	7.6866128845569437e-01
3.0390625000000000e+00	7.6685422281510085e-01
3.0421875000000003e+00	7.6504565320302731e-01
3.0453125000000001e+00	7.6323562034778192e-01
3.0484375000000004e+00	7.6142416485001274e-01
3.0515625000000002e+00	7.5961132717782132e-01
3.0546875000000000e+00	7.5779714766191786e-01
3.0578125000000003e+00	7.5598166649081722e-01
3.0609375000000001e+00	7.5416492370608101e-01
3.0640625000000004e+00	7.5234695919760142e-01
3.0671875000000002e+00	7.5052781269893298e-01
3.0703125000000000e+00	7.4870752378266914e-01
3.0734375000000003e+00	7.4688613185586761e-01
3.0765625000000001e+00	7.4506367615552505e-01
3.0796875000000004e+00	7.4324019574410172e-01
3.0828125000000002e+00	7.4141572950509527e-01
3.0859375000000000e+00	7.3959031613866988e-01
3.0890625000000003e+00	7.3776399415733573e-01
3.0921875000000001e+00	7.3593680188168331e-01
3.0953125000000004e+00	7.3410877743617498e-01
3.0984375000000002e+00	7.3227995874498908e-01
3.1015625000000000e+00	7.3045038352792357e-01
3.1046875000000003e+00	7.2862008929635758e-01
3.1078125000000001e+00	7.2678911334927199e-01
3.1109375000000004e+00	7.2495749276932819e-01
3.1140625000000002e+00	7.2312526441901015e-01
3.1171875000000000e+00	7.2129246493682697e-01
3.1203125000000003e+00	7.1945913073357814e-01
3.1234375000000001e+00	7.1762529798868235e-01
3.1265625000000004e+00	7.1579100264657081e-01
3.1296875000000002e+00	7.1395628041314552e-01
3.1328125000000000e+00	7.1212116675230386e-01
3.1359375000000003e+00	7.1028569688252918e-01
3.1390625000000001e+00	7.0844990577355038e-01
3.1421875000000004e+00	7.0661382814306817e-01
3.1453125000000002e+00	7.0477749845355109e-01
3.1484375000000000e+00	7.0294095090910147e-01
3.1515625000000003e+00	7.0110421945239154e-01
3.1546875000000001e+00	6.9926733776167094e-01
3.1578125000000004e+00	6.9743033924784525e-01
3.1609375000000002e+00	6.9559325705162878e-01
3.1640625000000000e+00	6.9375612404076736e-01
3.1671875000000003e+00	6.9191897280733838e-01
3.1703125000000001e+00	6.9008183566512182e-01
3.1734375000000004e+00	6.8824474464704843e-01
3.1765625000000002e+00	6.8640773150272183e-01
3.1796875000000000e+00	6.8457082769601685e-01
3.1828125000000003e+00	6.8273406440275486e-01
3.1859375000000001e+00	6.8089747250845412e-01
3.1890625000000004e+00	6.7906108260616049e-01
3.1921875000000002e+00	6.7722492499435161e-01
3.1953125000000000e+00	6.7538902967492331e-01
3.1984375000000003e+00	6.7355342635125204e-01
3.2015625000000001e+00	6.7171814442633582e-01
3.2046875000000004e+00	6.6988321300101739e-01
3.2078125000000002e+00	6.6804866087228265e-01
3.2109375000000000e+00	6.6621451653164276e-01
3.2140625000000003e+00	6.6438080816359424e-01
3.2171875000000001e+00	6.6254756364415879e-01
3.2203125000000004e+00	6.6071481053950620e-01
3.2234375000000002e+00	6.5888257610465539e-01
3.2265625000000000e+00	6.5705088728225824e-01
3.2296875000000003e+00	6.5521977070146409e-01
3.2328125000000001e+00	6.5338925267686443e-01
3.2359375000000004e+00	6.5155935920752051e-01
3.2390625000000002e+00	6.4973011597607155e-01
3.2421875000000000e+00	6.4790154834792457e-01
3.2453125000000003e+00	6.4607368137052634e-01
3.2484375000000001e+00	6.4424653977271584e-01
3.2515625000000004e+00	6.4242014796416025e-01
3.2546875000000002e+00	6.4059453003486955e-01
3.2578125000000000e+00	6.3876970975479619e-01
3.2609375000000003e+00	6.3694571057351346e-01
3.2640625000000001e+00	6.3512255561997610e-01
3.2671875000000004e+00	6.3330026770236370e-01
3.2703125000000002e+00	6.3147886930800234e-01
3.2734375000000000e+00	6.2965838260336926e-01
3.2765625000000003e+00	6.2783882943417857e-01
3.2796875000000001e+00	6.2602023132554552e-01
3.2828125000000004e+00	6.2420260948223349e-01
3.2859375000000002e+00	6.2238598478897922e-01
3.2890625000000000e+00	6.2057037781089963e-01
3.2921875000000003e+00	6.1875580879397540e-01
3.2953125000000001e+00	6.1694229766561726e-01
3.2984375000000004e+00	6.1512986403530867e-01
3.3015625000000002e+00	6.1331852719532765e-01
3.3046875000000000e+00	6.1150830612154727e-01
3.3078125000000003e+00	6.0969921947431283e-01
3.3109375000000001e+00	6.0789128559939765e-01
3.3140625000000004e+00	6.0608452252903389e-01
3.3171875000000002e+00	6.0427894798302184e-01
3.3203125000000000e+00	6.0247457936991311e-01
3.3234375000000003e+00	6.0067143378827026e-01
3.3265625000000001e+00	5.9886952802800142e-01
3.3296875000000004e+00	5.9706887857176816e-01
3.3328125000000002e+00	5.9526950159646774e-01
3.3359375000000000e+00	5.9347141297478856e-01
3.3390625000000003e+00	5.9167462827683681e-01
3.3421875000000001e+00	5.8987916277183694e-01
3.3453125000000004e+00	5.8808503142990176e-01
3.3484375000000002e+00	5.8629224892387310e-01
3.3515625000000000e+00	5.8450082963123262e-01
3.3546875000000003e+00	5.8271078763608197e-01
3.3578125000000001e+00	5.8092213673119009e-01
3.3609375000000004e+00	5.7913489042010968e-01
3.3640625000000002e+00	5.7734906191935820e-01
3.3671875000000000e+00	5.7556466416066754e-01
3.3703125000000003e+00	5.7378170979329668e-01
3.3734375000000001e+00	5.7200021118640942e-01
3.3765625000000004e+00	5.7022018043151546e-01
3.3796875000000002e+00	5.6844162934497489e-01
3.3828125000000000e+00	5.6666456947056287e-01
3.3859375000000003e+00	5.6488901208209652e-01
3.3890625000000001e+00	5.6311496818612061e-01
3.3921875000000004e+00	5.6134244852465320e-01
3.3953125000000002e+00	5.5957146357798837e-01
3.3984375000000000e+00	5.5780202356755726e-01
3.4015625000000003e+00	5.5603413845884297e-01
3.4046875000000001e+00	5.5426781796435354e-01
3.4078125000000004e+00	5.5250307154664613e-01
3.4109375000000002e+00	5.5073990842140641e-01
3.4140625000000000e+00	5.4897833756057812e-01
3.4171875000000003e+00	5.4721836769554544e-01
3.4203125000000001e+00	5.4546000732036337e-01
3.4234375000000004e+00	5.4370326469503860e-01
3.4265625000000002e+00	5.4194814784885692e-01
3.4296875000000000e+00	5.4019466458375787e-01
3.4328125000000003e+00	5.3844282247775399e-01
3.4359375000000001e+00	5.3669262888839619e-01
3.4390625000000004e+00	5.3494409095628070e-01
3.4421875000000002e+00	5.3319721560859867e-01
3.4453125000000000e+00	5.3145200956272598e-01
3.4484375000000003e+00	5.2970847932985532e-01
3.4515625000000001e+00	5.2796663121866283e-01
3.4546875000000004e+00	5.2622647133901612e-01
3.4578125000000002e+00	5.2448800560571551e-01
3.4609375000000000e+00	5.2275123974227200e-01
3.4640625000000003e+00	5.2101617928471811e-01
3.4671875000000001e+00	5.1928282958545158e-01
3.4703125000000004e+00	5.1755119581711018e-01
3.4734375000000002e+00	5.1582128297647745e-01
3.4765625000000000e+00	5.1409309588841556e-01
3.4796875000000003e+00	5.1236663920982728e-01
3.4828125000000001e+00	5.1064191743364395e-01
3.4859375000000004e+00	5.0891893489283757e-01
3.4890625000000002e+00	5.0719769576445828e-01
3.4921875000000000e+00	5.0547820407369259e-01
3.4953125000000003e+00	5.0376046369794436e-01
3.4984375000000001e+00	5.0204447837093480e-01
3.5015625000000004e+00	5.0033025168682133e-01
3.5046875000000002e+00	4.9861778710433458e-01
3.5078125000000000e+00	4.9690708795093003e-01
3.5109375000000003e+00	4.9519815742695594e-01
3.5140625000000001e+00	4.9349099860983348e-01
3.5171875000000004e+00	4.9178561445825048e-01
3.5203125000000002e+00	4.9008200781636491e-01
3.5234375000000000e+00	4.8838018141801853e-01
3.5265625000000003e+00	4.8668013789095882e-01
3.5296875000000001e+00	4.8498187976106738e-01
3.5328125000000004e+00	4.8328540945659554e-01
3.5359375000000002e+00	4.8159072931240282e-01
3.5390625000000000e+00	4.7989784157419907e-01
3.5421875000000003e+00	4.7820674840278898e-01
3.5453125000000001e+00	4.7651745187831640e-01
3.5484375000000004e+00	4.7482995400450806e-01
3.5515625000000002e+00	4.7314425671291616e-01
3.5546875000000000e+00	4.7146036186715634e-01
3.5578125000000003e+00	4.6977827126714211e-01
3.5609375000000001e+00	4.6809798665331248e-01
3.5640625000000004e+00	4.6641950971085377e-01
3.5671875000000002e+00	4.6474284207391192e-01
3.5703125000000000e+00	4.6306798532979565e-01
3.5734375000000003e+00	4.6139494102316819e-01
3.5765625000000001e+00	4.5972371066022810e-01
3.5796875000000004e+00	4.5805429571287526e-01
3.5828125000000002e+00	4.5638669762286338e-01
3.5859375000000000e+00	4.5472091780593565e-01
3.5890625000000003e+00	4.5305695765594434e-01
3.5921875000000001e+00	4.5139481854895158e-01
3.5953125000000004e+00	4.4973450184731051e-01
3.5984375000000002e+00	4.4807600890372623e-01
3.6015625000000000e+00	4.4641934106529457e-01
3.6046875000000003e+00	4.4476449967751791e-01
3.6078125000000001e+00	4.4311148608829681e-01
3.6109375000000004e+00	4.4146030165189626e-01
3.6140625000000002e+00	4.3981094773288570e-01
3.6171875000000000e+00	4.3816342571005040e-01
3.6203125000000003e+00	4.3651773698027629e-01
3.6234375000000001e+00	4.3487388296240143e-01
3.6265625000000004e+00	4.3323186510104078e-01
3.6296875000000002e+00	4.3159168487037453e-01
3.6328125000000000e+00	4.2995334377790728e-01
3.6359375000000003e+00	4.2831684336818943e-01
3.6390625000000001e+00	4.2668218522650675e-01
3.6421875000000004e+00	4.2504937098253032e-01
3.6453125000000002e+00	4.2341840231393207e-01
3.6484375000000000e+00	4.2178928094995982e-01
3.6515625000000003e+00	4.2016200867497461e-01
3.6546875000000001e+00	4.1853658733194610e-01
3.6578125000000004e+00	4.1691301882590842e-01
3.6609375000000002e+00	4.1529130512737228e-01
3.6640625000000000e+00	4.1367144827569491e-01
3.6671875000000003e+00	4.1205345038240565e-01
3.6703125000000001e+00	4.1043731363448627e-01
3.6734375000000004e+00	4.0882304029760580e-01
3.6765625000000002e+00	4.0721063271930802e-01
3.6796875000000000e+00	4.0560009333215230e-01
3.6828125000000003e+00	4.0399142465680510e-01
3.6859375000000001e+00	4.0238462930508268e-01
3.6890625000000004e+00	4.0077970998294288e-01
3.6921875000000002e+00	3.9917666949342812e-01
3.6953125000000000e+00	3.9757551073955377e-01
3.6984375000000003e+00	3.9597623672714671e-01
3.7015625000000001e+00	3.9437885056762956e-01
3.7046875000000004e+00	3.9278335548075083e-01
3.7078125000000002e+00	3.9118975479726131e-01
3.7109375000000000e+00	3.8959805196153491e-01
3.7140625000000003e+00	3.8800825053413329e-01
3.7171875000000001e+00	3.8642035419431414e-01
3.7203125000000004e+00	3.8483436674248261e-01
3.7234375000000002e+00	3.8325029210258493e-01
3.7265625000000000e+00	3.8166813432444285e-01
3.7296875000000003e+00	3.8008789758603012e-01
3.7328125000000001e+00	3.7850958619568936e-01
3.7359375000000004e+00	3.7693320459428836e-01
3.7390625000000002e+00	3.7535875735731666e-01
3.7421875000000000e+00	3.7378624919692049e-01
3.7453125000000003e+00	3.7221568496387658e-01
3.7484375000000001e+00	3.7064706964950395e-01
3.7515625000000004e+00	3.6908040838751338e-01
3.7546875000000002e+00	3.6751570645579446e-01
3.7578125000000000e+00	3.6595296927813870e-01
3.7609375000000003e+00	3.6439220242590037e-01
3.7640625000000001e+00	3.6283341161959204e-01
3.7671875000000004e+00	3.6127660273041745e-01
3.7703125000000002e+00	3.5972178178173875e-01
3.7734375000000000e+00	3.5816895495047929e-01
3.7765625000000003e+00	3.5661812856846214e-01
3.7796875000000001e+00	3.5506930912368179e-01
3.7828125000000004e+00	3.5352250326151236e-01
3.7859375000000002e+00	3.5197771778584802e-01
3.7890625000000000e+00	3.5043495966017957e-01
3.7921875000000003e+00	3.4889423600860309e-01
3.7953125000000001e+00	3.4735555411676411e-01
3.7984375000000004e+00	3.4581892143273396e-01
3.8015625000000002e+00	3.4428434556782128e-01
3.8046875000000000e+00	3.4275183429731537e-01
3.8078125000000003e+00	3.4122139556116482e-01
3.8109375000000001e+00	3.3969303746458779e-01
3.8140625000000004e+00	3.3816676827861736e-01
3.8171875000000002e+00	3.3664259644057876e-01
3.8203125000000000e+00	3.3512053055450131e-01
3.8234375000000003e+00	3.3360057939146337e-01
3.8265625000000001e+00	3.3208275188987035e-01
3.8296875000000004e+00	3.3056705715566714e-01
3.8328125000000002e+00	3.2905350446248405e-01
3.8359375000000000e+00	3.2754210325171623e-01
3.8390625000000003e+00	3.2603286313253760e-01
3.8421875000000001e+00	3.2452579388184849e-01
3.8453125000000004e+00	3.2302090544415812e-01
3.8484375000000002e+00	3.2151820793140107e-01
3.8515625000000000e+00	3.2001771162268944e-01
3.8546875000000003e+00	3.1851942696399854e-01
3.8578125000000001e+00	3.1702336456778968e-01
3.8609375000000004e+00	3.1552953521256683e-01
3.8640625000000002e+00	3.1403794984237027e-01
3.8671875000000000e+00	3.1254861956620583e-01
3.8703125000000003e+00	3.1106155565741095e-01
3.8734375000000001e+00	3.0957676955295738e-01
3.8765625000000004e+00	3.0809427285269103e-01
3.8796875000000002e+00	3.0661407731851015e-01
3.8828125000000000e+00	3.0513619487348009e-01
3.8859375000000003e+00	3.0366063760088813e-01
3.8890625000000001e+00	3.0218741774323610e-01
3.8921875000000004e+00	3.0071654770117257e-01
3.8953125000000002e+00	2.9924804003236527e-01
3.8984375000000000e+00	2.9778190745031330e-01
3.9015625000000003e+00	2.9631816282310047e-01
3.9046875000000001e+00	2.9485681917208978e-01
3.9078125000000004e+00	2.9339788967055996e-01
3.9109375000000002e+00	2.9194138764228439e-01
3.9140625000000000e+00	2.9048732656005294e-01
3.9171875000000003e+00	2.8903572004413752e-01
3.9203125000000001e+00	2.8758658186070180e-01
3.9234375000000004e+00	2.8613992592015569e-01
3.9265625000000002e+00	2.8469576627545545e-01
3.9296875000000000e+00	2.8325411712034948e-01
3.9328125000000003e+00	2.8181499278757155e-01
3.9359375000000001e+00	2.8037840774698086e-01
3.9390625000000004e+00	2.7894437660365018e-01
3.9421875000000002e+00	2.7751291409590351e-01
3.9453125000000000e+00	2.7608403509330254e-01
3.9484375000000003e+00	2.7465775459458391e-01
3.9515625000000001e+00	2.7323408772554680e-01
3.9546875000000004e+00	2.7181304973689302e-01
3.9578125000000002e+00	2.7039465600201928e-01
3.9609375000000000e+00	2.6897892201476270e-01
3.9640625000000003e+00	2.6756586338710048e-01
3.9671875000000001e+00	2.6615549584680437e-01
3.9703125000000004e+00	2.6474783523505102e-01
3.9734375000000002e+00	2.6334289750398882e-01
3.9765625000000000e+00	2.6194069871426168e-01
3.9796875000000003e+00	2.6054125503249159e-01
3.9828125000000001e+00	2.5914458272871949e-01
3.9859375000000004e+00	2.5775069817380719e-01
3.9890625000000002e+00	2.5635961783679845e-01
3.9921875000000000e+00	2.5497135828224310e-01
3.9953125000000003e+00	2.5358593616748287e-01
3.9984375000000001e+00	2.5220336823990108e-01
