1.5625000000000001e-03	2.3109137026605020e-01
4.6875000000000007e-03	2.3236005751253339e-01
7.8125000000000000e-03	2.3363139318990647e-01
1.0937500000000001e-02	2.3490536227270073e-01
1.4062500000000000e-02	2.3618194981880353e-01
1.7187500000000001e-02	2.3746114097195284e-01
2.0312500000000001e-02	2.3874292096419747e-01
2.3437500000000000e-02	2.4002727511832284e-01
2.6562500000000003e-02	2.4131418885024092e-01
2.9687500000000002e-02	2.4260364767134435e-01
3.2812500000000001e-02	2.4389563719082322e-01
3.5937500000000004e-02	2.4519014311794279e-01
3.9062500000000000e-02	2.4648715126428480e-01
4.2187500000000003e-02	2.4778664754594718e-01
4.5312500000000006e-02	2.4908861798570467e-01
4.8437500000000001e-02	2.5039304871512785e-01
5.1562500000000004e-02	2.5169992597666124e-01
5.4687500000000000e-02	2.5300923612565790e-01
5.7812500000000003e-02	2.5432096563237172e-01
6.0937500000000006e-02	2.5563510108390525e-01
6.4062500000000008e-02	2.5695162918611342e-01
6.7187499999999997e-02	2.5827053676546191e-01
7.0312500000000000e-02	2.5959181077083870e-01
7.3437500000000003e-02	2.6091543827532060e-01
7.6562500000000006e-02	2.6224140647789124e-01
7.9687500000000008e-02	2.6356970270511121e-01
8.2812500000000011e-02	2.6490031441274081e-01
8.5937500000000000e-02	2.6623322918731229e-01
8.9062500000000003e-02	2.6756843474765285e-01
9.2187500000000006e-02	2.6890591894635779e-01
9.5312500000000008e-02	2.7024566977121167e-01
9.8437500000000011e-02	2.7158767534655914e-01
1.0156250000000000e-01	2.7293192393462307e-01
1.0468750000000000e-01	2.7427840393676994e-01
1.0781250000000001e-01	2.7562710389472272e-01
1.1093750000000001e-01	2.7697801249171983e-01
1.1406250000000001e-01	2.7833111855361997e-01
1.1718750000000000e-01	2.7968641104995245e-01
1.2031250000000000e-01	2.8104387909491235e-01
1.2343750000000001e-01	2.8240351194830077e-01
1.2656249999999999e-01	2.8376529901640801e-01
1.2968750000000001e-01	2.8512922985284206e-01
1.3281250000000000e-01	2.8649529415929853e-01
1.3593750000000002e-01	2.8786348178627486e-01
1.3906250000000001e-01	2.8923378273372674e-01
1.4218749999999999e-01	2.9060618715166581e-01
1.4531250000000001e-01	2.9198068534070060e-01
1.4843750000000000e-01	2.9335726775251797e-01
1.5156250000000002e-01	2.9473592499030599e-01
1.5468750000000001e-01	2.9611664780911801e-01
1.5781250000000002e-01	2.9749942711617683e-01
1.6093750000000001e-01	2.9888425397112023e-01
1.6406250000000000e-01	3.0027111958618535e-01
1.6718750000000002e-01	3.0166001532633424e-01
1.7031250000000001e-01	3.0305093270931849e-01
1.7343750000000002e-01	3.0444386340568347e-01
1.7656250000000001e-01	3.0583879923871260e-01
1.7968750000000000e-01	3.0723573218430966e-01
1.8281250000000002e-01	3.0863465437082160e-01
1.8593750000000001e-01	3.1003555807879951e-01
1.8906250000000002e-01	3.1143843574069907e-01
1.9218750000000001e-01	3.1284327994051869e-01
1.9531250000000000e-01	3.1425008341337884e-01
1.9843750000000002e-01	3.1565883904503750e-01
2.0156250000000001e-01	3.1706953987134606e-01
2.0468750000000002e-01	3.1848217907764331e-01
2.0781250000000001e-01	3.1989674999808854e-01
2.1093750000000000e-01	3.2131324611493350e-01
2.1406250000000002e-01	3.2273166105773277e-01
2.1718750000000001e-01	3.2415198860249345e-01
2.2031250000000002e-01	3.2557422267076425e-01
2.2343750000000001e-01	3.2699835732866334e-01
2.2656250000000000e-01	3.2842438678584512e-01
2.2968750000000002e-01	3.2985230539440752e-01
2.3281250000000001e-01	3.3128210764773791e-01
2.3593750000000002e-01	3.3271378817929975e-01
2.3906250000000001e-01	3.3414734176135830e-01
2.4218750000000000e-01	3.3558276330364745e-01
2.4531250000000002e-01	3.3702004785197720e-01
2.4843750000000001e-01	3.3845919058678059e-01
2.5156250000000002e-01	3.3990018682160317e-01
2.5468750000000001e-01	3.4134303200153321e-01
2.5781250000000000e-01	3.4278772170157423e-01
2.6093749999999999e-01	3.4423425162495819e-01
2.6406250000000003e-01	3.4568261760140245e-01
2.6718750000000002e-01	3.4713281558530917e-01
2.7031250000000001e-01	3.4858484165390780e-01
2.7343750000000000e-01	3.5003869200534110e-01
2.7656249999999999e-01	3.5149436295669489e-01
2.7968750000000003e-01	3.5295185094197390e-01
2.8281250000000002e-01	3.5441115251002026e-01
2.8593750000000001e-01	3.5587226432237890e-01
2.8906250000000000e-01	3.5733518315110940e-01
2.9218749999999999e-01	3.5879990587654248e-01
2.9531250000000003e-01	3.6026642948498561e-01
2.9843750000000002e-01	3.6173475106637476e-01
3.0156250000000001e-01	3.6320486781187528e-01
3.0468750000000000e-01	3.6467677701143070e-01
3.0781250000000004e-01	3.6615047605126172e-01
3.1093750000000003e-01	3.6762596241131534e-01
3.1406250000000002e-01	3.6910323366266345e-01
3.1718750000000001e-01	3.7058228746485394e-01
3.2031250000000000e-01	3.7206312156321414e-01
3.2343750000000004e-01	3.7354573378610545e-01
3.2656250000000003e-01	3.7503012204213282e-01
3.2968750000000002e-01	3.7651628431730849e-01
3.3281250000000001e-01	3.7800421867216877e-01
3.3593750000000000e-01	3.7949392323884917e-01
3.3906250000000004e-01	3.8098539621811411e-01
3.4218750000000003e-01	3.8247863587634479e-01
3.4531250000000002e-01	3.8397364054248467e-01
3.4843750000000001e-01	3.8547040860494419e-01
3.5156250000000000e-01	3.8696893850846487e-01
3.5468750000000004e-01	3.8846922875094492e-01
3.5781250000000003e-01	3.8997127788022423e-01
3.6093750000000002e-01	3.9147508449083507e-01
3.6406250000000001e-01	3.9298064722071274e-01
3.6718750000000000e-01	3.9448796474787168e-01
3.7031250000000004e-01	3.9599703578704731e-01
3.7343750000000003e-01	3.9750785908630348e-01
3.7656250000000002e-01	3.9902043342360566e-01
3.7968750000000001e-01	4.0053475760336421e-01
3.8281250000000000e-01	4.0205083045294432e-01
3.8593750000000004e-01	4.0356865081914828e-01
3.8906250000000003e-01	4.0508821756466573e-01
3.9218750000000002e-01	4.0660952956449853e-01
3.9531250000000001e-01	4.0813258570235667e-01
3.9843750000000000e-01	4.0965738486702913e-01
4.0156250000000004e-01	4.1118392594872916e-01
4.0468750000000003e-01	4.1271220783541596e-01
4.0781250000000002e-01	4.1424222940909317e-01
4.1093750000000001e-01	4.1577398954208550e-01
4.1406250000000000e-01	4.1730748709329502e-01
4.1718750000000004e-01	4.1884272090443697e-01
4.2031250000000003e-01	4.2037968979625812e-01
4.2343750000000002e-01	4.2191839256473662e-01
4.2656250000000001e-01	4.2345882797726520e-01
4.2968750000000000e-01	4.2500099476882147e-01
4.3281250000000004e-01	4.2654489163812054e-01
4.3593750000000003e-01	4.2809051724375785e-01
4.3906250000000002e-01	4.2963787020033822e-01
4.4218750000000001e-01	4.3118694907459459e-01
4.4531250000000000e-01	4.3273775238149853e-01
4.4843750000000004e-01	4.3429027858035962e-01
4.5156250000000003e-01	4.3584452607092061e-01
4.5468750000000002e-01	4.3740049318944446e-01
4.5781250000000001e-01	4.3895817820479760e-01
4.6093750000000000e-01	4.4051757931452845e-01
4.6406250000000004e-01	4.4207869464094462e-01
4.6718750000000003e-01	4.4364152222718800e-01
4.7031250000000002e-01	4.4520606003330965e-01
4.7343750000000001e-01	4.4677230593234663e-01
4.7656250000000000e-01	4.4834025770639896e-01
4.7968750000000004e-01	4.4990991304271294e-01
4.8281250000000003e-01	4.5148126952976669e-01
4.8593750000000002e-01	4.5305432465336243e-01
4.8906250000000001e-01	4.5462907579272577e-01
4.9218750000000000e-01	4.5620552021661331e-01
4.9531250000000004e-01	4.5778365507942886e-01
4.9843750000000003e-01	4.5936347741735173e-01
5.0156250000000002e-01	4.6094498414447499e-01
5.0468750000000007e-01	4.6252817204895830e-01
5.0781250000000000e-01	4.6411303778919405e-01
5.1093750000000004e-01	4.6569957788998867e-01
5.1406249999999998e-01	4.6728778873876203e-01
5.1718750000000002e-01	4.6887766658176255e-01
5.2031250000000007e-01	4.7046920752030263e-01
5.2343750000000000e-01	4.7206240750701323e-01
5.2656250000000004e-01	4.7365726234212091e-01
5.2968749999999998e-01	4.7525376766974675e-01
5.3281250000000002e-01	4.7685191897422835e-01
5.3593750000000007e-01	4.7845171157646732e-01
5.3906250000000000e-01	4.8005314063030302e-01
5.4218750000000004e-01	4.8165620111891222e-01
5.4531249999999998e-01	4.8326088785123833e-01
5.4843750000000002e-01	4.8486719545844975e-01
5.5156250000000007e-01	4.8647511839042729e-01
5.5468750000000000e-01	4.8808465091228581e-01
5.5781250000000004e-01	4.8969578710092670e-01
5.6093749999999998e-01	4.9130852084162435e-01
5.6406250000000002e-01	4.9292284582464907e-01
5.6718750000000007e-01	4.9453875554192495e-01
5.7031250000000000e-01	4.9615624328372426e-01
5.7343750000000004e-01	4.9777530213540255e-01
5.7656249999999998e-01	4.9939592497416979e-01
5.7968750000000002e-01	5.0101810446590545e-01
5.8281250000000007e-01	5.0264183306201149e-01
5.8593750000000000e-01	5.0426710299631072e-01
5.8906250000000004e-01	5.0589390628198749e-01
5.9218749999999998e-01	5.0752223470857205e-01
5.9531250000000002e-01	5.0915207983897248e-01
5.9843750000000007e-01	5.1078343300655160e-01
6.0156250000000000e-01	5.1241628531225103e-01
6.0468750000000004e-01	5.1405062762176601e-01
6.0781250000000009e-01	5.1568645056276652e-01
6.1093750000000002e-01	5.1732374452217189e-01
6.1406250000000007e-01	5.1896249964347430e-01
6.1718750000000000e-01	5.2060270582411572e-01
6.2031250000000004e-01	5.2224435271291780e-01
6.2343750000000009e-01	5.2388742970756585e-01
6.2656250000000002e-01	5.2553192595214671e-01
6.2968750000000007e-01	5.2717783033474441e-01
6.3281250000000000e-01	5.2882513148509047e-01
6.3593750000000004e-01	5.3047381777227265e-01
6.3906250000000009e-01	5.3212387730250166e-01
6.4218750000000002e-01	5.3377529791693656e-01
6.4531250000000007e-01	5.3542806718957081e-01
6.4843750000000000e-01	5.3708217242517864e-01
6.5156250000000004e-01	5.3873760065732157e-01
6.5468750000000009e-01	5.4039433864641895e-01
6.5781250000000002e-01	5.4205237287788000e-01
6.6093750000000007e-01	5.4371168956029914e-01
6.6406250000000000e-01	5.4537227462371662e-01
6.6718750000000004e-01	5.4703411371794297e-01
6.7031250000000009e-01	5.4869719221094948e-01
6.7343750000000002e-01	5.5036149518732347e-01
6.7656250000000007e-01	5.5202700744679334e-01
6.7968750000000000e-01	5.5369371350281671e-01
6.8281250000000004e-01	5.5536159758124026e-01
6.8593750000000009e-01	5.5703064361902477e-01
6.8906250000000002e-01	5.5870083526304226e-01
6.9218750000000007e-01	5.6037215586893951e-01
6.9531250000000000e-01	5.6204458850007355e-01
6.9843750000000004e-01	5.6371811592651710e-01
7.0156250000000009e-01	5.6539272062413415e-01
7.0468750000000002e-01	5.6706838477372834e-01
7.0781250000000007e-01	5.6874509026026121e-01
7.1093750000000000e-01	5.7042281867214417e-01
7.1406250000000004e-01	5.7210155130060181e-01
7.1718750000000009e-01	5.7378126913910898e-01
7.2031250000000002e-01	5.7546195288290047e-01
7.2343750000000007e-01	5.7714358292855406e-01
7.2656250000000000e-01	5.7882613937364757e-01
7.2968750000000004e-01	5.8050960201649049e-01
7.3281250000000009e-01	5.8219395035592880e-01
7.3593750000000002e-01	5.8387916359122560e-01
7.3906250000000007e-01	5.8556522062201488e-01
7.4218750000000000e-01	5.8725210004833195e-01
7.4531250000000004e-01	5.8893978017071780e-01
7.4843750000000009e-01	5.9062823899039862e-01
7.5156250000000002e-01	5.9231745420954207e-01
7.5468750000000007e-01	5.9400740323158696e-01
7.5781250000000000e-01	5.9569806316165019e-01
7.6093750000000004e-01	5.9738941080700836e-01
7.6406250000000009e-01	5.9908142267765518e-01
7.6718750000000002e-01	6.0077407498693502e-01
7.7031250000000007e-01	6.0246734365225130e-01
7.7343750000000000e-01	6.0416120429585130e-01
7.7656250000000004e-01	6.0585563224568539e-01
7.7968750000000009e-01	6.0755060253634341e-01
7.8281250000000002e-01	6.0924608991006524e-01
7.8593750000000007e-01	6.1094206881782687e-01
7.8906250000000000e-01	6.1263851342050168e-01
7.9218750000000004e-01	6.1433539759009737e-01
7.9531250000000009e-01	6.1603269491106671e-01
7.9843750000000002e-01	6.1773037868169323e-01
8.0156250000000007e-01	6.1942842191555214e-01
8.0468750000000000e-01	6.2112679734304410e-01
8.0781250000000004e-01	6.2282547741300476e-01
8.1093750000000009e-01	6.2452443429438587e-01
8.1406250000000002e-01	6.2622363987801033e-01
8.1718750000000007e-01	6.2792306577840129e-01
8.2031250000000000e-01	6.2962268333568316e-01
8.2343750000000004e-01	6.3132246361755462e-01
8.2656250000000009e-01	6.3302237742133549e-01
8.2968750000000002e-01	6.3472239527608187e-01
8.3281250000000007e-01	6.3642248744477514e-01
8.3593750000000000e-01	6.3812262392657904e-01
8.3906250000000004e-01	6.3982277445917157e-01
8.4218750000000009e-01	6.4152290852114047e-01
8.4531250000000002e-01	6.4322299533445393e-01
8.4843750000000007e-01	6.4492300386699508e-01
8.5156250000000000e-01	6.4662290283516677e-01
8.5468750000000004e-01	6.4832266070656586e-01
8.5781250000000009e-01	6.5002224570272038e-01
8.6093750000000002e-01	6.5172162580189652e-01
8.6406250000000007e-01	6.5342076874197008e-01
8.6718750000000000e-01	6.5511964202336359e-01
8.7031250000000004e-01	6.5681821291204712e-01
8.7343750000000009e-01	6.5851644844260349e-01
8.7656250000000002e-01	6.6021431542135744e-01
8.7968750000000007e-01	6.6191178042956655e-01
8.8281250000000000e-01	6.6360880982667281e-01
8.8593750000000004e-01	6.6530536975361743e-01
8.8906250000000009e-01	6.6700142613621505e-01
8.9218750000000002e-01	6.6869694468858654e-01
8.9531250000000007e-01	6.7039189091665097e-01
8.9843750000000000e-01	6.7208623012167756e-01
9.0156250000000004e-01	6.7377992740389092e-01
9.0468750000000009e-01	6.7547294766613630e-01
9.0781250000000002e-01	6.7716525561759711e-01
9.1093750000000007e-01	6.7885681577757029e-01
9.1406250000000000e-01	6.8054759247929153e-01
9.1718750000000004e-01	6.8223754987381724e-01
9.2031250000000009e-01	6.8392665193395552e-01
9.2343750000000002e-01	6.8561486245824943e-01
9.2656250000000007e-01	6.8730214507500964e-01
9.2968750000000000e-01	6.8898846324639762e-01
9.3281250000000004e-01	6.9067378027255466e-01
9.3593750000000009e-01	6.9235805929577965e-01
9.3906250000000002e-01	6.9404126330475380e-01
9.4218750000000007e-01	6.9572335513880812e-01
9.4531250000000000e-01	6.9740429749223687e-01
9.4843750000000004e-01	6.9908405291865472e-01
9.5156250000000009e-01	7.0076258383539447e-01
9.5468750000000002e-01	7.0243985252794550e-01
9.5781250000000007e-01	7.0411582115443561e-01
9.6093750000000000e-01	7.0579045175014798e-01
9.6406250000000004e-01	7.0746370623207833e-01
9.6718750000000009e-01	7.0913554640352827e-01
9.7031250000000002e-01	7.1080593395873426e-01
9.7343750000000007e-01	7.1247483048753169e-01
9.7656250000000000e-01	7.1414219748005270e-01
9.7968750000000004e-01	7.1580799633145531e-01
9.8281250000000009e-01	7.1747218834668536e-01
9.8593750000000002e-01	7.1913473474526768e-01
9.8906250000000007e-01	7.2079559666612780e-01
9.9218750000000000e-01	7.2245473517243819e-01
9.9531250000000004e-01	7.2411211125649588e-01
9.9843750000000009e-01	7.2576768584462292e-01
1.0015625000000001e+00	7.2742141980209074e-01
1.0046875000000000e+00	7.2907247477536297e-01
1.0078125000000000e+00	7.3072159162182238e-01
1.0109375000000000e+00	7.3236873062956187e-01
1.0140625000000001e+00	7.3401385203691061e-01
1.0171875000000001e+00	7.3565691603730776e-01
1.0203125000000000e+00	7.3729788278419128e-01
1.0234375000000000e+00	7.3893671239590020e-01
1.0265625000000000e+00	7.4057336496058834e-01
1.0296875000000001e+00	7.4220780054115232e-01
1.0328125000000001e+00	7.4383997918016775e-01
1.0359375000000000e+00	7.4546986090483314e-01
1.0390625000000000e+00	7.4709740573192529e-01
1.0421875000000000e+00	7.4872257367275696e-01
1.0453125000000001e+00	7.5034532473814330e-01
1.0484375000000001e+00	7.5196561894336988e-01
1.0515625000000000e+00	7.5358341631316517e-01
1.0546875000000000e+00	7.5519867688667364e-01
1.0578125000000000e+00	7.5681136072242949e-01
1.0609375000000001e+00	7.5842142790332967e-01
1.0640625000000001e+00	7.6002883854160486e-01
1.0671875000000000e+00	7.6163355278378708e-01
1.0703125000000000e+00	7.6323553081567264e-01
1.0734375000000000e+00	7.6483473286727954e-01
1.0765625000000001e+00	7.6643111921779739e-01
1.0796875000000001e+00	7.6802465020053079e-01
1.0828125000000000e+00	7.6961528620783126e-01
1.0859375000000000e+00	7.7120298769601991e-01
1.0890625000000000e+00	7.7278771519029787e-01
1.0921875000000001e+00	7.7436942928964503e-01
1.0953125000000001e+00	7.7594809067170167e-01
1.0984375000000000e+00	7.7752366009763796e-01
1.1015625000000000e+00	7.7909609841700556e-01
1.1046875000000000e+00	7.8066536657257102e-01
1.1078125000000001e+00	7.8223142560513270e-01
1.1109375000000001e+00	7.8379423665831338e-01
1.1140625000000000e+00	7.8535376098333609e-01
1.1171875000000000e+00	7.8690995994377588e-01
1.1203125000000000e+00	7.8846279502028771e-01
1.1234375000000001e+00	7.9001222781531033e-01
1.1265625000000001e+00	7.9155822005774445e-01
1.1296875000000000e+00	7.9310073360760414e-01
1.1328125000000000e+00	7.9463973046064051e-01
1.1359375000000000e+00	7.9617517275293592e-01
1.1390625000000001e+00	7.9770702276546790e-01
1.1421875000000001e+00	7.9923524292864445e-01
1.1453125000000000e+00	8.0075979582680146e-01
1.1484375000000000e+00	8.0228064420267431e-01
1.1515625000000000e+00	8.0379775096182904e-01
1.1546875000000001e+00	8.0531107917706046e-01
1.1578125000000001e+00	8.0682059209275536e-01
1.1609375000000000e+00	8.0832625312921524e-01
1.1640625000000000e+00	8.0982802588694303e-01
1.1671875000000000e+00	8.1132587415088997e-01
1.1703125000000001e+00	8.1281976189466099e-01
1.1734375000000001e+00	8.1430965328467975e-01
1.1765625000000000e+00	8.1579551268431194e-01
1.1796875000000000e+00	8.1727730465794390e-01
1.1828125000000000e+00	8.1875499397501827e-01
1.1859375000000001e+00	8.2022854561402370e-01
1.1890625000000001e+00	8.2169792476643999e-01
1.1921875000000000e+00	8.2316309684063449e-01
1.1953125000000000e+00	8.2462402746571228e-01
1.1984375000000000e+00	8.2608068249531730e-01
1.2015625000000001e+00	8.2753302801138340e-01
1.2046875000000001e+00	8.2898103032783654e-01
1.2078125000000002e+00	8.3042465599424464e-01
1.2109375000000000e+00	8.3186387179941668e-01
1.2140625000000000e+00	8.3329864477494742e-01
1.2171875000000001e+00	8.3472894219871052e-01
1.2203125000000001e+00	8.3615473159829734e-01
1.2234375000000002e+00	8.3757598075439810e-01
1.2265625000000000e+00	8.3899265770413312e-01
1.2296875000000000e+00	8.4040473074432021e-01
1.2328125000000001e+00	8.4181216843469164e-01
1.2359375000000001e+00	8.4321493960104987e-01
1.2390625000000002e+00	8.4461301333836547e-01
1.2421875000000000e+00	8.4600635901381616e-01
1.2453125000000000e+00	8.4739494626976775e-01
1.2484375000000001e+00	8.4877874502669104e-01
1.2515625000000001e+00	8.5015772548602297e-01
1.2546875000000002e+00	8.5153185813296084e-01
1.2578125000000000e+00	8.5290111373919941e-01
1.2609375000000000e+00	8.5426546336560305e-01
1.2640625000000001e+00	8.5562487836481427e-01
1.2671875000000001e+00	8.5697933038380070e-01
1.2703125000000002e+00	8.5832879136633622e-01
1.2734375000000000e+00	8.5967323355541925e-01
1.2765625000000000e+00	8.6101262949562407e-01
1.2796875000000001e+00	8.6234695203538825e-01
1.2828125000000001e+00	8.6367617432923460e-01
1.2859375000000002e+00	8.6500026983992506e-01
1.2890625000000000e+00	8.6631921234054965e-01
1.2921875000000000e+00	8.6763297591654764e-01
1.2953125000000001e+00	8.6894153496766235e-01
1.2984375000000001e+00	8.7024486420982672e-01
1.3015625000000002e+00	8.7154293867698251e-01
1.3046875000000000e+00	8.7283573372282974e-01
1.3078125000000000e+00	8.7412322502251039e-01
1.3109375000000001e+00	8.7540538857421868e-01
1.3140625000000001e+00	8.7668220070074754e-01
1.3171875000000002e+00	8.7795363805096194e-01
1.3203125000000000e+00	8.7921967760120501e-01
1.3234375000000000e+00	8.8048029665663341e-01
1.3265625000000001e+00	8.8173547285248344e-01
1.3296875000000001e+00	8.8298518415526694e-01
1.3328125000000002e+00	8.8422940886389756e-01
1.3359375000000000e+00	8.8546812561074673e-01
1.3390625000000000e+00	8.8670131336262870e-01
1.3421875000000001e+00	8.8792895142171668e-01
1.3453125000000001e+00	8.8915101942638697e-01
1.3484375000000002e+00	8.9036749735199361e-01
1.3515625000000000e+00	8.9157836551157299e-01
1.3546875000000000e+00	8.9278360455647687e-01
1.3578125000000001e+00	8.9398319547693550e-01
1.3609375000000001e+00	8.9517711960255086e-01
1.3640625000000002e+00	8.9636535860271915e-01
1.3671875000000000e+00	8.9754789448698269e-01
1.3703125000000000e+00	8.9872470960531126e-01
1.3734375000000001e+00	8.9989578664831549e-01
1.3765625000000001e+00	9.0106110864738775e-01
1.3796875000000002e+00	9.0222065897477477e-01
1.3828125000000000e+00	9.0337442134357948e-01
1.3859375000000000e+00	9.0452237980769501e-01
1.3890625000000001e+00	9.0566451876166698e-01
1.3921875000000001e+00	9.0680082294049003e-01
1.3953125000000002e+00	9.0793127741933088e-01
1.3984375000000000e+00	9.0905586761318780e-01
1.4015625000000000e+00	9.1017457927647838e-01
1.4046875000000001e+00	9.1128739850255991e-01
1.4078125000000001e+00	9.1239431172318208e-01
1.4109375000000002e+00	9.1349530570787274e-01
1.4140625000000000e+00	9.1459036756325618e-01
1.4171875000000000e+00	9.1567948473230298e-01
1.4203125000000001e+00	9.1676264499351667e-01
1.4234375000000001e+00	9.1783983646005063e-01
1.4265625000000002e+00	9.1891104757876196e-01
1.4296875000000000e+00	9.1997626712919911e-01
1.4328125000000000e+00	9.2103548422252324e-01
1.4359375000000001e+00	9.2208868830036850e-01
1.4390625000000001e+00	9.2313586913363355e-01
1.4421875000000002e+00	9.2417701682121400e-01
1.4453125000000000e+00	9.2521212178866874e-01
1.4484375000000000e+00	9.2624117478682522e-01
1.4515625000000001e+00	9.2726416689032154e-01
1.4546875000000001e+00	9.2828108949608790e-01
1.4578125000000002e+00	9.2929193432176627e-01
1.4609375000000000e+00	9.3029669340406951e-01
1.4640625000000000e+00	9.3129535909708161e-01
1.4671875000000001e+00	9.3228792407049677e-01
1.4703125000000001e+00	9.3327438130780083e-01
1.4734375000000002e+00	9.3425472410439447e-01
1.4765625000000000e+00	9.3522894606565887e-01
1.4796875000000000e+00	9.3619704110496293e-01
1.4828125000000001e+00	9.3715900344161607e-01
1.4859375000000001e+00	9.3811482759876486e-01
1.4890625000000002e+00	9.3906450840123346e-01
1.4921875000000000e+00	9.4000804097331048e-01
1.4953125000000000e+00	9.4094542073648268e-01
1.4984375000000001e+00	9.4187664340711486e-01
1.5015625000000001e+00	9.4280170499407756e-01
1.5046875000000002e+00	9.4372060179632344e-01
1.5078125000000000e+00	9.4463333040041286e-01
1.5109375000000000e+00	9.4553988767798824e-01
1.5140625000000001e+00	9.4644027078320070e-01
1.5171875000000001e+00	9.4733447715008767e-01
1.5203125000000002e+00	9.4822250448990120e-01
1.5234375000000000e+00	9.4910435078839139e-01
1.5265625000000000e+00	9.4998001430304091e-01
1.5296875000000001e+00	9.5084949356025750e-01
1.5328125000000001e+00	9.5171278735251741e-01
1.5359375000000002e+00	9.5256989473546894e-01
1.5390625000000000e+00	9.5342081502499165e-01
1.5421875000000000e+00	9.5426554779421069e-01
1.5453125000000001e+00	9.5510409287047426e-01
1.5484375000000001e+00	9.5593645033228702e-01
1.5515625000000002e+00	9.5676262050620531e-01
1.5546875000000000e+00	9.5758260396369355e-01
1.5578125000000000e+00	9.5839640151794059e-01
1.5609375000000001e+00	9.5920401422064339e-01
1.5640625000000001e+00	9.6000544335874882e-01
1.5671875000000002e+00	9.6080069045116567e-01
1.5703125000000000e+00	9.6158975724543672e-01
1.5734375000000000e+00	9.6237264571438241e-01
1.5765625000000001e+00	9.6314935805270852e-01
1.5796875000000001e+00	9.6391989667358324e-01
1.5828125000000002e+00	9.6468426420518205e-01
1.5859375000000000e+00	9.6544246348720597e-01
1.5890625000000000e+00	9.6619449756736642e-01
1.5921875000000001e+00	9.6694036969784647e-01
1.5953125000000001e+00	9.6768008333173072e-01
1.5984375000000002e+00	9.6841364211941261e-01
1.6015625000000000e+00	9.6914104990497363e-01
1.6046875000000000e+00	9.6986231072254026e-01
1.6078125000000001e+00	9.7057742879261633e-01
1.6109375000000001e+00	9.7128640851839332e-01
1.6140625000000002e+00	9.7198925448203977e-01
1.6171875000000000e+00	9.7268597144096836e-01
1.6203125000000000e+00	9.7337656432408659e-01
1.6234375000000001e+00	9.7406103822802514e-01
1.6265625000000001e+00	9.7473939841335122e-01
1.6296875000000002e+00	9.7541165030076515e-01
1.6328125000000000e+00	9.7607779946727902e-01
1.6359375000000000e+00	9.7673785164238303e-01
1.6390625000000001e+00	9.7739181270419773e-01
1.6421875000000001e+00	9.7803968867561220e-01
1.6453125000000002e+00	9.7868148572041047e-01
1.6484375000000000e+00	9.7931721013938910e-01
1.6515625000000000e+00	9.7994686836646250e-01
1.6546875000000001e+00	9.8057046696476113e-01
1.6578125000000001e+00	9.8118801262271993e-01
1.6609375000000002e+00	9.8179951215016181e-01
1.6640625000000000e+00	9.8240497247437342e-01
1.6671875000000000e+00	9.8300440063617767e-01
1.6703125000000001e+00	9.8359780378599859e-01
1.6734375000000001e+00	9.8418518917992892e-01
1.6765625000000002e+00	9.8476656417578945e-01
1.6796875000000000e+00	9.8534193622919197e-01
1.6828125000000000e+00	9.8591131288959843e-01
1.6859375000000001e+00	9.8647470179638308e-01
1.6890625000000001e+00	9.8703211067489627e-01
1.6921875000000002e+00	9.8758354733252895e-01
1.6953125000000000e+00	9.8812901965478350e-01
1.6984375000000000e+00	9.8866853560134593e-01
1.7015625000000001e+00	9.8920210320216773e-01
1.7046875000000001e+00	9.8972973055354951e-01
1.7078125000000002e+00	9.9025142581423642e-01
1.7109375000000000e+00	9.9076719720151807e-01
1.7140625000000000e+00	9.9127705298733992e-01
1.7171875000000001e+00	9.9178100149442494e-01
1.7203125000000001e+00	9.9227905109240577e-01
1.7234375000000002e+00	9.9277121019396775e-01
1.7265625000000000e+00	9.9325748725100793e-01
1.7296875000000000e+00	9.9373789075080410e-01
1.7328125000000001e+00	9.9421242921220254e-01
1.7359375000000001e+00	9.9468111118181735e-01
1.7390625000000002e+00	9.9514394523025151e-01
1.7421875000000000e+00	9.9560093994832799e-01
1.7453125000000000e+00	9.9605210394334787e-01
1.7484375000000001e+00	9.9649744583536026e-01
1.7515625000000001e+00	9.9693697425345695e-01
1.7546875000000002e+00	9.9737069783208609e-01
1.7578125000000000e+00	9.9779862520738771e-01
1.7609375000000000e+00	9.9822076501355206e-01
1.7640625000000001e+00	9.9863712587920217e-01
1.7671875000000001e+00	9.9904771642380041e-01
1.7703125000000002e+00	9.9945254525407945e-01
1.7734375000000000e+00	9.9985162096049940e-01
1.7765625000000000e+00	1.0002449521137335e+00
1.7796875000000001e+00	1.0006325472611795e+00
1.7828125000000001e+00	1.0010144149234994e+00
1.7859375000000002e+00	1.0013905635911915e+00
1.7890625000000000e+00	1.0017610017211873e+00
1.7921875000000000e+00	1.0021257377334842e+00
1.7953125000000001e+00	1.0024847800078076e+00
1.7984375000000001e+00	1.0028381368803052e+00
1.8015625000000002e+00	1.0031858166402741e+00
1.8046875000000000e+00	1.0035278275269233e+00
1.8078125000000000e+00	1.0038641777261705e+00
1.8109375000000001e+00	1.0041948753674725e+00
1.8140625000000001e+00	1.0045199285206938e+00
1.8171875000000002e+00	1.0048393451930113e+00
1.8203125000000000e+00	1.0051531333258554e+00
1.8234375000000000e+00	1.0054613007918911e+00
1.8265625000000001e+00	1.0057638553920381e+00
1.8296875000000001e+00	1.0060608048525266e+00
1.8328125000000002e+00	1.0063521568220000e+00
1.8359375000000000e+00	1.0066379188686518e+00
1.8390625000000000e+00	1.0069180984774098e+00
1.8421875000000001e+00	1.0071927030471568e+00
1.8453125000000001e+00	1.0074617398880004e+00
1.8484375000000002e+00	1.0077252162185801e+00
1.8515625000000000e+00	1.0079831391634240e+00
1.8546875000000000e+00	1.0082355157503446e+00
1.8578125000000001e+00	1.0084823529078863e+00
1.8609375000000001e+00	1.0087236574628131e+00
1.8640625000000002e+00	1.0089594361376453e+00
1.8671875000000000e+00	1.0091896955482422e+00
1.8703125000000000e+00	1.0094144422014355e+00
1.8734375000000001e+00	1.0096336824927048e+00
1.8765625000000001e+00	1.0098474227039080e+00
1.8796875000000002e+00	1.0100556690010569e+00
1.8828125000000000e+00	1.0102584274321424e+00
1.8859375000000000e+00	1.0104557039250130e+00
1.8890625000000001e+00	1.0106475042853011e+00
1.8921875000000001e+00	1.0108338341944005e+00
1.8953125000000002e+00	1.0110146992074971e+00
1.8984375000000000e+00	1.0111901047516501e+00
1.9015625000000000e+00	1.0113600561239264e+00
1.9046875000000001e+00	1.0115245584895873e+00
1.9078125000000001e+00	1.0116836168803305e+00
1.9109375000000002e+00	1.0118372361925818e+00
1.9140625000000000e+00	1.0119854211858450e+00
1.9171875000000000e+00	1.0121281764811052e+00
1.9203125000000001e+00	1.0122655065592838e+00
1.9234375000000001e+00	1.0123974157597546e+00
1.9265625000000002e+00	1.0125239082789090e+00
1.9296875000000000e+00	1.0126449881687836e+00
1.9328125000000000e+00	1.0127606593357374e+00
1.9359375000000001e+00	1.0128709255391926e+00
1.9390625000000001e+00	1.0129757903904255e+00
1.9421875000000002e+00	1.0130752573514186e+00
1.9453125000000000e+00	1.0131693297337707e+00
1.9484375000000000e+00	1.0132580106976605e+00
1.9515625000000001e+00	1.0133413032508736e+00
1.9546875000000001e+00	1.0134192102478827e+00
1.9578125000000002e+00	1.0134917343889902e+00
1.9609375000000000e+00	1.0135588782195257e+00
1.9640625000000000e+00	1.0136206441291067e+00
1.9671875000000001e+00	1.0136770343509542e+00
1.9703125000000001e+00	1.0137280509612712e+00
1.9734375000000002e+00	1.0137736958786754e+00
1.9765625000000000e+00	1.0138139708636988e+00
1.9796875000000000e+00	1.0138488775183410e+00
1.9828125000000001e+00	1.0138784172856827e+00
1.9859375000000001e+00	1.0139025914495647e+00
1.9890625000000002e+00	1.0139214011343194e+00
1.9921875000000000e+00	1.0139348473045675e+00
1.9953125000000000e+00	1.0139429307650745e+00
1.9984375000000001e+00	1.0139456521606640e+00
2.0015624999999999e+00	1.0139430119761970e+00
2.0046875000000002e+00	1.0139339317463067e+00
2.0078125000000000e+00	1.0139194896586976e+00
2.0109375000000003e+00	1.0138996851560265e+00
2.0140625000000001e+00	1.0138745175210109e+00
2.0171874999999999e+00	1.0138439858764994e+00
2.0203125000000002e+00	1.0138080891856049e+00
2.0234375000000000e+00	1.0137668262518944e+00
2.0265625000000003e+00	1.0137201957196420e+00
2.0296875000000001e+00	1.0136681960741396e+00
2.0328124999999999e+00	1.0136108256420702e+00
2.0359375000000002e+00	1.0135480825919392e+00
2.0390625000000000e+00	1.0134799649345652e+00
2.0421875000000003e+00	1.0134064705236321e+00
2.0453125000000001e+00	1.0133275970563000e+00
2.0484374999999999e+00	1.0132433420738738e+00
2.0515625000000002e+00	1.0131537029625330e+00
2.0546875000000000e+00	1.0130586769541206e+00
2.0578125000000003e+00	1.0129582611269872e+00
2.0609375000000001e+00	1.0128524524068987e+00
2.0640624999999999e+00	1.0127412475679991e+00
2.0671875000000002e+00	1.0126246432338308e+00
2.0703125000000000e+00	1.0125026358784150e+00
2.0734375000000003e+00	1.0123752218273891e+00
2.0765625000000001e+00	1.0122423972591990e+00
2.0796874999999999e+00	1.0121041582063510e+00
2.0828125000000002e+00	1.0119605005567209e+00
2.0859375000000000e+00	1.0118114200549151e+00
2.0890625000000003e+00	1.0116569123036943e+00
2.0921875000000001e+00	1.0114969727654455e+00
2.0953124999999999e+00	1.0113315967637162e+00
2.0984375000000002e+00	1.0111607794847994e+00
2.1015625000000000e+00	1.0109845159793736e+00
2.1046875000000003e+00	1.0108028011641994e+00
2.1078125000000001e+00	1.0106156298238680e+00
2.1109374999999999e+00	1.0104229966126019e+00
2.1140625000000002e+00	1.0102248960561129e+00
2.1171875000000000e+00	1.0100213225535082e+00
2.1203125000000003e+00	1.0098122703792509e+00
2.1234375000000001e+00	1.0095977336851727e+00
2.1265624999999999e+00	1.0093777065025358e+00
2.1296875000000002e+00	1.0091521827441488e+00
2.1328125000000000e+00	1.0089211562065274e+00
2.1359375000000003e+00	1.0086846205721129e+00
2.1390625000000001e+00	1.0084425694115320e+00
2.1421874999999999e+00	1.0081949961859109e+00
2.1453125000000002e+00	1.0079418942492349e+00
2.1484375000000000e+00	1.0076832568507563e+00
2.1515625000000003e+00	1.0074190771374505e+00
2.1546875000000001e+00	1.0071493481565175e+00
2.1578124999999999e+00	1.0068740628579296e+00
2.1609375000000002e+00	1.0065932140970255e+00
2.1640625000000000e+00	1.0063067946371480e+00
2.1671875000000003e+00	1.0060147971523270e+00
2.1703125000000001e+00	1.0057172142300050e+00
2.1734374999999999e+00	1.0054140383738082e+00
2.1765625000000002e+00	1.0051052620063559e+00
2.1796875000000000e+00	1.0047908774721153e+00
2.1828125000000003e+00	1.0044708770402972e+00
2.1859375000000001e+00	1.0041452529077881e+00
2.1890624999999999e+00	1.0038139972021287e+00
2.1921875000000002e+00	1.0034771019845243e+00
2.1953125000000000e+00	1.0031345592529008e+00
2.1984375000000003e+00	1.0027863609449927e+00
2.2015625000000001e+00	1.0024324989414701e+00
2.2046874999999999e+00	1.0020729650691045e+00
2.2078125000000002e+00	1.0017077511039656e+00
2.2109375000000000e+00	1.0013368487746561e+00
2.2140625000000003e+00	1.0009602497655803e+00
2.2171875000000001e+00	1.0005779457202455e+00
2.2203124999999999e+00	1.0001899282445954e+00
2.2234375000000002e+00	9.9979618891037725e-01
2.2265625000000000e+00	9.9939671925853757e-01
2.2296875000000003e+00	9.9899151080265014e-01
2.2328125000000001e+00	9.9858055503237375e-01
2.2359374999999999e+00	9.9816384341693565e-01
2.2390625000000002e+00	9.9774136740864694e-01
2.2421875000000000e+00	9.9731311844644277e-01
2.2453125000000003e+00	9.9687908795944746e-01
2.2484375000000001e+00	9.9643926737056876e-01
2.2515624999999999e+00	9.9599364810011393e-01
2.2546875000000002e+00	9.9554222156943040e-01
2.2578125000000000e+00	9.9508497920456906e-01
2.2609375000000003e+00	9.9462191243997000e-01
2.2640625000000001e+00	9.9415301272216894e-01
2.2671874999999999e+00	9.9367827151352517e-01
2.2703125000000002e+00	9.9319768029596811e-01
2.2734375000000000e+00	9.9271123057476107e-01
2.2765625000000003e+00	9.9221891388228489e-01
2.2796875000000001e+00	9.9172072178183868e-01
2.2828124999999999e+00	9.9121664587145453e-01
2.2859375000000002e+00	9.9070667778772692e-01
2.2890625000000000e+00	9.9019080920965963e-01
2.2921875000000003e+00	9.8966903186252153e-01
2.2953125000000001e+00	9.8914133752171862e-01
2.2984374999999999e+00	9.8860771801667358e-01
2.3015625000000002e+00	9.8806816523472030e-01
2.3046875000000000e+00	9.8752267112500269e-01
2.3078125000000003e+00	9.8697122770238566e-01
2.3109375000000001e+00	9.8641382705137393e-01
2.3140624999999999e+00	9.8585046133003429e-01
2.3171875000000002e+00	9.8528112277392788e-01
2.3203125000000000e+00	9.8470580370004257e-01
2.3234375000000003e+00	9.8412449651073508e-01
2.3265625000000001e+00	9.8353719369766868e-01
2.3296874999999999e+00	9.8294388784576048e-01
2.3328125000000002e+00	9.8234457163712274e-01
2.3359375000000000e+00	9.8173923785501083e-01
2.3390625000000003e+00	9.8112787938776380e-01
2.3421875000000001e+00	9.8051048923274764e-01
2.3453124999999999e+00	9.7988706050029462e-01
2.3484375000000002e+00	9.7925758641763694e-01
2.3515625000000000e+00	9.7862206033283827e-01
2.3546875000000003e+00	9.7798047571871716e-01
2.3578125000000001e+00	9.7733282617676587e-01
2.3609374999999999e+00	9.7667910544105929e-01
2.3640625000000002e+00	9.7601930738215670e-01
2.3671875000000000e+00	9.7535342601099373e-01
2.3703125000000003e+00	9.7468145548276275e-01
2.3734375000000001e+00	9.7400339010078230e-01
2.3765624999999999e+00	9.7331922432035489e-01
2.3796875000000002e+00	9.7262895275260841e-01
2.3828125000000000e+00	9.7193257016832701e-01
2.3859375000000003e+00	9.7123007150176199e-01
2.3890625000000001e+00	9.7052145185443073e-01
2.3921874999999999e+00	9.6980670649889378e-01
2.3953125000000002e+00	9.6908583088251821e-01
2.3984375000000000e+00	9.6835882063121792e-01
2.4015625000000003e+00	9.6762567155317436e-01
2.4046875000000001e+00	9.6688637964253710e-01
2.4078125000000004e+00	9.6614094108310233e-01
2.4109375000000002e+00	9.6538935225196543e-01
2.4140625000000000e+00	9.6463160972315332e-01
2.4171875000000003e+00	9.6386771027122897e-01
2.4203125000000001e+00	9.6309765087487031e-01
2.4234375000000004e+00	9.6232142872042381e-01
2.4265625000000002e+00	9.6153904120542699e-01
2.4296875000000000e+00	9.6075048594210588e-01
2.4328125000000003e+00	9.5995576076083955e-01
2.4359375000000001e+00	9.5915486371359604e-01
2.4390625000000004e+00	9.5834779307733542e-01
2.4421875000000002e+00	9.5753454735738130e-01
2.4453125000000000e+00	9.5671512529075797e-01
2.4484375000000003e+00	9.5588952584949372e-01
2.4515625000000001e+00	9.5505774824388900e-01
2.4546875000000004e+00	9.5421979192574879e-01
2.4578125000000002e+00	9.5337565659157675e-01
2.4609375000000000e+00	9.5252534218573370e-01
2.4640625000000003e+00	9.5166884890355397e-01
2.4671875000000001e+00	9.5080617719442628e-01
2.4703125000000004e+00	9.4993732776483109e-01
2.4734375000000002e+00	9.4906230158133775e-01
2.4765625000000000e+00	9.4818109987355859e-01
2.4796875000000003e+00	9.4729372413706281e-01
2.4828125000000001e+00	9.4640017613624283e-01
2.4859375000000004e+00	9.4550045790713921e-01
2.4890625000000002e+00	9.4459457176021733e-01
2.4921875000000000e+00	9.4368252028310051e-01
2.4953125000000003e+00	9.4276430634325403e-01
2.4984375000000001e+00	9.4183993309062386e-01
2.5015625000000004e+00	9.4090940396022238e-01
2.5046875000000002e+00	9.3997272267467114e-01
2.5078125000000000e+00	9.3902989324668729e-01
2.5109375000000003e+00	9.3808091998152321e-01
2.5140625000000001e+00	9.3712580747935337e-01
2.5171875000000004e+00	9.3616456063760878e-01
2.5203125000000002e+00	9.3519718465325885e-01
2.5234375000000000e+00	9.3422368502503883e-01
2.5265625000000003e+00	9.3324406755562384e-01
2.5296875000000001e+00	9.3225833835374816e-01
2.5328125000000004e+00	9.3126650383626719e-01
2.5359375000000002e+00	9.3026857073016445e-01
2.5390625000000000e+00	9.2926454607450160e-01
2.5421875000000003e+00	9.2825443722231027e-01
2.5453125000000001e+00	9.2723825184242559e-01
2.5484375000000004e+00	9.2621599792126164e-01
2.5515625000000002e+00	9.2518768376452720e-01
2.5546875000000000e+00	9.2415331799888090e-01
2.5578125000000003e+00	9.2311290957352721e-01
2.5609375000000001e+00	9.2206646776174961e-01
2.5640625000000004e+00	9.2101400216238349e-01
2.5671875000000002e+00	9.1995552270122605e-01
2.5703125000000000e+00	9.1889103963238494e-01
2.5734375000000003e+00	9.1782056353956165e-01
2.5765625000000001e+00	9.1674410533727257e-01
2.5796875000000004e+00	9.1566167627200612e-01
2.5828125000000002e+00	9.1457328792331505e-01
2.5859375000000000e+00	9.1347895220484332e-01
2.5890625000000003e+00	9.1237868136528821e-01
2.5921875000000001e+00	9.1127248798929628e-01
2.5953125000000004e+00	9.1016038499829377e-01
2.5984375000000002e+00	9.0904238565124906e-01
2.6015625000000000e+00	9.0791850354536996e-01
2.6046875000000003e+00	9.0678875261673231e-01
2.6078125000000001e+00	9.0565314714084189e-01
2.6109375000000004e+00	9.0451170173312789e-01
2.6140625000000002e+00	9.0336443134936895e-01
2.6171875000000000e+00	9.0221135128604912e-01
2.6203125000000003e+00	9.0105247718064740e-01
2.6234375000000001e+00	8.9988782501185627e-01
2.6265625000000004e+00	8.9871741109973213e-01
2.6296875000000002e+00	8.9754125210577573e-01
2.6328125000000000e+00	8.9635936503294411e-01
2.6359375000000003e+00	8.9517176722559078e-01
2.6390625000000001e+00	8.9397847636933825e-01
2.6421875000000004e+00	8.9277951049087878e-01
2.6453125000000002e+00	8.9157488795770523e-01
2.6484375000000000e+00	8.9036462747777223e-01
2.6515625000000003e+00	8.8914874809908717e-01
2.6546875000000001e+00	8.8792726920922826e-01
2.6578125000000004e+00	8.8670021053479653e-01
2.6609375000000002e+00	8.8546759214079185e-01
2.6640625000000000e+00	8.8422943442992319e-01
2.6671875000000003e+00	8.8298575814184554e-01
2.6703125000000001e+00	8.8173658435232682e-01
2.6734375000000004e+00	8.8048193447234424e-01
2.6765625000000002e+00	8.7922183024711109e-01
2.6796875000000000e+00	8.7795629375503137e-01
2.6828125000000003e+00	8.7668534740658532e-01
2.6859375000000001e+00	8.7540901394314474e-01
2.6890625000000004e+00	8.7412731643571795e-01
2.6921875000000002e+00	8.7284027828362443e-01
2.6953125000000000e+00	8.7154792321309982e-01
2.6984375000000003e+00	8.7025027527583210e-01
2.7015625000000001e+00	8.6894735884742702e-01
2.7046875000000004e+00	8.6763919862580563e-01
2.7078125000000002e+00	8.6632581962953203e-01
2.7109375000000000e+00	8.6500724719607225e-01
2.7140625000000003e+00	8.6368350697998553e-01
2.7171875000000001e+00	8.6235462495104676e-01
2.7203125000000004e+00	8.6102062739230156e-01
2.7234375000000002e+00	8.5968154089805282e-01
2.7265625000000000e+00	8.5833739237178119e-01
2.7296875000000003e+00	8.5698820902399886e-01
2.7328125000000001e+00	8.5563401837003561e-01
2.7359375000000004e+00	8.5427484822775956e-01
2.7390625000000002e+00	8.5291072671523305e-01
2.7421875000000000e+00	8.5154168224830207e-01
2.7453125000000003e+00	8.5016774353812119e-01
2.7484375000000001e+00	8.4878893958861512e-01
2.7515625000000004e+00	8.4740529969387568e-01
2.7546875000000002e+00	8.4601685343549493e-01
2.7578125000000000e+00	8.4462363067983737e-01
2.7609375000000003e+00	8.4322566157524803e-01
2.7640625000000001e+00	8.4182297654919980e-01
2.7671875000000004e+00	8.4041560630537959e-01
2.7703125000000002e+00	8.3900358182071377e-01
2.7734375000000000e+00	8.3758693434233467e-01
2.7765625000000003e+00	8.3616569538448526e-01
2.7796875000000001e+00	8.3473989672536852e-01
2.7828125000000004e+00	8.3330957040393649e-01
2.7859375000000002e+00	8.3187474871662292e-01
2.7890625000000000e+00	8.3043546421401881e-01
2.7921875000000003e+00	8.2899174969749279e-01
2.7953125000000001e+00	8.2754363821575605e-01
2.7984375000000004e+00	8.2609116306137154e-01
2.8015625000000002e+00	8.2463435776721206e-01
2.8046875000000000e+00	8.2317325610286318e-01
2.8078125000000003e+00	8.2170789207097372e-01
2.8109375000000001e+00	8.2023829990355857e-01
2.8140625000000004e+00	8.1876451405824568e-01
2.8171875000000002e+00	8.1728656921447773e-01
2.8203125000000000e+00	8.1580450026966234e-01
2.8234375000000003e+00	8.1431834233527567e-01
2.8265625000000001e+00	8.1282813073291782e-01
2.8296875000000004e+00	8.1133390099032321e-01
2.8328125000000002e+00	8.0983568883732449e-01
2.8359375000000000e+00	8.0833353020177257e-01
2.8390625000000003e+00	8.0682746120541349e-01
2.8421875000000001e+00	8.0531751815972152e-01
2.8453125000000004e+00	8.0380373756169166e-01
2.8484375000000002e+00	8.0228615608959208e-01
2.8515625000000000e+00	8.0076481059867477e-01
2.8546875000000003e+00	7.9923973811684978e-01
2.8578125000000001e+00	7.9771097584032069e-01
2.8609375000000004e+00	7.9617856112918250e-01
2.8640625000000002e+00	7.9464253150298625e-01
2.8671875000000000e+00	7.9310292463626719e-01
2.8703125000000003e+00	7.9155977835403957e-01
2.8734375000000001e+00	7.9001313062725909e-01
2.8765625000000004e+00	7.8846301956825549e-01
2.8796875000000002e+00	7.8690948342613098e-01
2.8828125000000000e+00	7.8535256058213432e-01
2.8859375000000003e+00	7.8379228954500135e-01
2.8890625000000001e+00	7.8222870894627416e-01
2.8921875000000004e+00	7.8066185753558881e-01
2.8953125000000002e+00	7.7909177417594278e-01
2.8984375000000000e+00	7.7751849783893545e-01
2.9015625000000003e+00	7.7594206759998696e-01
2.9046875000000001e+00	7.7436252263353789e-01
2.9078125000000004e+00	7.7277990220822423e-01
2.9109375000000002e+00	7.7119424568203743e-01
2.9140625000000000e+00	7.6960559249746385e-01
2.9171875000000003e+00	7.6801398217660899e-01
2.9203125000000001e+00	7.6641945431630476e-01
2.9234375000000004e+00	7.6482204858320391e-01
2.9265625000000002e+00	7.6322180470885981e-01
2.9296875000000000e+00	7.6161876248479476e-01
2.9328125000000003e+00	7.6001296175755761e-01
2.9359375000000001e+00	7.5840444242377159e-01
2.9390625000000004e+00	7.5679324442517371e-01
2.9421875000000002e+00	7.5517940774364700e-01
2.9453125000000000e+00	7.5356297239624670e-01
2.9484375000000003e+00	7.5194397843022198e-01
2.9515625000000001e+00	7.5032246591803264e-01
2.9546875000000004e+00	7.4869847495236641e-01
2.9578125000000002e+00	7.4707204564115182e-01
2.9609375000000000e+00	7.4544321810257408e-01
2.9640625000000003e+00	7.4381203246008976e-01
2.9671875000000001e+00	7.4217852883744528e-01
2.9703125000000004e+00	7.4054274735370040e-01
2.9734375000000002e+00	7.3890472811825325e-01
2.9765625000000000e+00	7.3726451122587622e-01
2.9796875000000003e+00	7.3562213675175536e-01
2.9828125000000001e+00	7.3397764474653993e-01
2.9859375000000004e+00	7.3233107523140317e-01
2.9890625000000002e+00	7.3068246819311222e-01
2.9921875000000000e+00	7.2903186357911054e-01
2.9953125000000003e+00	7.2737930129261530e-01
2.9984375000000001e+00	7.2572482118772996e-01
3.0015625000000004e+00	7.2406846306456951e-01
3.0046875000000002e+00	7.2240950618763056e-01
3.0078125000000000e+00	7.2074876851144709e-01
3.0109375000000003e+00	7.1908628925525286e-01
3.0140625000000001e+00	7.1742210757285652e-01
3.0171875000000004e+00	7.1575626254772562e-01
3.0203125000000002e+00	7.1408879318809459e-01
3.0234375000000000e+00	7.1241973842209860e-01
3.0265625000000003e+00	7.1074913709293763e-01
3.0296875000000001e+00	7.0907702795406713e-01
3.0328125000000004e+00	7.0740344966441959e-01
3.0359375000000002e+00	7.0572844078365671e-01
3.0390625000000000e+00	7.0405203976745490e-01
3.0421875000000003e+00	7.0237428496282295e-01
3.0453125000000001e+00	7.0069521460345474e-01
3.0484375000000004e+00	6.9901486680511848e-01
3.0515625000000002e+00	6.9733327956108027e-01
3.0546875000000000e+00	6.9565049073756746e-01
3.0578125000000003e+00	6.9396653806927044e-01
3.0609375000000001e+00	6.9228145915488315e-01
3.0640625000000004e+00	6.9059529145268694e-01
3.0671875000000002e+00	6.8890807227617257e-01
3.0703125000000000e+00	6.8721983878971016e-01
3.0734375000000003e+00	6.8553062800425835e-01
3.0765625000000001e+00	6.8384047677312187e-01
3.0796875000000004e+00	6.8214942178775362e-01
3.0828125000000002e+00	6.8045749957360402e-01
3.0859375000000000e+00	6.7876474648601826e-01
3.0890625000000003e+00	6.7707119870618304e-01
3.0921875000000001e+00	6.7537689223712261e-01
3.0953125000000004e+00	6.7368186289974541e-01
3.0984375000000002e+00	6.7198614632894416e-01
3.1015625000000000e+00	6.7028977796974598e-01
3.1046875000000003e+00	6.6859279307351827e-01
3.1078125000000001e+00	6.6689522669422763e-01
3.1109375000000004e+00	6.6519711368475554e-01
3.1140625000000002e+00	6.6349848869326777e-01
3.1171875000000000e+00	6.6179938615964440e-01
3.1203125000000003e+00	6.6009984031196367e-01
3.1234375000000001e+00	6.5839988516304804e-01
3.1265625000000004e+00	6.5669955450706596e-01
3.1296875000000002e+00	6.5499888191619704e-01
3.1328125000000000e+00	6.5329790073735750e-01
3.1359375000000003e+00	6.5159664408898532e-01
3.1390625000000001e+00	6.4989514485789002e-01
3.1421875000000004e+00	6.4819343569616450e-01
3.1453125000000002e+00	6.4649154901816019e-01
3.1484375000000000e+00	6.4478951699752884e-01
3.1515625000000003e+00	6.4308737156432660e-01
3.1546875000000001e+00	6.4138514440218553e-01
3.1578125000000004e+00	6.3968286694555154e-01
3.1609375000000002e+00	6.3798057037698785e-01
3.1640625000000000e+00	6.3627828562454825e-01
3.1671875000000003e+00	6.3457604335921647e-01
3.1703125000000001e+00	6.3287387399241479e-01
3.1734375000000004e+00	6.3117180767358316e-01
3.1765625000000002e+00	6.2946987428782541e-01
3.1796875000000000e+00	6.2776810345362744e-01
3.1828125000000003e+00	6.2606652452064615e-01
3.1859375000000001e+00	6.2436516656756935e-01
3.1890625000000004e+00	6.2266405840004557e-01
3.1921875000000002e+00	6.2096322854868768e-01
3.1953125000000000e+00	6.1926270526714855e-01
3.1984375000000003e+00	6.1756251653026784e-01
3.2015625000000001e+00	6.1586269003229377e-01
3.2046875000000004e+00	6.1416325318517762e-01
3.2078125000000002e+00	6.1246423311694076e-01
3.2109375000000000e+00	6.1076565667011706e-01
3.2140625000000003e+00	6.0906755040026928e-01
3.2171875000000001e+00	6.0736994057457838e-01
3.2203125000000004e+00	6.0567285317050967e-01
3.2234375000000002e+00	6.0397631387455253e-01
3.2265625000000000e+00	6.0228034808103514e-01
3.2296875000000003e+00	6.0058498089101497e-01
3.2328125000000001e+00	5.9889023711124412e-01
3.2359375000000004e+00	5.9719614125321030e-01
3.2390625000000002e+00	5.9550271753225359e-01
3.2421875000000000e+00	5.9380998986675826e-01
3.2453125000000003e+00	5.9211798187742060e-01
3.2484375000000001e+00	5.9042671688659276e-01
3.2515625000000004e+00	5.8873621791770137e-01
3.2546875000000002e+00	5.8704650769474298e-01
3.2578125000000000e+00	5.8535760864185404e-01
3.2609375000000003e+00	5.8366954288295769e-01
3.2640625000000001e+00	5.8198233224148488e-01
3.2671875000000004e+00	5.8029599824017175e-01
3.2703125000000002e+00	5.7861056210093187e-01
3.2734375000000000e+00	5.7692604474480425e-01
3.2765625000000003e+00	5.7524246679197533e-01
3.2796875000000001e+00	5.7355984856187692e-01
3.2828125000000004e+00	5.7187821007335771e-01
3.2859375000000002e+00	5.7019757104493041e-01
3.2890625000000000e+00	5.6851795089509183e-01
3.2921875000000003e+00	5.6683936874271745e-01
3.2953125000000001e+00	5.6516184340752951e-01
3.2984375000000004e+00	5.6348539341063841e-01
3.3015625000000002e+00	5.6181003697515730e-01
3.3046875000000000e+00	5.6013579202688835e-01
3.3078125000000003e+00	5.5846267619508283e-01
3.3109375000000001e+00	5.5679070681327114e-01
3.3140625000000004e+00	5.5511990092016628e-01
3.3171875000000002e+00	5.5345027526063639e-01
3.3203125000000000e+00	5.5178184628674953e-01
3.3234375000000003e+00	5.5011463015888751e-01
3.3265625000000001e+00	5.4844864274692984e-01
3.3296875000000004e+00	5.4678389963150598e-01
3.3328125000000002e+00	5.4512041610531725e-01
3.3359375000000000e+00	5.4345820717452620e-01
3.3390625000000003e+00	5.4179728756021306e-01
3.3421875000000001e+00	5.4013767169990035e-01
3.3453125000000004e+00	5.3847937374914134e-01
3.3484375000000002e+00	5.3682240758317745e-01
3.3515625000000000e+00	5.3516678679865737e-01
3.3546875000000003e+00	5.3351252471542288e-01
3.3578125000000001e+00	5.3185963437835704e-01
3.3609375000000004e+00	5.3020812855929600e-01
3.3640625000000002e+00	5.2855801975900263e-01
3.3671875000000000e+00	5.2690932020920200e-01
3.3703125000000003e+00	5.2526204187467740e-01
3.3734375000000001e+00	5.2361619645542690e-01
3.3765625000000004e+00	5.2197179538887817e-01
3.3796875000000002e+00	5.2032884985216288e-01
3.3828125000000000e+00	5.1868737076444771e-01
3.3859375000000003e+00	5.1704736878932289e-01
3.3890625000000001e+00	5.1540885433724715e-01
3.3921875000000004e+00	5.1377183756804534e-01
3.3953125000000002e+00	5.1213632839346446e-01
3.3984375000000000e+00	5.1050233647977872e-01
3.4015625000000003e+00	5.0886987125044991e-01
3.4046875000000001e+00	5.0723894188883834e-01
3.4078125000000004e+00	5.0560955734096447e-01
3.4109375000000002e+00	5.0398172631831994e-01
3.4140625000000000e+00	5.0235545730072839e-01
3.4171875000000003e+00	5.0073075853925231e-01
3.4203125000000001e+00	4.9910763805914848e-01
3.4234375000000004e+00	4.9748610366286755e-01
3.4265625000000002e+00	4.9586616293310021e-01
3.4296875000000000e+00	4.9424782323586530e-01
3.4328125000000003e+00	4.9263109172364189e-01
3.4359375000000001e+00	4.9101597533854274e-01
3.4390625000000004e+00	4.8940248081552845e-01
3.4421875000000002e+00	4.8779061468566071e-01
3.4453125000000000e+00	4.8618038327939506e-01
3.4484375000000003e+00	4.8457179272991052e-01
3.4515625000000001e+00	4.8296484897647524e-01
3.4546875000000004e+00	4.8135955776784872e-01
3.4578125000000002e+00	4.7975592466571648e-01
3.4609375000000000e+00	4.7815395504815944e-01
3.4640625000000003e+00	4.7655365411315409e-01
3.4671875000000001e+00	4.7495502688210406e-01
3.4703125000000004e+00	4.7335807820340131e-01
3.4734375000000002e+00	4.7176281275601600e-01
3.4765625000000000e+00	4.7016923505311303e-01
3.4796875000000003e+00	4.6857734944569601e-01
3.4828125000000001e+00	4.6698716012627567e-01
3.4859375000000004e+00	4.6539867113256206e-01
3.4890625000000002e+00	4.6381188635117970e-01
3.4921875000000000e+00	4.6222680952140477e-01
3.4953125000000003e+00	4.6064344423892234e-01
3.4984375000000001e+00	4.5906179395960217e-01
3.5015625000000004e+00	4.5748186200329422e-01
3.5046875000000002e+00	4.5590365155763951e-01
3.5078125000000000e+00	4.5432716568189740e-01
3.5109375000000003e+00	4.5275240731078736e-01
3.5140625000000001e+00	4.5117937925834356e-01
3.5171875000000004e+00	4.4960808422178244e-01
3.5203125000000002e+00	4.4803852478538042e-01
3.5234375000000000e+00	4.4647070342436146e-01
3.5265625000000003e+00	4.4490462250879370e-01
3.5296875000000001e+00	4.4334028430749284e-01
3.5328125000000004e+00	4.4177769099193165e-01
3.5359375000000002e+00	4.4021684464015493e-01
3.5390625000000000e+00	4.3865774724069795e-01
3.5421875000000003e+00	4.3710040069650713e-01
3.5453125000000001e+00	4.3554480682886254e-01
3.5484375000000004e+00	4.3399096738130033e-01
3.5515625000000002e+00	4.3243888402353442e-01
3.5546875000000000e+00	4.3088855835537559e-01
3.5578125000000003e+00	4.2933999191064737e-01
3.5609375000000001e+00	4.2779318616109768e-01
3.5640625000000004e+00	4.2624814252030430e-01
3.5671875000000002e+00	4.2470486234757371e-01
3.5703125000000000e+00	4.2316334695183172e-01
3.5734375000000003e+00	4.2162359759550533e-01
3.5765625000000001e+00	4.2008561549839307e-01
3.5796875000000004e+00	4.1854940184152600e-01
3.5828125000000002e+00	4.1701495777101338e-01
3.5859375000000000e+00	4.1548228440187668e-01
3.5890625000000003e+00	4.1395138282186772e-01
3.5921875000000001e+00	4.1242225409527089e-01
3.5953125000000004e+00	4.1089489926668848e-01
3.5984375000000002e+00	4.0936931936480747e-01
3.6015625000000000e+00	4.0784551540614677e-01
3.6046875000000003e+00	4.0632348839878540e-01
3.6078125000000001e+00	4.0480323934606716e-01
3.6109375000000004e+00	4.0328476925028389e-01
3.6140625000000002e+00	4.0176807911633533e-01
3.6171875000000000e+00	4.0025316995536370e-01
3.6203125000000003e+00	3.9874004278836234e-01
3.6234375000000001e+00	3.9722869864975857e-01
3.6265625000000004e+00	3.9571913859096780e-01
3.6296875000000002e+00	3.9421136368391962e-01
3.6328125000000000e+00	3.9270537502455322e-01
3.6359375000000003e+00	3.9120117373628333e-01
3.6390625000000001e+00	3.8969876097343276e-01
3.6421875000000004e+00	3.8819813792463392e-01
3.6453125000000002e+00	3.8669930581619549e-01
3.6484375000000000e+00	3.8520226591543522e-01
3.6515625000000003e+00	3.8370701953397651e-01
3.6546875000000001e+00	3.8221356803100942e-01
3.6578125000000004e+00	3.8072191281651391e-01
3.6609375000000002e+00	3.7923205535444465e-01
3.6640625000000000e+00	3.7774399716587720e-01
3.6671875000000003e+00	3.7625773983211391e-01
3.6703125000000001e+00	3.7477328499774998e-01
3.6734375000000004e+00	3.7329063437369592e-01
3.6765625000000002e+00	3.7180978974015988e-01
3.6796875000000000e+00	3.7033075294958562e-01
3.6828125000000003e+00	3.6885352592954640e-01
3.6859375000000001e+00	3.6737811068559456e-01
3.6890625000000004e+00	3.6590450930406554e-01
3.6921875000000002e+00	3.6443272395483534e-01
3.6953125000000000e+00	3.6296275689403157e-01
3.6984375000000003e+00	3.6149461046669629e-01
3.7015625000000001e+00	3.6002828710940099e-01
3.7046875000000004e+00	3.5856378935281247e-01
3.7078125000000002e+00	3.5710111982420867e-01
3.7109375000000000e+00	3.5564028124994479e-01
3.7140625000000003e+00	3.5418127645786823e-01
3.7171875000000001e+00	3.5272410837968193e-01
3.7203125000000004e+00	3.5126878005325612e-01
3.7234375000000002e+00	3.4981529462488636e-01
3.7265625000000000e+00	3.4836365535149966e-01
3.7296875000000003e+00	3.4691386560280629e-01
3.7328125000000001e+00	3.4546592886339728e-01
3.7359375000000004e+00	3.4401984873478686e-01
3.7390625000000002e+00	3.4257562893740068e-01
3.7421875000000000e+00	3.4113327331250787e-01
3.7453125000000003e+00	3.3969278582409623e-01
3.7484375000000001e+00	3.3825417056069235e-01
3.7515625000000004e+00	3.3681743173712336e-01
3.7546875000000002e+00	3.3538257369622282e-01
3.7578125000000000e+00	3.3394960091047765e-01
3.7609375000000003e+00	3.3251851798361765e-01
3.7640625000000001e+00	3.3108932965214671e-01
3.7671875000000004e+00	3.2966204078681527e-01
3.7703125000000002e+00	3.2823665639403388e-01
3.7734375000000000e+00	3.2681318161722717e-01
3.7765625000000003e+00	3.2539162173812902e-01
3.7796875000000001e+00	3.2397198217801748e-01
3.7828125000000004e+00	3.2255426849889002e-01
3.7859375000000002e+00	3.2113848640457870e-01
3.7890625000000000e+00	3.1972464174180498e-01
3.7921875000000003e+00	3.1831274050117381e-01
3.7953125000000001e+00	3.1690278881810779e-01
3.7984375000000004e+00	3.1549479297372002e-01
3.8015625000000002e+00	3.1408875939562647e-01
3.8046875000000000e+00	3.1268469465869730e-01
3.8078125000000003e+00	3.1128260548574732e-01
3.8109375000000001e+00	3.0988249874816565e-01
3.8140625000000004e+00	3.0848438146648360e-01
3.8171875000000002e+00	3.0708826081088292e-01
3.8203125000000000e+00	3.0569414410164159e-01
3.8234375000000003e+00	3.0430203880951917e-01
3.8265625000000001e+00	3.0291195255608200e-01
3.8296875000000004e+00	3.0152389311396588e-01
3.8328125000000002e+00	3.0013786840707979e-01
3.8359375000000000e+00	2.9875388651074758e-01
3.8390625000000003e+00	2.9737195565178964e-01
3.8421875000000001e+00	2.9599208420854423e-01
3.8453125000000004e+00	2.9461428071082862e-01
3.8484375000000002e+00	2.9323855383983943e-01
3.8515625000000000e+00	2.9186491242799434e-01
3.8546875000000003e+00	2.9049336545871296e-01
3.8578125000000001e+00	2.8912392206613885e-01
3.8609375000000004e+00	2.8775659153480238e-01
3.8640625000000002e+00	2.8639138329922431e-01
3.8671875000000000e+00	2.8502830694346093e-01
3.8703125000000003e+00	2.8366737220059124e-01
3.8734375000000001e+00	2.8230858895214506e-01
3.8765625000000004e+00	2.8095196722747445e-01
3.8796875000000002e+00	2.7959751720306775e-01
3.8828125000000000e+00	2.7824524920180538e-01
3.8859375000000003e+00	2.7689517369216071e-01
3.8890625000000001e+00	2.7554730128734373e-01
3.8921875000000004e+00	2.7420164274438880e-01
3.8953125000000002e+00	2.7285820896318791e-01
3.8984375000000000e+00	2.7151701098546782e-01
3.9015625000000003e+00	2.7017805999371386e-01
3.9046875000000001e+00	2.6884136731003905e-01
3.9078125000000004e+00	2.6750694439499950e-01
3.9109375000000002e+00	2.6617480284635797e-01
3.9140625000000000e+00	2.6484495439779332e-01
3.9171875000000003e+00	2.6351741091755937e-01
3.9203125000000001e+00	2.6219218440709141e-01
3.9234375000000004e+00	2.6086928699956274e-01
3.9265625000000002e+00	2.5954873095838965e-01
3.9296875000000000e+00	2.5823052867568824e-01
3.9328125000000003e+00	2.5691469267068084e-01
3.9359375000000001e+00	2.5560123558805486e-01
3.9390625000000004e+00	2.5429017019627287e-01
3.9421875000000002e+00	2.5298150938583647e-01
3.9453125000000000e+00	2.5167526616750291e-01
3.9484375000000003e+00	2.5037145367045549e-01
3.9515625000000001e+00	2.4907008514043014e-01
3.9546875000000004e+00	2.4777117393779541e-01
3.9578125000000002e+00	2.4647473353559038e-01
3.9609375000000000e+00	2.4518077751751821e-01
3.9640625000000003e+00	2.4388931957589802e-01
3.9671875000000001e+00	2.4260037350957450e-01
3.9703125000000004e+00	2.4131395322178667e-01
3.9734375000000002e+00	2.4003007271799676e-01
3.9765625000000000e+00	2.3874874610367905e-01
3.9796875000000003e+00	2.3746998758207030e-01
3.9828125000000001e+00	2.3619381145188223e-01
3.9859375000000004e+00	2.3492023210497656e-01
3.9890625000000002e+00	2.3364926402400424e-01
3.9921875000000000e+00	2.3238092178000821e-01
3.9953125000000003e+00	2.3111522002999246e-01
3.9984375000000001e+00	2.2985217351445605e-01
