1.5625000000000001e-03	5.6585589095473184e-02
4.6875000000000007e-03	5.6854106301522940e-02
7.8125000000000000e-03	5.7122513932229932e-02
1.0937500000000001e-02	5.7390800898074600e-02
1.4062500000000000e-02	5.7658956107361464e-02
1.7187500000000001e-02	5.7926968467357523e-02
2.0312500000000001e-02	5.8194826885430283e-02
2.3437500000000000e-02	5.8462520270185205e-02
2.6562500000000003e-02	5.8730037532601975e-02
2.9687500000000002e-02	5.8997367587170113e-02
3.2812500000000001e-02	5.9264499353022845e-02
3.5937500000000004e-02	5.9531421755069723e-02
3.9062500000000000e-02	5.9798123725127508e-02
4.2187500000000003e-02	6.0064594203048917e-02
4.5312500000000006e-02	6.0330822137849377e-02
4.8437500000000001e-02	6.0596796488831380e-02
5.1562500000000004e-02	6.0862506226706116e-02
5.4687500000000000e-02	6.1127940334712513e-02
5.7812500000000003e-02	6.1393087809732967e-02
6.0937500000000006e-02	6.1657937663406201e-02
6.4062500000000008e-02	6.1922478923236345e-02
6.7187499999999997e-02	6.2186700633698633e-02
7.0312500000000000e-02	6.2450591857340948e-02
7.3437500000000003e-02	6.2714141675881699e-02
7.6562500000000006e-02	6.2977339191302967e-02
7.9687500000000008e-02	6.3240173526939475e-02
8.2812500000000011e-02	6.3502633828562763e-02
8.5937500000000000e-02	6.3764709265460420e-02
8.9062500000000003e-02	6.4026389031510353e-02
9.2187500000000006e-02	6.4287662346249524e-02
9.5312500000000008e-02	6.4548518455937398e-02
9.8437500000000011e-02	6.4808946634613562e-02
1.0156250000000000e-01	6.5068936185149459e-02
1.0468750000000000e-01	6.5328476440293951e-02
1.0781250000000001e-01	6.5587556763712723e-02
1.1093750000000001e-01	6.5846166551020990e-02
1.1406250000000001e-01	6.6104295230809684e-02
1.1718750000000000e-01	6.6361932265664628e-02
1.2031250000000000e-01	6.6619067153178668e-02
1.2343750000000001e-01	6.6875689426956500e-02
1.2656249999999999e-01	6.7131788657612129e-02
1.2968750000000001e-01	6.7387354453758527e-02
1.3281250000000000e-01	6.7642376462989595e-02
1.3593750000000002e-01	6.7896844372854065e-02
1.3906250000000001e-01	6.8150747911821075e-02
1.4218749999999999e-01	6.8404076850237541e-02
1.4531250000000001e-01	6.8656821001276985e-02
1.4843750000000000e-01	6.8908970221879348e-02
1.5156250000000002e-01	6.9160514413682220e-02
1.5468750000000001e-01	6.9411443523942809e-02
1.5781250000000002e-01	6.9661747546450714e-02
1.6093750000000001e-01	6.9911416522431227e-02
1.6406250000000000e-01	7.0160440541439120e-02
1.6718750000000002e-01	7.0408809742242576e-02
1.7031250000000001e-01	7.0656514313697308e-02
1.7343750000000002e-01	7.0903544495610552e-02
1.7656250000000001e-01	7.1149890579594893e-02
1.7968750000000000e-01	7.1395542909911430e-02
1.8281250000000002e-01	7.1640491884302937e-02
1.8593750000000001e-01	7.1884727954815750e-02
1.8906250000000002e-01	7.2128241628611173e-02
1.9218750000000001e-01	7.2371023468765797e-02
1.9531250000000000e-01	7.2613064095060673e-02
1.9843750000000002e-01	7.2854354184759246e-02
2.0156250000000001e-01	7.3094884473373797e-02
2.0468750000000002e-01	7.3334645755420480e-02
2.0781250000000001e-01	7.3573628885162556e-02
2.1093750000000000e-01	7.3811824777341870e-02
2.1406250000000002e-01	7.4049224407898351e-02
2.1718750000000001e-01	7.4285818814677551e-02
2.2031250000000002e-01	7.4521599098125849e-02
2.2343750000000001e-01	7.4756556421973361e-02
2.2656250000000000e-01	7.4990682013904644e-02
2.2968750000000002e-01	7.5223967166216529e-02
2.3281250000000001e-01	7.5456403236463535e-02
2.3593750000000002e-01	7.5687981648090416e-02
2.3906250000000001e-01	7.5918693891051880e-02
2.4218750000000000e-01	7.6148531522419308e-02
2.4531250000000002e-01	7.6377486166974484e-02
2.4843750000000001e-01	7.6605549517789862e-02
2.5156250000000002e-01	7.6832713336796074e-02
2.5468750000000001e-01	7.7058969455335496e-02
2.5781250000000000e-01	7.7284309774702867e-02
2.6093749999999999e-01	7.7508726266671976e-02
2.6406250000000003e-01	7.7732210974008967e-02
2.6718750000000002e-01	7.7954756010972209e-02
2.7031250000000001e-01	7.8176353563797180e-02
2.7343750000000000e-01	7.8396995891169372e-02
2.7656249999999999e-01	7.8616675324681529e-02
2.7968750000000003e-01	7.8835384269278178e-02
2.8281250000000002e-01	7.9053115203685048e-02
2.8593750000000001e-01	7.9269860680825283e-02
2.8906250000000000e-01	7.9485613328220781e-02
2.9218749999999999e-01	7.9700365848379723e-02
2.9531250000000003e-01	7.9914111019169579e-02
2.9843750000000002e-01	8.0126841694175888e-02
3.0156250000000001e-01	8.0338550803046666e-02
3.0468750000000000e-01	8.0549231351822181e-02
3.0781250000000004e-01	8.0758876423250511e-02
3.1093750000000003e-01	8.0967479177088436e-02
3.1406250000000002e-01	8.1175032850387741e-02
3.1718750000000001e-01	8.1381530757767259e-02
3.2031250000000000e-01	8.1586966291669741e-02
3.2343750000000004e-01	8.1791332922604598e-02
3.2656250000000003e-01	8.1994624199375879e-02
3.2968750000000002e-01	8.2196833749295289e-02
3.3281250000000001e-01	8.2397955278380827e-02
3.3593750000000000e-01	8.2597982571540690e-02
3.3906250000000004e-01	8.2796909492742266e-02
3.4218750000000003e-01	8.2994729985166535e-02
3.4531250000000002e-01	8.3191438071347795e-02
3.4843750000000001e-01	8.3387027853298545e-02
3.5156250000000000e-01	8.3581493512619773e-02
3.5468750000000004e-01	8.3774829310596308e-02
3.5781250000000003e-01	8.3967029588277786e-02
3.6093750000000002e-01	8.4158088766544542e-02
3.6406250000000001e-01	8.4348001346159246e-02
3.6718750000000000e-01	8.4536761907803362e-02
3.7031250000000004e-01	8.4724365112099423e-02
3.7343750000000003e-01	8.4910805699618397e-02
3.7656250000000002e-01	8.5096078490872737e-02
3.7968750000000001e-01	8.5280178386294453e-02
3.8281250000000000e-01	8.5463100366199016e-02
3.8593750000000004e-01	8.5644839490734551e-02
3.8906250000000003e-01	8.5825390899816820e-02
3.9218750000000002e-01	8.6004749813049439e-02
3.9531250000000001e-01	8.6182911529630105e-02
3.9843750000000000e-01	8.6359871428242030e-02
4.0156250000000004e-01	8.6535624966931762e-02
4.0468750000000003e-01	8.6710167682972017e-02
4.0781250000000002e-01	8.6883495192711005e-02
4.1093750000000001e-01	8.7055603191407260e-02
4.1406250000000000e-01	8.7226487453050644e-02
4.1718750000000004e-01	8.7396143830169193e-02
4.2031250000000003e-01	8.7564568253622188e-02
4.2343750000000002e-01	8.7731756732379443e-02
4.2656250000000001e-01	8.7897705353286504e-02
4.2968750000000000e-01	8.8062410280816697e-02
4.3281250000000004e-01	8.8225867756809045e-02
4.3593750000000003e-01	8.8388074100192907e-02
4.3906250000000002e-01	8.8549025706699369e-02
4.4218750000000001e-01	8.8708719048558676e-02
4.4531250000000000e-01	8.8867150674185172e-02
4.4843750000000004e-01	8.9024317207848425e-02
4.5156250000000003e-01	8.9180215349331626e-02
4.5468750000000002e-01	8.9334841873576917e-02
4.5781250000000001e-01	8.9488193630317930e-02
4.6093750000000000e-01	8.9640267543699179e-02
4.6406250000000004e-01	8.9791060611883425e-02
4.6718750000000003e-01	8.9940569906645812e-02
4.7031250000000002e-01	9.0088792572956031e-02
4.7343750000000001e-01	9.0235725828547983e-02
4.7656250000000000e-01	9.0381366963476983e-02
4.7968750000000004e-01	9.0525713339665401e-02
4.8281250000000003e-01	9.0668762390435753e-02
4.8593750000000002e-01	9.0810511620032258e-02
4.8906250000000001e-01	9.0950958603130530e-02
4.9218750000000000e-01	9.1090100984335870e-02
4.9531250000000004e-01	9.1227936477669497e-02
4.9843750000000003e-01	9.1364462866044299e-02
5.0156250000000002e-01	9.1499678000728613e-02
5.0468750000000007e-01	9.1633579800799253e-02
5.0781250000000000e-01	9.1766166252583631e-02
5.1093750000000004e-01	9.1897435409090941e-02
5.1406249999999998e-01	9.2027385389432600e-02
5.1718750000000002e-01	9.2156014378232579e-02
5.2031250000000007e-01	9.2283320625026810e-02
5.2343750000000000e-01	9.2409302443652808e-02
5.2656250000000004e-01	9.2533958211629061e-02
5.2968749999999998e-01	9.2657286369524333e-02
5.3281250000000002e-01	9.2779285420317534e-02
5.3593750000000007e-01	9.2899953928747794e-02
5.3906250000000000e-01	9.3019290520654913e-02
5.4218750000000004e-01	9.3137293882310859e-02
5.4531249999999998e-01	9.3253962759742015e-02
5.4843750000000002e-01	9.3369295958042248e-02
5.5156250000000007e-01	9.3483292340677468e-02
5.5468750000000000e-01	9.3595950828781305e-02
5.5781250000000004e-01	9.3707270400442508e-02
5.6093749999999998e-01	9.3817250089983956e-02
5.6406250000000002e-01	9.3925888987233516e-02
5.6718750000000007e-01	9.4033186236786956e-02
5.7031250000000000e-01	9.4139141037263091e-02
5.7343750000000004e-01	9.4243752640551307e-02
5.7656249999999998e-01	9.4347020351051789e-02
5.7968750000000002e-01	9.4448943524908180e-02
5.8281250000000007e-01	9.4549521569233450e-02
5.8593750000000000e-01	9.4648753941328753e-02
5.8906250000000004e-01	9.4746640147895717e-02
5.9218749999999998e-01	9.4843179744241862e-02
5.9531250000000002e-01	9.4938372333480112e-02
5.9843750000000007e-01	9.5032217565721902e-02
6.0156250000000000e-01	9.5124715137264226e-02
6.0468750000000004e-01	9.5215864789771273e-02
6.0781250000000009e-01	9.5305666309450074e-02
6.1093750000000002e-01	9.5394119526220955e-02
6.1406250000000007e-01	9.5481224312882765e-02
6.1718750000000000e-01	9.5566980584273001e-02
6.2031250000000004e-01	9.5651388296423376e-02
6.2343750000000009e-01	9.5734447445710247e-02
6.2656250000000002e-01	9.5816158068001200e-02
6.2968750000000007e-01	9.5896520237796962e-02
6.3281250000000000e-01	9.5975534067369542e-02
6.3593750000000004e-01	9.6053199705896306e-02
6.3906250000000009e-01	9.6129517338590612e-02
6.4218750000000002e-01	9.6204487185828830e-02
6.4531250000000007e-01	9.6278109502274348e-02
6.4843750000000000e-01	9.6350384575998121e-02
6.5156250000000004e-01	9.6421312727596908e-02
6.5468750000000009e-01	9.6490894309308406e-02
6.5781250000000002e-01	9.6559129704124211e-02
6.6093750000000007e-01	9.6626019324900420e-02
6.6406250000000000e-01	9.6691563613466272e-02
6.6718750000000004e-01	9.6755763039730810e-02
6.7031250000000009e-01	9.6818618100788234e-02
6.7343750000000002e-01	9.6880129320021366e-02
6.7656250000000007e-01	9.6940297246204316e-02
6.7968750000000000e-01	9.6999122452603878e-02
6.8281250000000004e-01	9.7056605536080198e-02
6.8593750000000009e-01	9.7112747116186809e-02
6.8906250000000002e-01	9.7167547834270382e-02
6.9218750000000007e-01	9.7221008352570026e-02
6.9531250000000000e-01	9.7273129353316834e-02
6.9843750000000004e-01	9.7323911537833568e-02
7.0156250000000009e-01	9.7373355625634705e-02
7.0468750000000002e-01	9.7421462353527194e-02
7.0781250000000007e-01	9.7468232474711883e-02
7.1093750000000000e-01	9.7513666757886266e-02
7.1406250000000004e-01	9.7557765986348174e-02
7.1718750000000009e-01	9.7600530957101028e-02
7.2031250000000002e-01	9.7641962479960778e-02
7.2343750000000007e-01	9.7682061376664700e-02
7.2656250000000000e-01	9.7720828479982036e-02
7.2968750000000004e-01	9.7758264632827260e-02
7.3281250000000009e-01	9.7794370687375509e-02
7.3593750000000002e-01	9.7829147504180730e-02
7.3906250000000007e-01	9.7862595951296899e-02
7.4218750000000000e-01	9.7894716903402013e-02
7.4531250000000004e-01	9.7925511240925453e-02
7.4843750000000009e-01	9.7954979849179058e-02
7.5156250000000002e-01	9.7983123617491563e-02
7.5468750000000007e-01	9.8009943438346986e-02
7.5781250000000000e-01	9.8035440206527186e-02
7.6093750000000004e-01	9.8059614818258603e-02
7.6406250000000009e-01	9.8082468170363521e-02
7.6718750000000002e-01	9.8104001159416004e-02
7.7031250000000007e-01	9.8124214680902586e-02
7.7343750000000000e-01	9.8143109628388125e-02
7.7656250000000004e-01	9.8160686892686949e-02
7.7968750000000009e-01	9.8176947361039338e-02
7.8281250000000002e-01	9.8191891916293655e-02
7.8593750000000007e-01	9.8205521436094526e-02
7.8906250000000000e-01	9.8217836792076602e-02
7.9218750000000004e-01	9.8228838849065067e-02
7.9531250000000009e-01	9.8238528464282091e-02
7.9843750000000002e-01	9.8246906486560218e-02
8.0156250000000007e-01	9.8253973755562302e-02
8.0468750000000000e-01	9.8259731101008552e-02
8.0781250000000004e-01	9.8264179341910604e-02
8.1093750000000009e-01	9.8267319285813087e-02
8.1406250000000002e-01	9.8269151728042486e-02
8.1718750000000007e-01	9.8269677450963974e-02
8.2031250000000000e-01	9.8268897223245916e-02
8.2343750000000004e-01	9.8266811799132381e-02
8.2656250000000009e-01	9.8263421917724234e-02
8.2968750000000002e-01	9.8258728302268117e-02
8.3281250000000007e-01	9.8252731659454501e-02
8.3593750000000000e-01	9.8245432678724209e-02
8.3906250000000004e-01	9.8236832031583940e-02
8.4218750000000009e-01	9.8226930370930859e-02
8.4531250000000002e-01	9.8215728330386595e-02
8.4843750000000007e-01	9.8203226523640400e-02
8.5156250000000000e-01	9.8189425543802208e-02
8.5468750000000004e-01	9.8174325962765221e-02
8.5781250000000009e-01	9.8157928330578542e-02
8.6093750000000002e-01	9.8140233174829838e-02
8.6406250000000007e-01	9.8121241000038245e-02
8.6718750000000000e-01	9.8100952287057702e-02
8.7031250000000004e-01	9.8079367492490840e-02
8.7343750000000009e-01	9.8056487048113511e-02
8.7656250000000002e-01	9.8032311360310181e-02
8.7968750000000007e-01	9.8006840809520421e-02
8.8281250000000000e-01	9.7980075749696444e-02
8.8593750000000004e-01	9.7952016507772022e-02
8.8906250000000009e-01	9.7922663383142733e-02
8.9218750000000002e-01	9.7892016647157895e-02
8.9531250000000007e-01	9.7860076542624186e-02
8.9843750000000000e-01	9.7826843283321044e-02
9.0156250000000004e-01	9.7792317053528227e-02
9.0468750000000009e-01	9.7756498007565334e-02
9.0781250000000002e-01	9.7719386269343636e-02
9.1093750000000007e-01	9.7680981931930352e-02
9.1406250000000000e-01	9.7641285057125299e-02
9.1718750000000004e-01	9.7600295675050311e-02
9.2031250000000009e-01	9.7558013783751382e-02
9.2343750000000002e-01	9.7514439348813556e-02
9.2656250000000007e-01	9.7469572302988999e-02
9.2968750000000000e-01	9.7423412545838112e-02
9.3281250000000004e-01	9.7375959943383689e-02
9.3593750000000009e-01	9.7327214327778744e-02
9.3906250000000002e-01	9.7277175496987459e-02
9.4218750000000007e-01	9.7225843214479801e-02
9.4531250000000000e-01	9.7173217208939788e-02
9.4843750000000004e-01	9.7119297173987568e-02
9.5156250000000009e-01	9.7064082767915033e-02
9.5468750000000002e-01	9.7007573613435871e-02
9.5781250000000007e-01	9.6949769297449084e-02
9.6093750000000000e-01	9.6890669370817153e-02
9.6406250000000004e-01	9.6830273348157886e-02
9.6718750000000009e-01	9.6768580707651097e-02
9.7031250000000002e-01	9.6705590890859131e-02
9.7343750000000007e-01	9.6641303302562209e-02
9.7656250000000000e-01	9.6575717310608100e-02
9.7968750000000004e-01	9.6508832245776485e-02
9.8281250000000009e-01	9.6440647401658003e-02
9.8593750000000002e-01	9.6371162034547819e-02
9.8906250000000007e-01	9.6300375363354354e-02
9.9218750000000000e-01	9.6228286569522509e-02
9.9531250000000004e-01	9.6154894796972118e-02
9.9843750000000009e-01	9.6080199152051085e-02
1.0015625000000001e+00	9.6004198703503782e-02
1.0046875000000000e+00	9.5926866081780804e-02
1.0078125000000000e+00	9.5848226051292021e-02
1.0109375000000000e+00	9.5768277553931275e-02
1.0140625000000001e+00	9.5687019493727932e-02
1.0171875000000001e+00	9.5604450736885851e-02
1.0203125000000000e+00	9.5520570111837622e-02
1.0234375000000000e+00	9.5435376409313877e-02
1.0265625000000000e+00	9.5348868382427898e-02
1.0296875000000001e+00	9.5261044746775686e-02
1.0328125000000001e+00	9.5171904180551159e-02
1.0359375000000000e+00	9.5081445324676564e-02
1.0390625000000000e+00	9.4989666782948609e-02
1.0421875000000000e+00	9.4896567122199654e-02
1.0453125000000001e+00	9.4802144872474264e-02
1.0484375000000001e+00	9.4706398527221292e-02
1.0515625000000000e+00	9.4609326543501224e-02
1.0546875000000000e+00	9.4510927342208909e-02
1.0578125000000000e+00	9.4411199308311627e-02
1.0609375000000001e+00	9.4310140791102670e-02
1.0640625000000001e+00	9.4207750104470037e-02
1.0671875000000000e+00	9.4104025527180599e-02
1.0703125000000000e+00	9.3998965303179638e-02
1.0734375000000000e+00	9.3892567641905525e-02
1.0765625000000001e+00	9.3784830718619677e-02
1.0796875000000001e+00	9.3675752674752116e-02
1.0828125000000000e+00	9.3565331618261638e-02
1.0859375000000000e+00	9.3453565624011636e-02
1.0890625000000000e+00	9.3340452734161014e-02
1.0921875000000001e+00	9.3225990958569885e-02
1.0953125000000001e+00	9.3110178275220612e-02
1.0984375000000000e+00	9.2993012630653987e-02
1.1015625000000000e+00	9.2874491940419926e-02
1.1046875000000000e+00	9.2754614089543441e-02
1.1078125000000001e+00	9.2633376933005371e-02
1.1109375000000001e+00	9.2510778296237786e-02
1.1140625000000000e+00	9.2386815975634209e-02
1.1171875000000000e+00	9.2261487739074569e-02
1.1203125000000000e+00	9.2134791326464613e-02
1.1234375000000001e+00	9.2006724450289817e-02
1.1265625000000001e+00	9.1877284796183761e-02
1.1296875000000000e+00	9.1746470023510968e-02
1.1328125000000000e+00	9.1614277765963842e-02
1.1359375000000000e+00	9.1480705632173781e-02
1.1390625000000001e+00	9.1345751206336617e-02
1.1421875000000001e+00	9.1209412048851649e-02
1.1453125000000000e+00	9.1071685696974963e-02
1.1484375000000000e+00	9.0932569665486240e-02
1.1515625000000000e+00	9.0792061447369371e-02
1.1546875000000001e+00	9.0650158514506682e-02
1.1578125000000001e+00	9.0506858318386632e-02
1.1609375000000000e+00	9.0362158290824626e-02
1.1640625000000000e+00	9.0216055844697357e-02
1.1671875000000000e+00	9.0068548374690138e-02
1.1703125000000001e+00	8.9919633258057102e-02
1.1734375000000001e+00	8.9769307855394373e-02
1.1765625000000000e+00	8.9617569511426007e-02
1.1796875000000000e+00	8.9464415555802312e-02
1.1828125000000000e+00	8.9309843303910813e-02
1.1859375000000001e+00	8.9153850057699366e-02
1.1890625000000001e+00	8.8996433106511605e-02
1.1921875000000000e+00	8.8837589727934096e-02
1.1953125000000000e+00	8.8677317188655735e-02
1.1984375000000000e+00	8.8515612745338507e-02
1.2015625000000001e+00	8.8352473645499904e-02
1.2046875000000001e+00	8.8187897128406828e-02
1.2078125000000002e+00	8.8021880425980512e-02
1.2109375000000000e+00	8.7854420763712623e-02
1.2140625000000000e+00	8.7685515361592234e-02
1.2171875000000001e+00	8.7515161435043287e-02
1.2203125000000001e+00	8.7343356195873023e-02
1.2234375000000002e+00	8.7170096853230225e-02
1.2265625000000000e+00	8.6995380614574014e-02
1.2296875000000000e+00	8.6819204686652343e-02
1.2328125000000001e+00	8.6641566276490514e-02
1.2359375000000001e+00	8.6462462592389128e-02
1.2390625000000002e+00	8.6281890844931458e-02
1.2421875000000000e+00	8.6099848248000044e-02
1.2453125000000000e+00	8.5916332019802200e-02
1.2484375000000001e+00	8.5731339383904481e-02
1.2515625000000001e+00	8.5544867570275518e-02
1.2546875000000002e+00	8.5356913816337435e-02
1.2578125000000000e+00	8.5167475368025186e-02
1.2609375000000000e+00	8.4976549480854188e-02
1.2640625000000001e+00	8.4784133420995209e-02
1.2671875000000001e+00	8.4590224466357264e-02
1.2703125000000002e+00	8.4394819907677388e-02
1.2734375000000000e+00	8.4197917049617751e-02
1.2765625000000000e+00	8.3999513211869353e-02
1.2796875000000001e+00	8.3799605730262725e-02
1.2828125000000001e+00	8.3598191957884344e-02
1.2859375000000002e+00	8.3395269266199862e-02
1.2890625000000000e+00	8.3190835046182840e-02
1.2921875000000000e+00	8.2984886709449229e-02
1.2953125000000001e+00	8.2777421689397265e-02
1.2984375000000001e+00	8.2568437442352524e-02
1.3015625000000002e+00	8.2357931448717919e-02
1.3046875000000000e+00	8.2145901214128278e-02
1.3078125000000000e+00	8.1932344270609608e-02
1.3109375000000001e+00	8.1717258177742155e-02
1.3140625000000001e+00	8.1500640523827550e-02
1.3171875000000002e+00	8.1282488927059804e-02
1.3203125000000000e+00	8.1062801036699383e-02
1.3234375000000000e+00	8.0841574534250574e-02
1.3265625000000001e+00	8.0618807134641687e-02
1.3296875000000001e+00	8.0394496587407965e-02
1.3328125000000002e+00	8.0168640677876726e-02
1.3359375000000000e+00	7.9941237228354570e-02
1.3390625000000000e+00	7.9712284099316480e-02
1.3421875000000001e+00	7.9481779190596472e-02
1.3453125000000001e+00	7.9249720442579427e-02
1.3484375000000002e+00	7.9016105837393824e-02
1.3515625000000000e+00	7.8780933400105585e-02
1.3546875000000000e+00	7.8544201199911887e-02
1.3578125000000001e+00	7.8305907351335358e-02
1.3609375000000001e+00	7.8066050015418248e-02
1.3640625000000002e+00	7.7824627400916044e-02
1.3671875000000000e+00	7.7581637765490499e-02
1.3703125000000000e+00	7.7337079416901683e-02
1.3734375000000001e+00	7.7090950714198678e-02
1.3765625000000001e+00	7.6843250068909005e-02
1.3796875000000002e+00	7.6593975946226203e-02
1.3828125000000000e+00	7.6343126866195030e-02
1.3859375000000000e+00	7.6090701404894476e-02
1.3890625000000001e+00	7.5836698195618266e-02
1.3921875000000001e+00	7.5581115930052192e-02
1.3953125000000002e+00	7.5323953359448401e-02
1.3984375000000000e+00	7.5065209295795854e-02
1.4015625000000000e+00	7.4804882612987358e-02
1.4046875000000001e+00	7.4542972247982162e-02
1.4078125000000001e+00	7.4279477201964594e-02
1.4109375000000002e+00	7.4014396541497343e-02
1.4140625000000000e+00	7.3747729399670586e-02
1.4171875000000000e+00	7.3479474977245288e-02
1.4203125000000001e+00	7.3209632543791189e-02
1.4234375000000001e+00	7.2938201438818809e-02
1.4265625000000002e+00	7.2665181072905663e-02
1.4296875000000000e+00	7.2390570928815734e-02
1.4328125000000000e+00	7.2114370562612357e-02
1.4359375000000001e+00	7.1836579604764333e-02
1.4390625000000001e+00	7.1557197761244376e-02
1.4421875000000002e+00	7.1276224814620454e-02
1.4453125000000000e+00	7.0993660625138996e-02
1.4484375000000000e+00	7.0709505131800118e-02
1.4515625000000001e+00	7.0423758353424445e-02
1.4546875000000001e+00	7.0136420389711157e-02
1.4578125000000002e+00	6.9847491422287203e-02
1.4609375000000000e+00	6.9556971715747151e-02
1.4640625000000000e+00	6.9264861618683685e-02
1.4671875000000001e+00	6.8971161564708075e-02
1.4703125000000001e+00	6.8675872073460750e-02
1.4734375000000002e+00	6.8378993751611591e-02
1.4765625000000000e+00	6.8080527293849211e-02
1.4796875000000000e+00	6.7780473483859863e-02
1.4828125000000001e+00	6.7478833195294713e-02
1.4859375000000001e+00	6.7175607392726072e-02
1.4890625000000002e+00	6.6870797132591600e-02
1.4921875000000000e+00	6.6564403564126656e-02
1.4953125000000000e+00	6.6256427930284550e-02
1.4984375000000001e+00	6.5946871568644122e-02
1.5015625000000001e+00	6.5635735912304566e-02
1.5046875000000002e+00	6.5323022490767421e-02
1.5078125000000000e+00	6.5008732930805085e-02
1.5109375000000000e+00	6.4692868957315824e-02
1.5140625000000001e+00	6.4375432394165238e-02
1.5171875000000001e+00	6.4056425165013420e-02
1.5203125000000002e+00	6.3735849294127941e-02
1.5234375000000000e+00	6.3413706907182441e-02
1.5265625000000000e+00	6.3090000232040366e-02
1.5296875000000001e+00	6.2764731599523602e-02
1.5328125000000001e+00	6.2437903444166068e-02
1.5359375000000002e+00	6.2109518304951788e-02
1.5390625000000000e+00	6.1779578826037185e-02
1.5421875000000000e+00	6.1448087757457540e-02
1.5453125000000001e+00	6.1115047955817424e-02
1.5484375000000001e+00	6.0780462384964373e-02
1.5515625000000002e+00	6.0444334116646389e-02
1.5546875000000000e+00	6.0106666331152581e-02
1.5578125000000000e+00	5.9767462317936518e-02
1.5609375000000001e+00	5.9426725476222637e-02
1.5640625000000001e+00	5.9084459315595181e-02
1.5671875000000002e+00	5.8740667456569307e-02
1.5703125000000000e+00	5.8395353631144745e-02
1.5734375000000000e+00	5.8048521683341153e-02
1.5765625000000001e+00	5.7700175569715240e-02
1.5796875000000001e+00	5.7350319359859778e-02
1.5828125000000002e+00	5.6998957236883717e-02
1.5859375000000000e+00	5.6646093497873737e-02
1.5890625000000000e+00	5.6291732554336817e-02
1.5921875000000001e+00	5.5935878932623709e-02
1.5953125000000001e+00	5.5578537274333088e-02
1.5984375000000002e+00	5.5219712336696321e-02
1.6015625000000000e+00	5.4859408992942678e-02
1.6046875000000000e+00	5.4497632232644727e-02
1.6078125000000001e+00	5.4134387162043794e-02
1.6109375000000001e+00	5.3769679004355544e-02
1.6140625000000002e+00	5.3403513100055193e-02
1.6171875000000000e+00	5.3035894907142458e-02
1.6203125000000000e+00	5.2666830001386084e-02
1.6234375000000001e+00	5.2296324076547836e-02
1.6265625000000001e+00	5.1924382944585554e-02
1.6296875000000002e+00	5.1551012535835584e-02
1.6328125000000000e+00	5.1176218899174307e-02
1.6359375000000000e+00	5.0800008202158339e-02
1.6390625000000001e+00	5.0422386731143860e-02
1.6421875000000001e+00	5.0043360891384524e-02
1.6453125000000002e+00	4.9662937207107995e-02
1.6484375000000000e+00	4.9281122321571169e-02
1.6515625000000000e+00	4.8897922997093668e-02
1.6546875000000001e+00	4.8513346115069939e-02
1.6578125000000001e+00	4.8127398675959401e-02
1.6609375000000002e+00	4.7740087799255086e-02
1.6640625000000000e+00	4.7351420723430286e-02
1.6671875000000000e+00	4.6961404805863222e-02
1.6703125000000001e+00	4.6570047522740111e-02
1.6734375000000001e+00	4.6177356468935775e-02
1.6765625000000002e+00	4.5783339357872564e-02
1.6796875000000000e+00	4.5388004021356995e-02
1.6828125000000000e+00	4.4991358409394396e-02
1.6859375000000001e+00	4.4593410589981175e-02
1.6890625000000001e+00	4.4194168748875232e-02
1.6921875000000002e+00	4.3793641189343827e-02
1.6953125000000000e+00	4.3391836331889491e-02
1.6984375000000000e+00	4.2988762713953632e-02
1.7015625000000001e+00	4.2584428989597758e-02
1.7046875000000001e+00	4.2178843929162782e-02
1.7078125000000002e+00	4.1772016418905773e-02
1.7109375000000000e+00	4.1363955460614749e-02
1.7140625000000000e+00	4.0954670171201142e-02
1.7171875000000001e+00	4.0544169782270038e-02
1.7203125000000001e+00	4.0132463639668520e-02
1.7234375000000002e+00	3.9719561203011580e-02
1.7265625000000000e+00	3.9305472045186203e-02
1.7296875000000000e+00	3.8890205851833289e-02
1.7328125000000001e+00	3.8473772420807711e-02
1.7359375000000001e+00	3.8056181661616062e-02
1.7390625000000002e+00	3.7637443594833404e-02
1.7421875000000000e+00	3.7217568351497185e-02
1.7453125000000000e+00	3.6796566172480005e-02
1.7484375000000001e+00	3.6374447407840731e-02
1.7515625000000001e+00	3.5951222516153791e-02
1.7546875000000002e+00	3.5526902063817235e-02
1.7578125000000000e+00	3.5101496724339223e-02
1.7609375000000000e+00	3.4675017277603241e-02
1.7640625000000001e+00	3.4247474609112219e-02
1.7671875000000001e+00	3.3818879709211484e-02
1.7703125000000002e+00	3.3389243672290694e-02
1.7734375000000000e+00	3.2958577695965045e-02
1.7765625000000000e+00	3.2526893080235680e-02
1.7796875000000001e+00	3.2094201226629440e-02
1.7828125000000001e+00	3.1660513637318199e-02
1.7859375000000002e+00	3.1225841914217928e-02
1.7890625000000000e+00	3.0790197758067458e-02
1.7921875000000000e+00	3.0353592967487169e-02
1.7953125000000001e+00	2.9916039438018110e-02
1.7984375000000001e+00	2.9477549161140971e-02
1.8015625000000002e+00	2.9038134223275742e-02
1.8046875000000000e+00	2.8597806804761969e-02
1.8078125000000000e+00	2.8156579178819731e-02
1.8109375000000001e+00	2.7714463710491560e-02
1.8140625000000001e+00	2.7271472855565630e-02
1.8171875000000002e+00	2.6827619159480152e-02
1.8203125000000000e+00	2.6382915256209338e-02
1.8234375000000000e+00	2.5937373867131137e-02
1.8265625000000001e+00	2.5491007799876834e-02
1.8296875000000001e+00	2.5043829947162814e-02
1.8328125000000002e+00	2.4595853285604648e-02
1.8359375000000000e+00	2.4147090874513864e-02
1.8390625000000000e+00	2.3697555854677220e-02
1.8421875000000001e+00	2.3247261447119392e-02
1.8453125000000001e+00	2.2796220951848512e-02
1.8484375000000002e+00	2.2344447746585457e-02
1.8515625000000000e+00	2.1891955285476647e-02
1.8546875000000000e+00	2.1438757097790948e-02
1.8578125000000001e+00	2.0984866786600730e-02
1.8609375000000001e+00	2.0530298027447311e-02
1.8640625000000002e+00	2.0075064566991180e-02
1.8671875000000000e+00	1.9619180221647218e-02
1.8703125000000000e+00	1.9162658876204948e-02
1.8734375000000001e+00	1.8705514482434623e-02
1.8765625000000001e+00	1.8247761057678578e-02
1.8796875000000002e+00	1.7789412683429168e-02
1.8828125000000000e+00	1.7330483503892630e-02
1.8859375000000000e+00	1.6870987724539734e-02
1.8890625000000001e+00	1.6410939610643129e-02
1.8921875000000001e+00	1.5950353485801989e-02
1.8953125000000002e+00	1.5489243730454141e-02
1.8984375000000000e+00	1.5027624780375837e-02
1.9015625000000000e+00	1.4565511125169647e-02
1.9046875000000001e+00	1.4102917306740573e-02
1.9078125000000001e+00	1.3639857917760978e-02
1.9109375000000002e+00	1.3176347600124426e-02
1.9140625000000000e+00	1.2712401043388579e-02
1.9171875000000000e+00	1.2248032983208047e-02
1.9203125000000001e+00	1.1783258199756761e-02
1.9234375000000001e+00	1.1318091516140757e-02
1.9265625000000002e+00	1.0852547796801408e-02
1.9296875000000000e+00	1.0386641945909589e-02
1.9328125000000000e+00	9.9203889057508324e-03
1.9359375000000001e+00	9.4538036551021012e-03
1.9390625000000001e+00	8.9869012076005134e-03
1.9421875000000002e+00	8.5196966101039103e-03
1.9453125000000000e+00	8.0522049410441509e-03
1.9484375000000000e+00	7.5844413087731528e-03
1.9515625000000001e+00	7.1164208499020741e-03
1.9546875000000001e+00	6.6481587276340090e-03
1.9578125000000002e+00	6.1796701300905693e-03
1.9609375000000000e+00	5.7109702686324775e-03
1.9640625000000000e+00	5.2420743761748961e-03
1.9671875000000001e+00	4.7729977054974341e-03
1.9703125000000001e+00	4.3037555275494263e-03
1.9734375000000002e+00	3.8343631297508697e-03
1.9765625000000000e+00	3.3648358142889757e-03
1.9796875000000000e+00	2.8951888964113795e-03
1.9828125000000001e+00	2.4254377027155237e-03
1.9859375000000001e+00	1.9555975694352506e-03
1.9890625000000002e+00	1.4856838407246414e-03
1.9921875000000000e+00	1.0157118669394962e-03
1.9953125000000000e+00	5.4569700291673883e-04
1.9984375000000001e+00	7.5654606252274136e-05
2.0015624999999999e+00	-3.9439996442249833e-04
2.0046875000000002e+00	-8.6444383740080474e-04
2.0078125000000000e+00	-1.3344623598106702e-03
2.0109375000000003e+00	-1.8044401737995492e-03
2.0140625000000001e+00	-2.2743619243293677e-03
2.0171874999999999e+00	-2.7442122608984580e-03
2.0203125000000002e+00	-3.2139758392619247e-03
2.0234375000000000e+00	-3.6836373231498242e-03
2.0265625000000003e+00	-4.1531813859830855e-03
2.0296875000000001e+00	-4.6225927125866069e-03
2.0328124999999999e+00	-5.0918560008994434e-03
2.0359375000000002e+00	-5.5609559636812531e-03
2.0390625000000000e+00	-6.0298773302153285e-03
2.0421875000000003e+00	-6.4986048480072294e-03
2.0453125000000001e+00	-6.9671232844789963e-03
2.0484374999999999e+00	-7.4354174286587176e-03
2.0515625000000002e+00	-7.9034720928646499e-03
2.0546875000000000e+00	-8.3712721143839996e-03
2.0578125000000003e+00	-8.8388023571459098e-03
2.0609375000000001e+00	-9.3060477133880062e-03
2.0640624999999999e+00	-9.7729931053166796e-03
2.0671875000000002e+00	-1.0239623486760397e-02
2.0703125000000000e+00	-1.0705923844815699e-02
2.0734375000000003e+00	-1.1171879201485815e-02
2.0765625000000001e+00	-1.1637474615311347e-02
2.0796874999999999e+00	-1.2102695182992691e-02
2.0828125000000002e+00	-1.2567526041003994e-02
2.0859375000000000e+00	-1.3031952367198330e-02
2.0890625000000003e+00	-1.3495959382403434e-02
2.0921875000000001e+00	-1.3959532352008265e-02
2.0953124999999999e+00	-1.4422656587539429e-02
2.0984375000000002e+00	-1.4885317448227761e-02
2.1015625000000000e+00	-1.5347500342564182e-02
2.1046875000000003e+00	-1.5809190729845015e-02
2.1078125000000001e+00	-1.6270374121706059e-02
2.1109374999999999e+00	-1.6731036083645394e-02
2.1140625000000002e+00	-1.7191162236534455e-02
2.1171875000000000e+00	-1.7650738258117148e-02
2.1203125000000003e+00	-1.8109749884496637e-02
2.1234375000000001e+00	-1.8568182911609648e-02
2.1265624999999999e+00	-1.9026023196687801e-02
2.1296875000000002e+00	-1.9483256659705898e-02
2.1328125000000000e+00	-1.9939869284816784e-02
2.1359375000000003e+00	-2.0395847121772198e-02
2.1390625000000001e+00	-2.0851176287330197e-02
2.1421874999999999e+00	-2.1305842966647798e-02
2.1453125000000002e+00	-2.1759833414659369e-02
2.1484375000000000e+00	-2.2213133957440061e-02
2.1515625000000003e+00	-2.2665730993554328e-02
2.1546875000000001e+00	-2.3117610995389011e-02
2.1578124999999999e+00	-2.3568760510470927e-02
2.1609375000000002e+00	-2.4019166162768561e-02
2.1640625000000000e+00	-2.4468814653977797e-02
2.1671875000000003e+00	-2.4917692764791183e-02
2.1703125000000001e+00	-2.5365787356150780e-02
2.1734374999999999e+00	-2.5813085370484178e-02
2.1765625000000002e+00	-2.6259573832923554e-02
2.1796875000000000e+00	-2.6705239852507338e-02
2.1828125000000003e+00	-2.7150070623364619e-02
2.1859375000000001e+00	-2.7594053425881726e-02
2.1890624999999999e+00	-2.8037175627851043e-02
2.1921875000000002e+00	-2.8479424685601572e-02
2.1953125000000000e+00	-2.8920788145111436e-02
2.1984375000000003e+00	-2.9361253643101642e-02
2.2015625000000001e+00	-2.9800808908111327e-02
2.2046874999999999e+00	-3.0239441761554041e-02
2.2078125000000002e+00	-3.0677140118755060e-02
2.2109375000000000e+00	-3.1113891989969333e-02
2.2140625000000003e+00	-3.1549685481380187e-02
2.2171875000000001e+00	-3.1984508796078254e-02
2.2203124999999999e+00	-3.2418350235020897e-02
2.2234375000000002e+00	-3.2851198197971450e-02
2.2265625000000000e+00	-3.3283041184418695e-02
2.2296875000000003e+00	-3.3713867794475896e-02
2.2328125000000001e+00	-3.4143666729759638e-02
2.2359374999999999e+00	-3.4572426794248108e-02
2.2390625000000002e+00	-3.5000136895118751e-02
2.2421875000000000e+00	-3.5426786043565230e-02
2.2453125000000003e+00	-3.5852363355593483e-02
2.2484375000000001e+00	-3.6276858052796762e-02
2.2515624999999999e+00	-3.6700259463109619e-02
2.2546875000000002e+00	-3.7122557021540679e-02
2.2578125000000000e+00	-3.7543740270884030e-02
2.2609375000000003e+00	-3.7963798862409304e-02
2.2640625000000001e+00	-3.8382722556530212e-02
2.2671874999999999e+00	-3.8800501223451418e-02
2.2703125000000002e+00	-3.9217124843793957e-02
2.2734375000000000e+00	-3.9632583509198661e-02
2.2765625000000003e+00	-4.0046867422907896e-02
2.2796875000000001e+00	-4.0459966900325418e-02
2.2828124999999999e+00	-4.0871872369554266e-02
2.2859375000000002e+00	-4.1282574371912725e-02
2.2890625000000000e+00	-4.1692063562428140e-02
2.2921875000000003e+00	-4.2100330710308775e-02
2.2953125000000001e+00	-4.2507366699393367e-02
2.2984374999999999e+00	-4.2913162528578776e-02
2.3015625000000002e+00	-4.3317709312225165e-02
2.3046875000000000e+00	-4.3720998280539269e-02
2.3078125000000003e+00	-4.4123020779935199e-02
2.3109375000000001e+00	-4.4523768273373170e-02
2.3140624999999999e+00	-4.4923232340675912e-02
2.3171875000000002e+00	-4.5321404678822827e-02
2.3203125000000000e+00	-4.5718277102222059e-02
2.3234375000000003e+00	-4.6113841542960110e-02
2.3265625000000001e+00	-4.6508090051029453e-02
2.3296874999999999e+00	-4.6901014794533867e-02
2.3328125000000002e+00	-4.7292608059871573e-02
2.3359375000000000e+00	-4.7682862251896302e-02
2.3390625000000003e+00	-4.8071769894056308e-02
2.3421875000000001e+00	-4.8459323628511186e-02
2.3453124999999999e+00	-4.8845516216226827e-02
2.3484375000000002e+00	-4.9230340537048334e-02
2.3515625000000000e+00	-4.9613789589751059e-02
2.3546875000000003e+00	-4.9995856492069869e-02
2.3578125000000001e+00	-5.0376534480706461e-02
2.3609374999999999e+00	-5.0755816911315282e-02
2.3640625000000002e+00	-5.1133697258467496e-02
2.3671875000000000e+00	-5.1510169115593626e-02
2.3703125000000003e+00	-5.1885226194904752e-02
2.3734375000000001e+00	-5.2258862327292169e-02
2.3765624999999999e+00	-5.2631071462205990e-02
2.3796875000000002e+00	-5.3001847667512383e-02
2.3828125000000000e+00	-5.3371185129330104e-02
2.3859375000000003e+00	-5.3739078151845483e-02
2.3890625000000001e+00	-5.4105521157107345e-02
2.3921874999999999e+00	-5.4470508684800509e-02
2.3953125000000002e+00	-5.4834035391999172e-02
2.3984375000000000e+00	-5.5196096052899650e-02
2.4015625000000003e+00	-5.5556685558532819e-02
2.4046875000000001e+00	-5.5915798916456427e-02
2.4078125000000004e+00	-5.6273431250427226e-02
2.4109375000000002e+00	-5.6629577800053392e-02
2.4140625000000000e+00	-5.6984233920427133e-02
2.4171875000000003e+00	-5.7337395081737574e-02
2.4203125000000001e+00	-5.7689056868864497e-02
2.4234375000000004e+00	-5.8039214980952505e-02
2.4265625000000002e+00	-5.8387865230966403e-02
2.4296875000000000e+00	-5.8735003545227288e-02
2.4328125000000003e+00	-5.9080625962930323e-02
2.4359375000000001e+00	-5.9424728635643513e-02
2.4390625000000004e+00	-5.9767307826788435e-02
2.4421875000000002e+00	-6.0108359911102555e-02
2.4453125000000000e+00	-6.0447881374083696e-02
2.4484375000000003e+00	-6.0785868811416531e-02
2.4515625000000001e+00	-6.1122318928381617e-02
2.4546875000000004e+00	-6.1457228539246872e-02
2.4578125000000002e+00	-6.1790594566642029e-02
2.4609375000000000e+00	-6.2122414040915855e-02
2.4640625000000003e+00	-6.2452684099476831e-02
2.4671875000000001e+00	-6.2781401986117091e-02
2.4703125000000004e+00	-6.3108565050320073e-02
2.4734375000000002e+00	-6.3434170746551999e-02
2.4765625000000000e+00	-6.3758216633537562e-02
2.4796875000000003e+00	-6.4080700373519761e-02
2.4828125000000001e+00	-6.4401619731504420e-02
2.4859375000000004e+00	-6.4720972574489513e-02
2.4890625000000002e+00	-6.5038756870679351e-02
2.4921875000000000e+00	-6.5354970688684205e-02
2.4953125000000003e+00	-6.5669612196705390e-02
2.4984375000000001e+00	-6.5982679661705970e-02
2.5015625000000004e+00	-6.6294171448567640e-02
2.5046875000000002e+00	-6.6604086019233760e-02
2.5078125000000000e+00	-6.6912421931838870e-02
2.5109375000000003e+00	-6.7219177839825034e-02
2.5140625000000001e+00	-6.7524352491045062e-02
2.5171875000000004e+00	-6.7827944726853120e-02
2.5203125000000002e+00	-6.8129953481182837e-02
2.5234375000000000e+00	-6.8430377779613083e-02
2.5265625000000003e+00	-6.8729216738422028e-02
2.5296875000000001e+00	-6.9026469563629261e-02
2.5328125000000004e+00	-6.9322135550026684e-02
2.5359375000000002e+00	-6.9616214080198219e-02
2.5390625000000000e+00	-6.9908704623528495e-02
2.5421875000000003e+00	-7.0199606735201273e-02
2.5453125000000001e+00	-7.0488920055187060e-02
2.5484375000000004e+00	-7.0776644307221137e-02
2.5515625000000002e+00	-7.1062779297771550e-02
2.5546875000000000e+00	-7.1347324914997720e-02
2.5578125000000003e+00	-7.1630281127699688e-02
2.5609375000000001e+00	-7.1911647984258628e-02
2.5640625000000004e+00	-7.2191425611568549e-02
2.5671875000000002e+00	-7.2469614213959699e-02
2.5703125000000000e+00	-7.2746214072113874e-02
2.5734375000000003e+00	-7.3021225541971935e-02
2.5765625000000001e+00	-7.3294649053633767e-02
2.5796875000000004e+00	-7.3566485110251004e-02
2.5828125000000002e+00	-7.3836734286912856e-02
2.5859375000000000e+00	-7.4105397229525263e-02
2.5890625000000003e+00	-7.4372474653683698e-02
2.5921875000000001e+00	-7.4637967343539807e-02
2.5953125000000004e+00	-7.4901876150662280e-02
2.5984375000000002e+00	-7.5164201992892338e-02
2.6015625000000000e+00	-7.5424945853193842e-02
2.6046875000000003e+00	-7.5684108778498529e-02
2.6078125000000001e+00	-7.5941691878546602e-02
2.6109375000000004e+00	-7.6197696324723022e-02
2.6140625000000002e+00	-7.6452123348889650e-02
2.6171875000000000e+00	-7.6704974242213717e-02
2.6203125000000003e+00	-7.6956250353992645e-02
2.6234375000000001e+00	-7.7205953090475787e-02
2.6265625000000004e+00	-7.7454083913683344e-02
2.6296875000000002e+00	-7.7700644340222350e-02
2.6328125000000000e+00	-7.7945635940100733e-02
2.6359375000000003e+00	-7.8189060335538768e-02
2.6390625000000001e+00	-7.8430919199779570e-02
2.6421875000000004e+00	-7.8671214255897168e-02
2.6453125000000002e+00	-7.8909947275604089e-02
2.6484375000000000e+00	-7.9147120078057645e-02
2.6515625000000003e+00	-7.9382734528665705e-02
2.6546875000000001e+00	-7.9616792537892223e-02
2.6578125000000004e+00	-7.9849296060062511e-02
2.6609375000000002e+00	-8.0080247092168752e-02
2.6640625000000000e+00	-8.0309647672675941e-02
2.6671875000000003e+00	-8.0537499880328836e-02
2.6703125000000001e+00	-8.0763805832959640e-02
2.6734375000000004e+00	-8.0988567686297128e-02
2.6765625000000002e+00	-8.1211787632777324e-02
2.6796875000000000e+00	-8.1433467900356118e-02
2.6828125000000003e+00	-8.1653610751323755e-02
2.6859375000000001e+00	-8.1872218481122028e-02
2.6890625000000004e+00	-8.2089293417163797e-02
2.6921875000000002e+00	-8.2304837917655721e-02
2.6953125000000000e+00	-8.2518854370423944e-02
2.6984375000000003e+00	-8.2731345191743369e-02
2.7015625000000001e+00	-8.2942312825170478e-02
2.7046875000000004e+00	-8.3151759740380249e-02
2.7078125000000002e+00	-8.3359688432007223e-02
2.7109375000000000e+00	-8.3566101418491037e-02
2.7140625000000003e+00	-8.3771001240926554e-02
2.7171875000000001e+00	-8.3974390461919304e-02
2.7203125000000004e+00	-8.4176271664445676e-02
2.7234375000000002e+00	-8.4376647450718892e-02
2.7265625000000000e+00	-8.4575520441060495e-02
2.7296875000000003e+00	-8.4772893272777955e-02
2.7328125000000001e+00	-8.4968768599048256e-02
2.7359375000000004e+00	-8.5163149087807991e-02
2.7390625000000002e+00	-8.5356037420650149e-02
2.7421875000000000e+00	-8.5547436291727619e-02
2.7453125000000003e+00	-8.5737348406663957e-02
2.7484375000000001e+00	-8.5925776481471400e-02
2.7515625000000004e+00	-8.6112723241476397e-02
2.7546875000000002e+00	-8.6298191420253093e-02
2.7578125000000000e+00	-8.6482183758564424e-02
2.7609375000000003e+00	-8.6664703003311971e-02
2.7640625000000001e+00	-8.6845751906493601e-02
2.7671875000000004e+00	-8.7025333224170290e-02
2.7703125000000002e+00	-8.7203449715441361e-02
2.7734375000000000e+00	-8.7380104141429188e-02
2.7765625000000003e+00	-8.7555299264272482e-02
2.7796875000000001e+00	-8.7729037846129773e-02
2.7828125000000004e+00	-8.7901322648192073e-02
2.7859375000000002e+00	-8.8072156429705353e-02
2.7890625000000000e+00	-8.8241541947003246e-02
2.7921875000000003e+00	-8.8409481952549801e-02
2.7953125000000001e+00	-8.8575979193992641e-02
2.7984375000000004e+00	-8.8741036413226823e-02
2.8015625000000002e+00	-8.8904656345469110e-02
2.8046875000000000e+00	-8.9066841718343587e-02
2.8078125000000003e+00	-8.9227595250978037e-02
2.8109375000000001e+00	-8.9386919653111671e-02
2.8140625000000004e+00	-8.9544817624214360e-02
2.8171875000000002e+00	-8.9701291852617368e-02
2.8203125000000000e+00	-8.9856345014655767e-02
2.8234375000000003e+00	-9.0009979773822912e-02
2.8265625000000001e+00	-9.0162198779936809e-02
2.8296875000000004e+00	-9.0313004668318764e-02
2.8328125000000002e+00	-9.0462400058984455e-02
2.8359375000000000e+00	-9.0610387555847105e-02
2.8390625000000003e+00	-9.0756969745933877e-02
2.8421875000000001e+00	-9.0902149198614543e-02
2.8453125000000004e+00	-9.1045928464843273e-02
2.8484375000000002e+00	-9.1188310076413301e-02
2.8515625000000000e+00	-9.1329296545224953e-02
2.8546875000000003e+00	-9.1468890362566668e-02
2.8578125000000001e+00	-9.1607093998409730e-02
2.8609375000000004e+00	-9.1743909900716070e-02
2.8640625000000002e+00	-9.1879340494760167e-02
2.8671875000000000e+00	-9.2013388182464406e-02
2.8703125000000003e+00	-9.2146055341748204e-02
2.8734375000000001e+00	-9.2277344325891159e-02
2.8765625000000004e+00	-9.2407257462910355e-02
2.8796875000000002e+00	-9.2535797054951657e-02
2.8828125000000000e+00	-9.2662965377695111e-02
2.8859375000000003e+00	-9.2788764679774843e-02
2.8890625000000001e+00	-9.2913197182213331e-02
2.8921875000000004e+00	-9.3036265077870078e-02
2.8953125000000002e+00	-9.3157970530904827e-02
2.8984375000000000e+00	-9.3278315676255358e-02
2.9015625000000003e+00	-9.3397302619130249e-02
2.9046875000000001e+00	-9.3514933434515890e-02
2.9078125000000004e+00	-9.3631210166698994e-02
2.9109375000000002e+00	-9.3746134828803340e-02
2.9140625000000000e+00	-9.3859709402341895e-02
2.9171875000000003e+00	-9.3971935836783746e-02
2.9203125000000001e+00	-9.4082816049136195e-02
2.9234375000000004e+00	-9.4192351923541848e-02
2.9265625000000002e+00	-9.4300545310890840e-02
2.9296875000000000e+00	-9.4407398028448289e-02
2.9328125000000003e+00	-9.4512911859497062e-02
2.9359375000000001e+00	-9.4617088552995596e-02
2.9390625000000004e+00	-9.4719929823251156e-02
2.9421875000000002e+00	-9.4821437349608351e-02
2.9453125000000000e+00	-9.4921612776152839e-02
2.9484375000000003e+00	-9.5020457711430792e-02
2.9515625000000001e+00	-9.5117973728183217e-02
2.9546875000000004e+00	-9.5214162363095961e-02
2.9578125000000002e+00	-9.5309025116565207e-02
2.9609375000000000e+00	-9.5402563452478037e-02
2.9640625000000003e+00	-9.5494778798008703e-02
2.9671875000000001e+00	-9.5585672543430089e-02
2.9703125000000004e+00	-9.5675246041940706e-02
2.9734375000000002e+00	-9.5763500609507141e-02
2.9765625000000000e+00	-9.5850437524721666e-02
2.9796875000000003e+00	-9.5936058028675358e-02
2.9828125000000001e+00	-9.6020363324846703e-02
2.9859375000000004e+00	-9.6103354579005290e-02
2.9890625000000002e+00	-9.6185032919130969e-02
2.9921875000000000e+00	-9.6265399435348356e-02
2.9953125000000003e+00	-9.6344455179876456e-02
2.9984375000000001e+00	-9.6422201166993557e-02
3.0015625000000004e+00	-9.6498638373017420e-02
3.0046875000000002e+00	-9.6573742867335818e-02
3.0078125000000000e+00	-9.6647541001408654e-02
3.0109375000000003e+00	-9.6720033624955112e-02
3.0140625000000001e+00	-9.6791221550062659e-02
3.0171875000000004e+00	-9.6861105551238155e-02
3.0203125000000002e+00	-9.6929686365473638e-02
3.0234375000000000e+00	-9.6996964692326867e-02
3.0265625000000003e+00	-9.7062941194017427e-02
3.0296875000000001e+00	-9.7127616495536695e-02
3.0328125000000004e+00	-9.7190991184773604e-02
3.0359375000000002e+00	-9.7253065812654083e-02
3.0390625000000000e+00	-9.7313840893295936e-02
3.0421875000000003e+00	-9.7373316904177817e-02
3.0453125000000001e+00	-9.7431494286322862e-02
3.0484375000000004e+00	-9.7488373444496540e-02
3.0515625000000002e+00	-9.7543954747419059e-02
3.0546875000000000e+00	-9.7598238527991654e-02
3.0578125000000003e+00	-9.7651225083537491e-02
3.0609375000000001e+00	-9.7702914676056074e-02
3.0640625000000004e+00	-9.7753307532492076e-02
3.0671875000000002e+00	-9.7802403845017635e-02
3.0703125000000000e+00	-9.7850203771328789e-02
3.0734375000000003e+00	-9.7896707434955307e-02
3.0765625000000001e+00	-9.7941914925584017e-02
3.0796875000000004e+00	-9.7985826299396075e-02
3.0828125000000002e+00	-9.8028441579416800e-02
3.0859375000000000e+00	-9.8069760755879531e-02
3.0890625000000003e+00	-9.8109783786602026e-02
3.0921875000000001e+00	-9.8148510597376171e-02
3.0953125000000004e+00	-9.8185941082370512e-02
3.0984375000000002e+00	-9.8222075104545475e-02
3.1015625000000000e+00	-9.8256912496081372e-02
3.1046875000000003e+00	-9.8290453058818797e-02
3.1078125000000001e+00	-9.8322696564711459e-02
3.1109375000000004e+00	-9.8353642756291465e-02
3.1140625000000002e+00	-9.8383291347146309e-02
3.1171875000000000e+00	-9.8411642022408291e-02
3.1203125000000003e+00	-9.8438694439255653e-02
3.1234375000000001e+00	-9.8464448227425297e-02
3.1265625000000004e+00	-9.8488902989737406e-02
3.1296875000000002e+00	-9.8512058302631142e-02
3.1328125000000000e+00	-9.8533913716711982e-02
3.1359375000000003e+00	-9.8554468757309999e-02
3.1390625000000001e+00	-9.8573722925049220e-02
3.1421875000000004e+00	-9.8591675696427863e-02
3.1453125000000002e+00	-9.8608326524409276e-02
3.1484375000000000e+00	-9.8623674839023359e-02
3.1515625000000003e+00	-9.8637720047978605e-02
3.1546875000000001e+00	-9.8650461537284018e-02
3.1578125000000004e+00	-9.8661898671881437e-02
3.1609375000000002e+00	-9.8672030796287793e-02
3.1640625000000000e+00	-9.8680857235246666e-02
3.1671875000000003e+00	-9.8688377294390256e-02
3.1703125000000001e+00	-9.8694590260909806e-02
3.1734375000000004e+00	-9.8699495404236268e-02
3.1765625000000002e+00	-9.8703091976729218e-02
3.1796875000000000e+00	-9.8705379214375333e-02
3.1828125000000003e+00	-9.8706356337495110e-02
3.1859375000000001e+00	-9.8706022551458730e-02
3.1890625000000004e+00	-9.8704377047409683e-02
3.1921875000000002e+00	-9.8701419002997254e-02
3.1953125000000000e+00	-9.8697147583116457e-02
3.1984375000000003e+00	-9.8691561940656397e-02
3.2015625000000001e+00	-9.8684661217255956e-02
3.2046875000000004e+00	-9.8676444544067043e-02
3.2078125000000002e+00	-9.8666911042525368e-02
3.2109375000000000e+00	-9.8656059825128095e-02
3.2140625000000003e+00	-9.8643889996218634e-02
3.2171875000000001e+00	-9.8630400652778158e-02
3.2203125000000004e+00	-9.8615590885223606e-02
3.2234375000000002e+00	-9.8599459778212259e-02
3.2265625000000000e+00	-9.8582006411452441e-02
3.2296875000000003e+00	-9.8563229860520032e-02
3.2328125000000001e+00	-9.8543129197681267e-02
3.2359375000000004e+00	-9.8521703492720644e-02
3.2390625000000002e+00	-9.8498951813774591e-02
3.2421875000000000e+00	-9.8474873228170362e-02
3.2453125000000003e+00	-9.8449466803269783e-02
3.2484375000000001e+00	-9.8422731607318042e-02
3.2515625000000004e+00	-9.8394666710296980e-02
3.2546875000000002e+00	-9.8365271184782985e-02
3.2578125000000000e+00	-9.8334544106809085e-02
3.2609375000000003e+00	-9.8302484556730935e-02
3.2640625000000001e+00	-9.8269091620096907e-02
3.2671875000000004e+00	-9.8234364388521761e-02
3.2703125000000002e+00	-9.8198301960563589e-02
3.2734375000000000e+00	-9.8160903442604280e-02
3.2765625000000003e+00	-9.8122167949732803e-02
3.2796875000000001e+00	-9.8082094606631545e-02
3.2828125000000004e+00	-9.8040682548465138e-02
3.2859375000000002e+00	-9.7997930921771767e-02
3.2890625000000000e+00	-9.7953838885356651e-02
3.2921875000000003e+00	-9.7908405611187688e-02
3.2953125000000001e+00	-9.7861630285292989e-02
3.2984375000000004e+00	-9.7813512108659628e-02
3.3015625000000002e+00	-9.7764050298134259e-02
3.3046875000000000e+00	-9.7713244087324708e-02
3.3078125000000003e+00	-9.7661092727502744e-02
3.3109375000000001e+00	-9.7607595488507282e-02
3.3140625000000004e+00	-9.7552751659648732e-02
3.3171875000000002e+00	-9.7496560550613134e-02
3.3203125000000000e+00	-9.7439021492367051e-02
3.3234375000000003e+00	-9.7380133838061919e-02
3.3265625000000001e+00	-9.7319896963938557e-02
3.3296875000000004e+00	-9.7258310270231088e-02
3.3328125000000002e+00	-9.7195373182070097e-02
3.3359375000000000e+00	-9.7131085150385210e-02
3.3390625000000003e+00	-9.7065445652806365e-02
3.3421875000000001e+00	-9.6998454194564029e-02
3.3453125000000004e+00	-9.6930110309387738e-02
3.3484375000000002e+00	-9.6860413560403244e-02
3.3515625000000000e+00	-9.6789363541027518e-02
3.3546875000000003e+00	-9.6716959875861819e-02
3.3578125000000001e+00	-9.6643202221582541e-02
3.3609375000000004e+00	-9.6568090267829435e-02
3.3640625000000002e+00	-9.6491623738091156e-02
3.3671875000000000e+00	-9.6413802390588124e-02
3.3703125000000003e+00	-9.6334626019152061e-02
3.3734375000000001e+00	-9.6254094454102407e-02
3.3765625000000004e+00	-9.6172207563119005e-02
3.3796875000000002e+00	-9.6088965252111511e-02
3.3828125000000000e+00	-9.6004367466084456e-02
3.3859375000000003e+00	-9.5918414189998719e-02
3.3890625000000001e+00	-9.5831105449628098e-02
3.3921875000000004e+00	-9.5742441312411969e-02
3.3953125000000002e+00	-9.5652421888303044e-02
3.3984375000000000e+00	-9.5561047330610160e-02
3.4015625000000003e+00	-9.5468317836836208e-02
3.4046875000000001e+00	-9.5374233649510698e-02
3.4078125000000004e+00	-9.5278795057016724e-02
3.4109375000000002e+00	-9.5182002394412810e-02
3.4140625000000000e+00	-9.5083856044248113e-02
3.4171875000000003e+00	-9.4984356437372380e-02
3.4203125000000001e+00	-9.4883504053739381e-02
3.4234375000000004e+00	-9.4781299423203735e-02
3.4265625000000002e+00	-9.4677743126311567e-02
3.4296875000000000e+00	-9.4572835795084118e-02
3.4328125000000003e+00	-9.4466578113794539e-02
3.4359375000000001e+00	-9.4358970819737556e-02
3.4390625000000004e+00	-9.4250014703991664e-02
3.4421875000000002e+00	-9.4139710612174118e-02
3.4453125000000000e+00	-9.4028059445187995e-02
3.4484375000000003e+00	-9.3915062159961635e-02
3.4515625000000001e+00	-9.3800719770179800e-02
3.4546875000000004e+00	-9.3685033347007035e-02
3.4578125000000002e+00	-9.3568004019802212e-02
3.4609375000000000e+00	-9.3449632976824903e-02
3.4640625000000003e+00	-9.3329921465932913e-02
3.4671875000000001e+00	-9.3208870795270987e-02
3.4703125000000004e+00	-9.3086482333950407e-02
3.4734375000000002e+00	-9.2962757512719416e-02
3.4765625000000000e+00	-9.2837697824624504e-02
3.4796875000000003e+00	-9.2711304825661894e-02
3.4828125000000001e+00	-9.2583580135419355e-02
3.4859375000000004e+00	-9.2454525437708490e-02
3.4890625000000002e+00	-9.2324142481186741e-02
3.4921875000000000e+00	-9.2192433079969410e-02
3.4953125000000003e+00	-9.2059399114231250e-02
3.4984375000000001e+00	-9.1925042530797904e-02
3.5015625000000004e+00	-9.1789365343726365e-02
3.5046875000000002e+00	-9.1652369634875136e-02
3.5078125000000000e+00	-9.1514057554463152e-02
3.5109375000000003e+00	-9.1374431321617933e-02
3.5140625000000001e+00	-9.1233493224912490e-02
3.5171875000000004e+00	-9.1091245622890935e-02
3.5203125000000002e+00	-9.0947690944582840e-02
3.5234375000000000e+00	-9.0802831690005706e-02
3.5265625000000003e+00	-9.0656670430656117e-02
3.5296875000000001e+00	-9.0509209809988986e-02
3.5328125000000004e+00	-9.0360452543884542e-02
3.5359375000000002e+00	-9.0210401421103939e-02
3.5390625000000000e+00	-9.0059059303731981e-02
3.5421875000000003e+00	-8.9906429127607990e-02
3.5453125000000001e+00	-8.9752513902744149e-02
3.5484375000000004e+00	-8.9597316713731320e-02
3.5515625000000002e+00	-8.9440840720132211e-02
3.5546875000000000e+00	-8.9283089156861922e-02
3.5578125000000003e+00	-8.9124065334555372e-02
3.5609375000000001e+00	-8.8963772639922209e-02
3.5640625000000004e+00	-8.8802214536088192e-02
3.5671875000000002e+00	-8.8639394562923843e-02
3.5703125000000000e+00	-8.8475316337359541e-02
3.5734375000000003e+00	-8.8309983553687521e-02
3.5765625000000001e+00	-8.8143399983850332e-02
3.5796875000000004e+00	-8.7975569477715745e-02
3.5828125000000002e+00	-8.7806495963338158e-02
3.5859375000000000e+00	-8.7636183447206292e-02
3.5890625000000003e+00	-8.7464636014477154e-02
3.5921875000000001e+00	-8.7291857829196087e-02
3.5953125000000004e+00	-8.7117853134502959e-02
3.5984375000000002e+00	-8.6942626252824506e-02
3.6015625000000000e+00	-8.6766181586052274e-02
3.6046875000000003e+00	-8.6588523615706958e-02
3.6078125000000001e+00	-8.6409656903088092e-02
3.6109375000000004e+00	-8.6229586089409768e-02
3.6140625000000002e+00	-8.6048315895922031e-02
3.6171875000000000e+00	-8.5865851124017914e-02
3.6203125000000003e+00	-8.5682196655326018e-02
3.6234375000000001e+00	-8.5497357451788769e-02
3.6265625000000004e+00	-8.5311338555726035e-02
3.6296875000000002e+00	-8.5124145089884501e-02
3.6328125000000000e+00	-8.4935782257472031e-02
3.6359375000000003e+00	-8.4746255342177904e-02
3.6390625000000001e+00	-8.4555569708178013e-02
3.6421875000000004e+00	-8.4363730800125755e-02
3.6453125000000002e+00	-8.4170744143127904e-02
3.6484375000000000e+00	-8.3976615342706062e-02
3.6515625000000003e+00	-8.3781350084743106e-02
3.6546875000000001e+00	-8.3584954135415043e-02
3.6578125000000004e+00	-8.3387433341108139e-02
3.6609375000000002e+00	-8.3188793628321100e-02
3.6640625000000000e+00	-8.2989041003552588e-02
3.6671875000000003e+00	-8.2788181553173967e-02
3.6703125000000001e+00	-8.2586221443287103e-02
3.6734375000000004e+00	-8.2383166919567541e-02
3.6765625000000002e+00	-8.2179024307092799e-02
3.6796875000000000e+00	-8.1973800010155917e-02
3.6828125000000003e+00	-8.1767500512064203e-02
3.6859375000000001e+00	-8.1560132374923197e-02
3.6890625000000004e+00	-8.1351702239405951e-02
3.6921875000000002e+00	-8.1142216824507618e-02
3.6953125000000000e+00	-8.0931682927285239e-02
3.6984375000000003e+00	-8.0720107422582871e-02
3.7015625000000001e+00	-8.0507497262742173e-02
3.7046875000000004e+00	-8.0293859477298238e-02
3.7078125000000002e+00	-8.0079201172660930e-02
3.7109375000000000e+00	-7.9863529531781718e-02
3.7140625000000003e+00	-7.9646851813805958e-02
3.7171875000000001e+00	-7.9429175353710607e-02
3.7203125000000004e+00	-7.9210507561927782e-02
3.7234375000000002e+00	-7.8990855923953829e-02
3.7265625000000000e+00	-7.8770227999943918e-02
3.7296875000000003e+00	-7.8548631424292831e-02
3.7328125000000001e+00	-7.8326073905201118e-02
3.7359375000000004e+00	-7.8102563224227303e-02
3.7390625000000002e+00	-7.7878107235826194e-02
3.7421875000000000e+00	-7.7652713866872919e-02
3.7453125000000003e+00	-7.7426391116173263e-02
3.7484375000000001e+00	-7.7199147053960082e-02
3.7515625000000004e+00	-7.6970989821375957e-02
3.7546875000000002e+00	-7.6741927629942169e-02
3.7578125000000000e+00	-7.6511968761014099e-02
3.7609375000000003e+00	-7.6281121565223139e-02
3.7640625000000001e+00	-7.6049394461905104e-02
3.7671875000000004e+00	-7.5816795938515397e-02
3.7703125000000002e+00	-7.5583334550030912e-02
3.7734375000000000e+00	-7.5349018918338825e-02
3.7765625000000003e+00	-7.5113857731612374e-02
3.7796875000000001e+00	-7.4877859743673586e-02
3.7828125000000004e+00	-7.4641033773343371e-02
3.7859375000000002e+00	-7.4403388703778855e-02
3.7890625000000000e+00	-7.4164933481797965e-02
3.7921875000000003e+00	-7.3925677117191807e-02
3.7953125000000001e+00	-7.3685628682024398e-02
3.7984375000000004e+00	-7.3444797309920429e-02
3.8015625000000002e+00	-7.3203192195340730e-02
3.8046875000000000e+00	-7.2960822592845725e-02
3.8078125000000003e+00	-7.2717697816347279e-02
3.8109375000000001e+00	-7.2473827238348457e-02
3.8140625000000004e+00	-7.2229220289172058e-02
3.8171875000000002e+00	-7.1983886456177343e-02
3.8203125000000000e+00	-7.1737835282965762e-02
3.8234375000000003e+00	-7.1491076368575268e-02
3.8265625000000001e+00	-7.1243619366663721e-02
3.8296875000000004e+00	-7.0995473984681409e-02
3.8328125000000002e+00	-7.0746649983032789e-02
3.8359375000000000e+00	-7.0497157174227679e-02
3.8390625000000003e+00	-7.0247005422021988e-02
3.8421875000000001e+00	-6.9996204640548246e-02
3.8453125000000004e+00	-6.9744764793435901e-02
3.8484375000000002e+00	-6.9492695892921813e-02
3.8515625000000000e+00	-6.9240007998950817e-02
3.8546875000000003e+00	-6.8986711218266744e-02
3.8578125000000001e+00	-6.8732815703494030e-02
3.8609375000000004e+00	-6.8478331652209859e-02
3.8640625000000002e+00	-6.8223269306007389e-02
3.8671875000000000e+00	-6.7967638949549922e-02
3.8703125000000003e+00	-6.7711450909616361e-02
3.8734375000000001e+00	-6.7454715554138012e-02
3.8765625000000004e+00	-6.7197443291227024e-02
3.8796875000000002e+00	-6.6939644568196649e-02
3.8828125000000000e+00	-6.6681329870573292e-02
3.8859375000000003e+00	-6.6422509721100906e-02
3.8890625000000001e+00	-6.6163194678737533e-02
3.8921875000000004e+00	-6.5903395337644485e-02
3.8953125000000002e+00	-6.5643122326168105e-02
3.8984375000000000e+00	-6.5382386305814597e-02
3.9015625000000003e+00	-6.5121197970217690e-02
3.9046875000000001e+00	-6.4859568044099869e-02
3.9078125000000004e+00	-6.4597507282226865e-02
3.9109375000000002e+00	-6.4335026468355844e-02
3.9140625000000000e+00	-6.4072136414177652e-02
3.9171875000000003e+00	-6.3808847958252826e-02
3.9203125000000001e+00	-6.3545171964942193e-02
3.9234375000000004e+00	-6.3281119323331678e-02
3.9265625000000002e+00	-6.3016700946151971e-02
3.9296875000000000e+00	-6.2751927768693011e-02
3.9328125000000003e+00	-6.2486810747713513e-02
3.9359375000000001e+00	-6.2221360860345867e-02
3.9390625000000004e+00	-6.1955589102996513e-02
3.9421875000000002e+00	-6.1689506490241977e-02
3.9453125000000000e+00	-6.1423124053720933e-02
3.9484375000000003e+00	-6.1156452841022280e-02
3.9515625000000001e+00	-6.0889503914569633e-02
3.9546875000000004e+00	-6.0622288350502346e-02
3.9578125000000002e+00	-6.0354817237553308e-02
3.9609375000000000e+00	-6.0087101675923682e-02
3.9640625000000003e+00	-5.9819152776154905e-02
3.9671875000000001e+00	-5.9550981657998020e-02
3.9703125000000004e+00	-5.9282599449280708e-02
3.9734375000000002e+00	-5.9014017284772048e-02
3.9765625000000000e+00	-5.8745246305045448e-02
3.9796875000000003e+00	-5.8476297655339737e-02
3.9828125000000001e+00	-5.8207182484418855e-02
3.9859375000000004e+00	-5.7937911943430107e-02
3.9890625000000002e+00	-5.7668497184761441e-02
3.9921875000000000e+00	-5.7398949360897816e-02
3.9953125000000003e+00	-5.7129279623276887e-02
3.9984375000000001e+00	-5.6859499121144345e-02
