6.2500000000000003e-03	-2.0165045096909254e-02
1.8750000000000003e-02	-2.0165045096909254e-02
3.1250000000000000e-02	-2.0165045096909254e-02
4.3750000000000004e-02	-2.0165045096909254e-02
5.6250000000000001e-02	-2.0165045096909254e-02
6.8750000000000006e-02	-2.0165045096909254e-02
8.1250000000000003e-02	-2.0165045096909254e-02
9.3750000000000000e-02	-2.0165045096909254e-02
1.0625000000000001e-01	-2.0165045096909254e-02
1.1875000000000001e-01	-2.0165045096909254e-02
1.3125000000000001e-01	-2.0165045096909254e-02
1.4375000000000002e-01	-2.0165045096909254e-02
1.5625000000000000e-01	-2.0165045096909254e-02
1.6875000000000001e-01	-2.0165045096909254e-02
1.8125000000000002e-01	-2.0165045096909254e-02
1.9375000000000001e-01	-2.0165045096909254e-02
2.0625000000000002e-01	-2.0165045096909254e-02
2.1875000000000000e-01	-2.0165045096909254e-02
2.3125000000000001e-01	-2.0165045096909254e-02
2.4375000000000002e-01	-2.0165045096909254e-02
2.5625000000000003e-01	-2.0165045096909254e-02
2.6874999999999999e-01	-2.0165045096909254e-02
2.8125000000000000e-01	-2.0165045096909254e-02
2.9375000000000001e-01	-2.0165045096909254e-02
3.0625000000000002e-01	-2.0165045096909254e-02
3.1875000000000003e-01	-2.0165045096909254e-02
3.3125000000000004e-01	-2.0165045096909254e-02
3.4375000000000000e-01	-2.0165045096909254e-02
3.5625000000000001e-01	-2.0165045096909254e-02
3.6875000000000002e-01	-2.0165045096909254e-02
3.8125000000000003e-01	-2.0165045096909254e-02
3.9375000000000004e-01	-2.0165045096909254e-02
4.0625000000000000e-01	-2.0165045096909254e-02
4.1875000000000001e-01	-2.0165045096909254e-02
4.3125000000000002e-01	-2.0165045096909254e-02
4.4375000000000003e-01	-2.0165045096909254e-02
4.5625000000000004e-01	-2.0165045096909254e-02
4.6875000000000000e-01	-2.0165045096909254e-02
4.8125000000000001e-01	-2.0165045096909254e-02
4.9375000000000002e-01	-2.0165045096909254e-02
5.0624999999999998e-01	-2.0165045096909254e-02
5.1875000000000004e-01	-2.0165045096909254e-02
5.3125000000000000e-01	-2.0165045096909254e-02
5.4375000000000007e-01	-2.0165045096909254e-02
5.5625000000000002e-01	-2.0165045096909254e-02
5.6874999999999998e-01	-2.0165045096909254e-02
5.8125000000000004e-01	-2.0165045096909254e-02
5.9375000000000000e-01	-2.0165045096909254e-02
6.0625000000000007e-01	-2.0165045096909254e-02
6.1875000000000002e-01	-2.0165045096909254e-02
6.3125000000000009e-01	-2.0165045096909254e-02
6.4375000000000004e-01	-2.0165045096909254e-02
6.5625000000000000e-01	-2.0165045096909254e-02
6.6875000000000007e-01	-2.0165045096909254e-02
6.8125000000000002e-01	-2.0165045096909254e-02
6.9375000000000009e-01	-2.0165045096909254e-02
7.0625000000000004e-01	-2.0165045096909254e-02
7.1875000000000000e-01	-2.0165045096909254e-02
7.3125000000000007e-01	-2.0165045096909254e-02
7.4375000000000002e-01	-2.0165045096909254e-02
7.5625000000000009e-01	-2.0165045096909254e-02
7.6875000000000004e-01	-2.0165045096909254e-02
7.8125000000000000e-01	-2.0165045096909254e-02
7.9375000000000007e-01	-2.0165045096909254e-02
8.0625000000000002e-01	-2.0165045096909254e-02
8.1875000000000009e-01	-2.0165045096909254e-02
8.3125000000000004e-01	-2.0165045096909254e-02
8.4375000000000000e-01	-2.0165045096909254e-02
8.5625000000000007e-01	-2.0165045096909254e-02
8.6875000000000002e-01	-2.0165045096909254e-02
8.8125000000000009e-01	-2.0165045096909254e-02
8.9375000000000004e-01	-2.0165045096909254e-02
9.0625000000000000e-01	-2.0165045096909254e-02
9.1875000000000007e-01	-2.0165045096909254e-02
9.3125000000000002e-01	-2.0165045096909254e-02
9.4375000000000009e-01	-2.0165045096909254e-02
9.5625000000000004e-01	-2.0165045096909254e-02
9.6875000000000000e-01	-2.0165045096909254e-02
9.8125000000000007e-01	-2.0165045096909254e-02
9.9375000000000002e-01	-2.0165045096909254e-02
1.0062500000000001e+00	7.0605661228922020e-02
1.0187500000000000e+00	7.0605661228922020e-02
1.0312500000000000e+00	7.0605661228922020e-02
1.0437500000000000e+00	7.0605661228922020e-02
1.0562500000000001e+00	7.0605661228922020e-02
1.0687500000000001e+00	7.0605661228922020e-02
1.0812500000000000e+00	7.0605661228922020e-02
1.0937500000000000e+00	7.0605661228922020e-02
1.1062500000000000e+00	7.0605661228922020e-02
1.1187500000000001e+00	7.0605661228922020e-02
1.1312500000000001e+00	7.0605661228922020e-02
1.1437500000000000e+00	7.0605661228922020e-02
1.1562500000000000e+00	7.0605661228922020e-02
1.1687500000000000e+00	7.0605661228922020e-02
1.1812500000000001e+00	7.0605661228922020e-02
1.1937500000000001e+00	7.0605661228922020e-02
1.2062500000000000e+00	7.0605661228922020e-02
1.2187500000000000e+00	7.0605661228922020e-02
1.2312500000000002e+00	7.0605661228922020e-02
1.2437500000000001e+00	7.0605661228922020e-02
1.2562500000000001e+00	7.0605661228922020e-02
1.2687500000000000e+00	7.0605661228922020e-02
1.2812500000000000e+00	7.0605661228922020e-02
1.2937500000000002e+00	7.0605661228922020e-02
1.3062500000000001e+00	7.0605661228922020e-02
1.3187500000000001e+00	7.0605661228922020e-02
1.3312500000000000e+00	7.0605661228922020e-02
1.3437500000000000e+00	7.0605661228922020e-02
1.3562500000000002e+00	7.0605661228922020e-02
1.3687500000000001e+00	7.0605661228922020e-02
1.3812500000000001e+00	7.0605661228922020e-02
1.3937500000000000e+00	7.0605661228922020e-02
1.4062500000000000e+00	7.0605661228922020e-02
1.4187500000000002e+00	7.0605661228922020e-02
1.4312500000000001e+00	7.0605661228922020e-02
1.4437500000000001e+00	7.0605661228922020e-02
1.4562500000000000e+00	7.0605661228922020e-02
1.4687500000000000e+00	7.0605661228922020e-02
1.4812500000000002e+00	7.0605661228922020e-02
1.4937500000000001e+00	7.0605661228922020e-02
1.5062500000000001e+00	7.0605661228922020e-02
1.5187500000000000e+00	7.0605661228922020e-02
1.5312500000000000e+00	7.0605661228922020e-02
1.5437500000000002e+00	7.0605661228922020e-02
1.5562500000000001e+00	7.0605661228922020e-02
1.5687500000000001e+00	7.0605661228922020e-02
1.5812500000000000e+00	7.0605661228922020e-02
1.5937500000000000e+00	7.0605661228922020e-02
1.6062500000000002e+00	7.0605661228922020e-02
1.6187500000000001e+00	7.0605661228922020e-02
1.6312500000000001e+00	7.0605661228922020e-02
1.6437500000000000e+00	7.0605661228922020e-02
1.6562500000000000e+00	7.0605661228922020e-02
1.6687500000000002e+00	7.0605661228922020e-02
1.6812500000000001e+00	7.0605661228922020e-02
1.6937500000000001e+00	7.0605661228922020e-02
1.7062500000000000e+00	7.0605661228922020e-02
1.7187500000000000e+00	7.0605661228922020e-02
1.7312500000000002e+00	7.0605661228922020e-02
1.7437500000000001e+00	7.0605661228922020e-02
1.7562500000000001e+00	7.0605661228922020e-02
1.7687500000000000e+00	7.0605661228922020e-02
1.7812500000000000e+00	7.0605661228922020e-02
1.7937500000000002e+00	7.0605661228922020e-02
1.8062500000000001e+00	7.0605661228922020e-02
1.8187500000000001e+00	7.0605661228922020e-02
1.8312500000000000e+00	7.0605661228922020e-02
1.8437500000000000e+00	7.0605661228922020e-02
1.8562500000000002e+00	7.0605661228922020e-02
1.8687500000000001e+00	7.0605661228922020e-02
1.8812500000000001e+00	7.0605661228922020e-02
1.8937500000000000e+00	7.0605661228922020e-02
1.9062500000000000e+00	7.0605661228922020e-02
1.9187500000000002e+00	7.0605661228922020e-02
1.9312500000000001e+00	7.0605661228922020e-02
1.9437500000000001e+00	7.0605661228922020e-02
1.9562500000000000e+00	7.0605661228922020e-02
1.9687500000000000e+00	7.0605661228922020e-02
1.9812500000000002e+00	7.0605661228922020e-02
1.9937500000000001e+00	7.0605661228922020e-02
2.0062500000000001e+00	-8.4874751092239450e-02
2.0187500000000003e+00	-8.4874751092239450e-02
2.0312500000000000e+00	-8.4874751092239450e-02
2.0437500000000002e+00	-8.4874751092239450e-02
2.0562499999999999e+00	-8.4874751092239450e-02
2.0687500000000001e+00	-8.4874751092239450e-02
2.0812500000000003e+00	-8.4874751092239450e-02
2.0937500000000000e+00	-8.4874751092239450e-02
2.1062500000000002e+00	-8.4874751092239450e-02
2.1187499999999999e+00	-8.4874751092239450e-02
2.1312500000000001e+00	-8.4874751092239450e-02
2.1437500000000003e+00	-8.4874751092239450e-02
2.1562500000000000e+00	-8.4874751092239450e-02
2.1687500000000002e+00	-8.4874751092239450e-02
2.1812499999999999e+00	-8.4874751092239450e-02
2.1937500000000001e+00	-8.4874751092239450e-02
2.2062500000000003e+00	-8.4874751092239450e-02
2.2187500000000000e+00	-8.4874751092239450e-02
2.2312500000000002e+00	-8.4874751092239450e-02
2.2437499999999999e+00	-8.4874751092239450e-02
2.2562500000000001e+00	-8.4874751092239450e-02
2.2687500000000003e+00	-8.4874751092239450e-02
2.2812500000000000e+00	-8.4874751092239450e-02
2.2937500000000002e+00	-8.4874751092239450e-02
2.3062499999999999e+00	-8.4874751092239450e-02
2.3187500000000001e+00	-8.4874751092239450e-02
2.3312500000000003e+00	-8.4874751092239450e-02
2.3437500000000000e+00	-8.4874751092239450e-02
2.3562500000000002e+00	-8.4874751092239450e-02
2.3687499999999999e+00	-8.4874751092239450e-02
2.3812500000000001e+00	-8.4874751092239450e-02
2.3937500000000003e+00	-8.4874751092239450e-02
2.4062500000000000e+00	-8.4874751092239450e-02
2.4187500000000002e+00	-8.4874751092239450e-02
2.4312500000000004e+00	-8.4874751092239450e-02
2.4437500000000001e+00	-8.4874751092239450e-02
2.4562500000000003e+00	-8.4874751092239450e-02
2.4687500000000000e+00	-8.4874751092239450e-02
2.4812500000000002e+00	-8.4874751092239450e-02
2.4937500000000004e+00	-8.4874751092239450e-02
2.5062500000000001e+00	-8.4874751092239450e-02
2.5187500000000003e+00	-8.4874751092239450e-02
2.5312500000000000e+00	-8.4874751092239450e-02
2.5437500000000002e+00	-8.4874751092239450e-02
2.5562500000000004e+00	-8.4874751092239450e-02
2.5687500000000001e+00	-8.4874751092239450e-02
2.5812500000000003e+00	-8.4874751092239450e-02
2.5937500000000000e+00	-8.4874751092239450e-02
2.6062500000000002e+00	-8.4874751092239450e-02
2.6187500000000004e+00	-8.4874751092239450e-02
2.6312500000000001e+00	-8.4874751092239450e-02
2.6437500000000003e+00	-8.4874751092239450e-02
2.6562500000000000e+00	-8.4874751092239450e-02
2.6687500000000002e+00	-8.4874751092239450e-02
2.6812500000000004e+00	-8.4874751092239450e-02
2.6937500000000001e+00	-8.4874751092239450e-02
2.7062500000000003e+00	-8.4874751092239450e-02
2.7187500000000000e+00	-8.4874751092239450e-02
2.7312500000000002e+00	-8.4874751092239450e-02
2.7437500000000004e+00	-8.4874751092239450e-02
2.7562500000000001e+00	-8.4874751092239450e-02
2.7687500000000003e+00	-8.4874751092239450e-02
2.7812500000000000e+00	-8.4874751092239450e-02
2.7937500000000002e+00	-8.4874751092239450e-02
2.8062500000000004e+00	-8.4874751092239450e-02
2.8187500000000001e+00	-8.4874751092239450e-02
2.8312500000000003e+00	-8.4874751092239450e-02
2.8437500000000000e+00	-8.4874751092239450e-02
2.8562500000000002e+00	-8.4874751092239450e-02
2.8687500000000004e+00	-8.4874751092239450e-02
2.8812500000000001e+00	-8.4874751092239450e-02
2.8937500000000003e+00	-8.4874751092239450e-02
2.9062500000000000e+00	-8.4874751092239450e-02
2.9187500000000002e+00	-8.4874751092239450e-02
2.9312500000000004e+00	-8.4874751092239450e-02
2.9437500000000001e+00	-8.4874751092239450e-02
2.9562500000000003e+00	-8.4874751092239450e-02
2.9687500000000000e+00	-8.4874751092239450e-02
2.9812500000000002e+00	-8.4874751092239450e-02
2.9937500000000004e+00	-8.4874751092239450e-02
3.0062500000000001e+00	-2.3315994489061893e+00
3.0187500000000003e+00	-2.3315994489061893e+00
3.0312500000000000e+00	-2.3315994489061893e+00
3.0437500000000002e+00	-2.3315994489061893e+00
3.0562500000000004e+00	-2.3315994489061893e+00
3.0687500000000001e+00	-2.3315994489061893e+00
3.0812500000000003e+00	-2.3315994489061893e+00
3.0937500000000000e+00	-2.3315994489061893e+00
3.1062500000000002e+00	-2.3315994489061893e+00
3.1187500000000004e+00	-2.3315994489061893e+00
3.1312500000000001e+00	-2.3315994489061893e+00
3.1437500000000003e+00	-2.3315994489061893e+00
3.1562500000000000e+00	-2.3315994489061893e+00
3.1687500000000002e+00	-2.3315994489061893e+00
3.1812500000000004e+00	-2.3315994489061893e+00
3.1937500000000001e+00	-2.3315994489061893e+00
3.2062500000000003e+00	-2.3315994489061893e+00
3.2187500000000000e+00	-2.3315994489061893e+00
3.2312500000000002e+00	-2.3315994489061893e+00
3.2437500000000004e+00	-2.3315994489061893e+00
3.2562500000000001e+00	-2.3315994489061893e+00
3.2687500000000003e+00	-2.3315994489061893e+00
3.2812500000000000e+00	-2.3315994489061893e+00
3.2937500000000002e+00	-2.3315994489061893e+00
3.3062500000000004e+00	-2.3315994489061893e+00
3.3187500000000001e+00	-2.3315994489061893e+00
3.3312500000000003e+00	-2.3315994489061893e+00
3.3437500000000000e+00	-2.3315994489061893e+00
3.3562500000000002e+00	-2.3315994489061893e+00
3.3687500000000004e+00	-2.3315994489061893e+00
3.3812500000000001e+00	-2.3315994489061893e+00
3.3937500000000003e+00	-2.3315994489061893e+00
3.4062500000000000e+00	-2.3315994489061893e+00
3.4187500000000002e+00	-2.3315994489061893e+00
3.4312500000000004e+00	-2.3315994489061893e+00
3.4437500000000001e+00	-2.3315994489061893e+00
3.4562500000000003e+00	-2.3315994489061893e+00
3.4687500000000000e+00	-2.3315994489061893e+00
3.4812500000000002e+00	-2.3315994489061893e+00
3.4937500000000004e+00	-2.3315994489061893e+00
3.5062500000000001e+00	-2.3315994489061893e+00
3.5187500000000003e+00	-2.3315994489061893e+00
3.5312500000000000e+00	-2.3315994489061893e+00
3.5437500000000002e+00	-2.3315994489061893e+00
3.5562500000000004e+00	-2.3315994489061893e+00
3.5687500000000001e+00	-2.3315994489061893e+00
3.5812500000000003e+00	-2.3315994489061893e+00
3.5937500000000000e+00	-2.3315994489061893e+00
3.6062500000000002e+00	-2.3315994489061893e+00
3.6187500000000004e+00	-2.3315994489061893e+00
3.6312500000000001e+00	-2.3315994489061893e+00
3.6437500000000003e+00	-2.3315994489061893e+00
3.6562500000000000e+00	-2.3315994489061893e+00
3.6687500000000002e+00	-2.3315994489061893e+00
3.6812500000000004e+00	-2.3315994489061893e+00
3.6937500000000001e+00	-2.3315994489061893e+00
3.7062500000000003e+00	-2.3315994489061893e+00
3.7187500000000000e+00	-2.3315994489061893e+00
3.7312500000000002e+00	-2.3315994489061893e+00
3.7437500000000004e+00	-2.3315994489061893e+00
3.7562500000000001e+00	-2.3315994489061893e+00
3.7687500000000003e+00	-2.3315994489061893e+00
3.7812500000000000e+00	-2.3315994489061893e+00
3.7937500000000002e+00	-2.3315994489061893e+00
3.8062500000000004e+00	-2.3315994489061893e+00
3.8187500000000001e+00	-2.3315994489061893e+00
3.8312500000000003e+00	-2.3315994489061893e+00
3.8437500000000000e+00	-2.3315994489061893e+00
3.8562500000000002e+00	-2.3315994489061893e+00
3.8687500000000004e+00	-2.3315994489061893e+00
3.8812500000000001e+00	-2.3315994489061893e+00
3.8937500000000003e+00	-2.3315994489061893e+00
3.9062500000000000e+00	-2.3315994489061893e+00
3.9187500000000002e+00	-2.3315994489061893e+00
3.9312500000000004e+00	-2.3315994489061893e+00
3.9437500000000001e+00	-2.3315994489061893e+00
3.9562500000000003e+00	-2.3315994489061893e+00
3.9687500000000000e+00	-2.3315994489061893e+00
3.9812500000000002e+00	-2.3315994489061893e+00
3.9937500000000004e+00	-2.3315994489061893e+00
4.0062500000000005e+00	-1.2856707989750626e-01
4.0187499999999998e+00	-1.2856707989750626e-01
4.0312500000000000e+00	-1.2856707989750626e-01
4.0437500000000002e+00	-1.2856707989750626e-01
4.0562500000000004e+00	-1.2856707989750626e-01
4.0687500000000005e+00	-1.2856707989750626e-01
4.0812499999999998e+00	-1.2856707989750626e-01
4.0937500000000000e+00	-1.2856707989750626e-01
4.1062500000000002e+00	-1.2856707989750626e-01
4.1187500000000004e+00	-1.2856707989750626e-01
4.1312500000000005e+00	-1.2856707989750626e-01
4.1437499999999998e+00	-1.2856707989750626e-01
4.1562500000000000e+00	-1.2856707989750626e-01
4.1687500000000002e+00	-1.2856707989750626e-01
4.1812500000000004e+00	-1.2856707989750626e-01
4.1937500000000005e+00	-1.2856707989750626e-01
4.2062499999999998e+00	-1.2856707989750626e-01
4.2187500000000000e+00	-1.2856707989750626e-01
4.2312500000000002e+00	-1.2856707989750626e-01
4.2437500000000004e+00	-1.2856707989750626e-01
4.2562500000000005e+00	-1.2856707989750626e-01
4.2687499999999998e+00	-1.2856707989750626e-01
4.2812500000000000e+00	-1.2856707989750626e-01
4.2937500000000002e+00	-1.2856707989750626e-01
4.3062500000000004e+00	-1.2856707989750626e-01
4.3187500000000005e+00	-1.2856707989750626e-01
4.3312499999999998e+00	-1.2856707989750626e-01
4.3437500000000000e+00	-1.2856707989750626e-01
4.3562500000000002e+00	-1.2856707989750626e-01
4.3687500000000004e+00	-1.2856707989750626e-01
4.3812500000000005e+00	-1.2856707989750626e-01
4.3937499999999998e+00	-1.2856707989750626e-01
4.4062500000000000e+00	-1.2856707989750626e-01
4.4187500000000002e+00	-1.2856707989750626e-01
4.4312500000000004e+00	-1.2856707989750626e-01
4.4437500000000005e+00	-1.2856707989750626e-01
4.4562499999999998e+00	-1.2856707989750626e-01
4.4687500000000000e+00	-1.2856707989750626e-01
4.4812500000000002e+00	-1.2856707989750626e-01
4.4937500000000004e+00	-1.2856707989750626e-01
4.5062500000000005e+00	-1.2856707989750626e-01
4.5187499999999998e+00	-1.2856707989750626e-01
4.5312500000000000e+00	-1.2856707989750626e-01
4.5437500000000002e+00	-1.2856707989750626e-01
4.5562500000000004e+00	-1.2856707989750626e-01
4.5687500000000005e+00	-1.2856707989750626e-01
4.5812499999999998e+00	-1.2856707989750626e-01
4.5937500000000000e+00	-1.2856707989750626e-01
4.6062500000000002e+00	-1.2856707989750626e-01
4.6187500000000004e+00	-1.2856707989750626e-01
4.6312500000000005e+00	-1.2856707989750626e-01
4.6437499999999998e+00	-1.2856707989750626e-01
4.6562500000000000e+00	-1.2856707989750626e-01
4.6687500000000002e+00	-1.2856707989750626e-01
4.6812500000000004e+00	-1.2856707989750626e-01
4.6937500000000005e+00	-1.2856707989750626e-01
4.7062499999999998e+00	-1.2856707989750626e-01
4.7187500000000000e+00	-1.2856707989750626e-01
4.7312500000000002e+00	-1.2856707989750626e-01
4.7437500000000004e+00	-1.2856707989750626e-01
4.7562500000000005e+00	-1.2856707989750626e-01
4.7687499999999998e+00	-1.2856707989750626e-01
4.7812500000000000e+00	-1.2856707989750626e-01
4.7937500000000002e+00	-1.2856707989750626e-01
4.8062500000000004e+00	-1.2856707989750626e-01
4.8187500000000005e+00	-1.2856707989750626e-01
4.8312500000000007e+00	-1.2856707989750626e-01
4.8437500000000000e+00	-1.2856707989750626e-01
4.8562500000000002e+00	-1.2856707989750626e-01
4.8687500000000004e+00	-1.2856707989750626e-01
4.8812500000000005e+00	-1.2856707989750626e-01
4.8937500000000007e+00	-1.2856707989750626e-01
4.9062500000000000e+00	-1.2856707989750626e-01
4.9187500000000002e+00	-1.2856707989750626e-01
4.9312500000000004e+00	-1.2856707989750626e-01
4.9437500000000005e+00	-1.2856707989750626e-01
4.9562500000000007e+00	-1.2856707989750626e-01
4.9687500000000000e+00	-1.2856707989750626e-01
4.9812500000000002e+00	-1.2856707989750626e-01
4.9937500000000004e+00	-1.2856707989750626e-01
5.0062500000000005e+00	-5.0574514649386094e-02
5.0187500000000007e+00	-5.0574514649386094e-02
5.0312500000000000e+00	-5.0574514649386094e-02
5.0437500000000002e+00	-5.0574514649386094e-02
5.0562500000000004e+00	-5.0574514649386094e-02
5.0687500000000005e+00	-5.0574514649386094e-02
5.0812500000000007e+00	-5.0574514649386094e-02
5.0937500000000000e+00	-5.0574514649386094e-02
5.1062500000000002e+00	-5.0574514649386094e-02
5.1187500000000004e+00	-5.0574514649386094e-02
5.1312500000000005e+00	-5.0574514649386094e-02
5.1437500000000007e+00	-5.0574514649386094e-02
5.1562500000000000e+00	-5.0574514649386094e-02
5.1687500000000002e+00	-5.0574514649386094e-02
5.1812500000000004e+00	-5.0574514649386094e-02
5.1937500000000005e+00	-5.0574514649386094e-02
5.2062500000000007e+00	-5.0574514649386094e-02
5.2187500000000000e+00	-5.0574514649386094e-02
5.2312500000000002e+00	-5.0574514649386094e-02
5.2437500000000004e+00	-5.0574514649386094e-02
5.2562500000000005e+00	-5.0574514649386094e-02
5.2687500000000007e+00	-5.0574514649386094e-02
5.2812500000000000e+00	-5.0574514649386094e-02
5.2937500000000002e+00	-5.0574514649386094e-02
5.3062500000000004e+00	-5.0574514649386094e-02
5.3187500000000005e+00	-5.0574514649386094e-02
5.3312500000000007e+00	-5.0574514649386094e-02
5.3437500000000000e+00	-5.0574514649386094e-02
5.3562500000000002e+00	-5.0574514649386094e-02
5.3687500000000004e+00	-5.0574514649386094e-02
5.3812500000000005e+00	-5.0574514649386094e-02
5.3937500000000007e+00	-5.0574514649386094e-02
5.4062500000000000e+00	-5.0574514649386094e-02
5.4187500000000002e+00	-5.0574514649386094e-02
5.4312500000000004e+00	-5.0574514649386094e-02
5.4437500000000005e+00	-5.0574514649386094e-02
5.4562500000000007e+00	-5.0574514649386094e-02
5.4687500000000000e+00	-5.0574514649386094e-02
5.4812500000000002e+00	-5.0574514649386094e-02
5.4937500000000004e+00	-5.0574514649386094e-02
5.5062500000000005e+00	-5.0574514649386094e-02
5.5187500000000007e+00	-5.0574514649386094e-02
5.5312500000000000e+00	-5.0574514649386094e-02
5.5437500000000002e+00	-5.0574514649386094e-02
5.5562500000000004e+00	-5.0574514649386094e-02
5.5687500000000005e+00	-5.0574514649386094e-02
5.5812500000000007e+00	-5.0574514649386094e-02
5.5937500000000000e+00	-5.0574514649386094e-02
5.6062500000000002e+00	-5.0574514649386094e-02
5.6187500000000004e+00	-5.0574514649386094e-02
5.6312500000000005e+00	-5.0574514649386094e-02
5.6437500000000007e+00	-5.0574514649386094e-02
5.6562500000000000e+00	-5.0574514649386094e-02
5.6687500000000002e+00	-5.0574514649386094e-02
5.6812500000000004e+00	-5.0574514649386094e-02
5.6937500000000005e+00	-5.0574514649386094e-02
5.7062500000000007e+00	-5.0574514649386094e-02
5.7187500000000000e+00	-5.0574514649386094e-02
5.7312500000000002e+00	-5.0574514649386094e-02
5.7437500000000004e+00	-5.0574514649386094e-02
5.7562500000000005e+00	-5.0574514649386094e-02
5.7687500000000007e+00	-5.0574514649386094e-02
5.7812500000000000e+00	-5.0574514649386094e-02
5.7937500000000002e+00	-5.0574514649386094e-02
5.8062500000000004e+00	-5.0574514649386094e-02
5.8187500000000005e+00	-5.0574514649386094e-02
5.8312500000000007e+00	-5.0574514649386094e-02
5.8437500000000000e+00	-5.0574514649386094e-02
5.8562500000000002e+00	-5.0574514649386094e-02
5.8687500000000004e+00	-5.0574514649386094e-02
5.8812500000000005e+00	-5.0574514649386094e-02
5.8937500000000007e+00	-5.0574514649386094e-02
5.9062500000000000e+00	-5.0574514649386094e-02
5.9187500000000002e+00	-5.0574514649386094e-02
5.9312500000000004e+00	-5.0574514649386094e-02
5.9437500000000005e+00	-5.0574514649386094e-02
5.9562500000000007e+00	-5.0574514649386094e-02
5.9687500000000000e+00	-5.0574514649386094e-02
5.9812500000000002e+00	-5.0574514649386094e-02
5.9937500000000004e+00	-5.0574514649386094e-02
6.0062500000000005e+00	1.3711032245804541e-01
6.0187500000000007e+00	1.3711032245804541e-01
6.0312500000000000e+00	1.3711032245804541e-01
6.0437500000000002e+00	1.3711032245804541e-01
6.0562500000000004e+00	1.3711032245804541e-01
6.0687500000000005e+00	1.3711032245804541e-01
6.0812500000000007e+00	1.3711032245804541e-01
6.0937500000000000e+00	1.3711032245804541e-01
6.1062500000000002e+00	1.3711032245804541e-01
6.1187500000000004e+00	1.3711032245804541e-01
6.1312500000000005e+00	1.3711032245804541e-01
6.1437500000000007e+00	1.3711032245804541e-01
6.1562500000000000e+00	1.3711032245804541e-01
6.1687500000000002e+00	1.3711032245804541e-01
6.1812500000000004e+00	1.3711032245804541e-01
6.1937500000000005e+00	1.3711032245804541e-01
6.2062500000000007e+00	1.3711032245804541e-01
6.2187500000000000e+00	1.3711032245804541e-01
6.2312500000000002e+00	1.3711032245804541e-01
6.2437500000000004e+00	1.3711032245804541e-01
6.2562500000000005e+00	1.3711032245804541e-01
6.2687500000000007e+00	1.3711032245804541e-01
6.2812500000000000e+00	1.3711032245804541e-01
6.2937500000000002e+00	1.3711032245804541e-01
6.3062500000000004e+00	1.3711032245804541e-01
6.3187500000000005e+00	1.3711032245804541e-01
6.3312500000000007e+00	1.3711032245804541e-01
6.3437500000000000e+00	1.3711032245804541e-01
6.3562500000000002e+00	1.3711032245804541e-01
6.3687500000000004e+00	1.3711032245804541e-01
6.3812500000000005e+00	1.3711032245804541e-01
6.3937500000000007e+00	1.3711032245804541e-01
6.4062500000000000e+00	1.3711032245804541e-01
6.4187500000000002e+00	1.3711032245804541e-01
6.4312500000000004e+00	1.3711032245804541e-01
6.4437500000000005e+00	1.3711032245804541e-01
6.4562500000000007e+00	1.3711032245804541e-01
6.4687500000000000e+00	1.3711032245804541e-01
6.4812500000000002e+00	1.3711032245804541e-01
6.4937500000000004e+00	1.3711032245804541e-01
6.5062500000000005e+00	1.3711032245804541e-01
6.5187500000000007e+00	1.3711032245804541e-01
6.5312500000000000e+00	1.3711032245804541e-01
6.5437500000000002e+00	1.3711032245804541e-01
6.5562500000000004e+00	1.3711032245804541e-01
6.5687500000000005e+00	1.3711032245804541e-01
6.5812500000000007e+00	1.3711032245804541e-01
6.5937500000000000e+00	1.3711032245804541e-01
6.6062500000000002e+00	1.3711032245804541e-01
6.6187500000000004e+00	1.3711032245804541e-01
6.6312500000000005e+00	1.3711032245804541e-01
6.6437500000000007e+00	1.3711032245804541e-01
6.6562500000000000e+00	1.3711032245804541e-01
6.6687500000000002e+00	1.3711032245804541e-01
6.6812500000000004e+00	1.3711032245804541e-01
6.6937500000000005e+00	1.3711032245804541e-01
6.7062500000000007e+00	1.3711032245804541e-01
6.7187500000000000e+00	1.3711032245804541e-01
6.7312500000000002e+00	1.3711032245804541e-01
6.7437500000000004e+00	1.3711032245804541e-01
6.7562500000000005e+00	1.3711032245804541e-01
6.7687500000000007e+00	1.3711032245804541e-01
6.7812500000000000e+00	1.3711032245804541e-01
6.7937500000000002e+00	1.3711032245804541e-01
6.8062500000000004e+00	1.3711032245804541e-01
6.8187500000000005e+00	1.3711032245804541e-01
6.8312500000000007e+00	1.3711032245804541e-01
6.8437500000000000e+00	1.3711032245804541e-01
6.8562500000000002e+00	1.3711032245804541e-01
6.8687500000000004e+00	1.3711032245804541e-01
6.8812500000000005e+00	1.3711032245804541e-01
6.8937500000000007e+00	1.3711032245804541e-01
6.9062500000000000e+00	1.3711032245804541e-01
6.9187500000000002e+00	1.3711032245804541e-01
6.9312500000000004e+00	1.3711032245804541e-01
6.9437500000000005e+00	1.3711032245804541e-01
6.9562500000000007e+00	1.3711032245804541e-01
6.9687500000000000e+00	1.3711032245804541e-01
6.9812500000000002e+00	1.3711032245804541e-01
6.9937500000000004e+00	1.3711032245804541e-01
7.0062500000000005e+00	-3.7172739954174092e-03
7.0187500000000007e+00	-3.7172739954174092e-03
7.0312500000000000e+00	-3.7172739954174092e-03
7.0437500000000002e+00	-3.7172739954174092e-03
7.0562500000000004e+00	-3.7172739954174092e-03
7.0687500000000005e+00	-3.7172739954174092e-03
7.0812500000000007e+00	-3.7172739954174092e-03
7.0937500000000000e+00	-3.7172739954174092e-03
7.1062500000000002e+00	-3.7172739954174092e-03
7.1187500000000004e+00	-3.7172739954174092e-03
7.1312500000000005e+00	-3.7172739954174092e-03
7.1437500000000007e+00	-3.7172739954174092e-03
7.1562500000000000e+00	-3.7172739954174092e-03
7.1687500000000002e+00	-3.7172739954174092e-03
7.1812500000000004e+00	-3.7172739954174092e-03
7.1937500000000005e+00	-3.7172739954174092e-03
7.2062500000000007e+00	-3.7172739954174092e-03
7.2187500000000000e+00	-3.7172739954174092e-03
7.2312500000000002e+00	-3.7172739954174092e-03
7.2437500000000004e+00	-3.7172739954174092e-03
7.2562500000000005e+00	-3.7172739954174092e-03
7.2687500000000007e+00	-3.7172739954174092e-03
7.2812500000000000e+00	-3.7172739954174092e-03
7.2937500000000002e+00	-3.7172739954174092e-03
7.3062500000000004e+00	-3.7172739954174092e-03
7.3187500000000005e+00	-3.7172739954174092e-03
7.3312500000000007e+00	-3.7172739954174092e-03
7.3437500000000000e+00	-3.7172739954174092e-03
7.3562500000000002e+00	-3.7172739954174092e-03
7.3687500000000004e+00	-3.7172739954174092e-03
7.3812500000000005e+00	-3.7172739954174092e-03
7.3937500000000007e+00	-3.7172739954174092e-03
7.4062500000000000e+00	-3.7172739954174092e-03
7.4187500000000002e+00	-3.7172739954174092e-03
7.4312500000000004e+00	-3.7172739954174092e-03
7.4437500000000005e+00	-3.7172739954174092e-03
7.4562500000000007e+00	-3.7172739954174092e-03
7.4687500000000000e+00	-3.7172739954174092e-03
7.4812500000000002e+00	-3.7172739954174092e-03
7.4937500000000004e+00	-3.7172739954174092e-03
7.5062500000000005e+00	-3.7172739954174092e-03
7.5187500000000007e+00	-3.7172739954174092e-03
7.5312500000000000e+00	-3.7172739954174092e-03
7.5437500000000002e+00	-3.7172739954174092e-03
7.5562500000000004e+00	-3.7172739954174092e-03
7.5687500000000005e+00	-3.7172739954174092e-03
7.5812500000000007e+00	-3.7172739954174092e-03
7.5937500000000000e+00	-3.7172739954174092e-03
7.6062500000000002e+00	-3.7172739954174092e-03
7.6187500000000004e+00	-3.7172739954174092e-03
7.6312500000000005e+00	-3.7172739954174092e-03
7.6437500000000007e+00	-3.7172739954174092e-03
7.6562500000000000e+00	-3.7172739954174092e-03
7.6687500000000002e+00	-3.7172739954174092e-03
7.6812500000000004e+00	-3.7172739954174092e-03
7.6937500000000005e+00	-3.7172739954174092e-03
7.7062500000000007e+00	-3.7172739954174092e-03
7.7187500000000000e+00	-3.7172739954174092e-03
7.7312500000000002e+00	-3.7172739954174092e-03
7.7437500000000004e+00	-3.7172739954174092e-03
7.7562500000000005e+00	-3.7172739954174092e-03
7.7687500000000007e+00	-3.7172739954174092e-03
7.7812500000000000e+00	-3.7172739954174092e-03
7.7937500000000002e+00	-3.7172739954174092e-03
7.8062500000000004e+00	-3.7172739954174092e-03
7.8187500000000005e+00	-3.7172739954174092e-03
7.8312500000000007e+00	-3.7172739954174092e-03
7.8437500000000000e+00	-3.7172739954174092e-03
7.8562500000000002e+00	-3.7172739954174092e-03
7.8687500000000004e+00	-3.7172739954174092e-03
7.8812500000000005e+00	-3.7172739954174092e-03
7.8937500000000007e+00	-3.7172739954174092e-03
7.9062500000000000e+00	-3.7172739954174092e-03
7.9187500000000002e+00	-3.7172739954174092e-03
7.9312500000000004e+00	-3.7172739954174092e-03
7.9437500000000005e+00	-3.7172739954174092e-03
7.9562500000000007e+00	-3.7172739954174092e-03
7.9687500000000000e+00	-3.7172739954174092e-03
7.9812500000000002e+00	-3.7172739954174092e-03
7.9937500000000004e+00	-3.7172739954174092e-03
8.0062499999999996e+00	2.3452796059008465e+00
8.0187500000000007e+00	2.3452796059008465e+00
8.0312500000000000e+00	2.3452796059008465e+00
8.0437500000000011e+00	2.3452796059008465e+00
8.0562500000000004e+00	2.3452796059008465e+00
8.0687499999999996e+00	2.3452796059008465e+00
8.0812500000000007e+00	2.3452796059008465e+00
8.0937500000000000e+00	2.3452796059008465e+00
8.1062500000000011e+00	2.3452796059008465e+00
8.1187500000000004e+00	2.3452796059008465e+00
8.1312499999999996e+00	2.3452796059008465e+00
8.1437500000000007e+00	2.3452796059008465e+00
8.1562500000000000e+00	2.3452796059008465e+00
8.1687500000000011e+00	2.3452796059008465e+00
8.1812500000000004e+00	2.3452796059008465e+00
8.1937499999999996e+00	2.3452796059008465e+00
8.2062500000000007e+00	2.3452796059008465e+00
8.2187500000000000e+00	2.3452796059008465e+00
8.2312500000000011e+00	2.3452796059008465e+00
8.2437500000000004e+00	2.3452796059008465e+00
8.2562499999999996e+00	2.3452796059008465e+00
8.2687500000000007e+00	2.3452796059008465e+00
8.2812500000000000e+00	2.3452796059008465e+00
8.2937500000000011e+00	2.3452796059008465e+00
8.3062500000000004e+00	2.3452796059008465e+00
8.3187499999999996e+00	2.3452796059008465e+00
8.3312500000000007e+00	2.3452796059008465e+00
8.3437500000000000e+00	2.3452796059008465e+00
8.3562500000000011e+00	2.3452796059008465e+00
8.3687500000000004e+00	2.3452796059008465e+00
8.3812499999999996e+00	2.3452796059008465e+00
8.3937500000000007e+00	2.3452796059008465e+00
8.4062500000000000e+00	2.3452796059008465e+00
8.4187500000000011e+00	2.3452796059008465e+00
8.4312500000000004e+00	2.3452796059008465e+00
8.4437499999999996e+00	2.3452796059008465e+00
8.4562500000000007e+00	2.3452796059008465e+00
8.4687500000000000e+00	2.3452796059008465e+00
8.4812500000000011e+00	2.3452796059008465e+00
8.4937500000000004e+00	2.3452796059008465e+00
8.5062499999999996e+00	2.3452796059008465e+00
8.5187500000000007e+00	2.3452796059008465e+00
8.5312500000000000e+00	2.3452796059008465e+00
8.5437500000000011e+00	2.3452796059008465e+00
8.5562500000000004e+00	2.3452796059008465e+00
8.5687499999999996e+00	2.3452796059008465e+00
8.5812500000000007e+00	2.3452796059008465e+00
8.5937500000000000e+00	2.3452796059008465e+00
8.6062500000000011e+00	2.3452796059008465e+00
8.6187500000000004e+00	2.3452796059008465e+00
8.6312499999999996e+00	2.3452796059008465e+00
8.6437500000000007e+00	2.3452796059008465e+00
8.6562500000000000e+00	2.3452796059008465e+00
8.6687500000000011e+00	2.3452796059008465e+00
8.6812500000000004e+00	2.3452796059008465e+00
8.6937499999999996e+00	2.3452796059008465e+00
8.7062500000000007e+00	2.3452796059008465e+00
8.7187500000000000e+00	2.3452796059008465e+00
8.7312500000000011e+00	2.3452796059008465e+00
8.7437500000000004e+00	2.3452796059008465e+00
8.7562499999999996e+00	2.3452796059008465e+00
8.7687500000000007e+00	2.3452796059008465e+00
8.7812500000000000e+00	2.3452796059008465e+00
8.7937500000000011e+00	2.3452796059008465e+00
8.8062500000000004e+00	2.3452796059008465e+00
8.8187499999999996e+00	2.3452796059008465e+00
8.8312500000000007e+00	2.3452796059008465e+00
8.8437500000000000e+00	2.3452796059008465e+00
8.8562500000000011e+00	2.3452796059008465e+00
8.8687500000000004e+00	2.3452796059008465e+00
8.8812499999999996e+00	2.3452796059008465e+00
8.8937500000000007e+00	2.3452796059008465e+00
8.9062500000000000e+00	2.3452796059008465e+00
8.9187500000000011e+00	2.3452796059008465e+00
8.9312500000000004e+00	2.3452796059008465e+00
8.9437499999999996e+00	2.3452796059008465e+00
8.9562500000000007e+00	2.3452796059008465e+00
8.9687500000000000e+00	2.3452796059008465e+00
8.9812500000000011e+00	2.3452796059008465e+00
8.9937500000000004e+00	2.3452796059008465e+00
9.0062499999999996e+00	3.2640986565200070e-01
9.0187500000000007e+00	3.2640986565200070e-01
9.0312500000000000e+00	3.2640986565200070e-01
9.0437500000000011e+00	3.2640986565200070e-01
9.0562500000000004e+00	3.2640986565200070e-01
9.0687499999999996e+00	3.2640986565200070e-01
9.0812500000000007e+00	3.2640986565200070e-01
9.0937500000000000e+00	3.2640986565200070e-01
9.1062500000000011e+00	3.2640986565200070e-01
9.1187500000000004e+00	3.2640986565200070e-01
9.1312499999999996e+00	3.2640986565200070e-01
9.1437500000000007e+00	3.2640986565200070e-01
9.1562500000000000e+00	3.2640986565200070e-01
9.1687500000000011e+00	3.2640986565200070e-01
9.1812500000000004e+00	3.2640986565200070e-01
9.1937499999999996e+00	3.2640986565200070e-01
9.2062500000000007e+00	3.2640986565200070e-01
9.2187500000000000e+00	3.2640986565200070e-01
9.2312500000000011e+00	3.2640986565200070e-01
9.2437500000000004e+00	3.2640986565200070e-01
9.2562499999999996e+00	3.2640986565200070e-01
9.2687500000000007e+00	3.2640986565200070e-01
9.2812500000000000e+00	3.2640986565200070e-01
9.2937500000000011e+00	3.2640986565200070e-01
9.3062500000000004e+00	3.2640986565200070e-01
9.3187499999999996e+00	3.2640986565200070e-01
9.3312500000000007e+00	3.2640986565200070e-01
9.3437500000000000e+00	3.2640986565200070e-01
9.3562500000000011e+00	3.2640986565200070e-01
9.3687500000000004e+00	3.2640986565200070e-01
9.3812499999999996e+00	3.2640986565200070e-01
9.3937500000000007e+00	3.2640986565200070e-01
9.4062500000000000e+00	3.2640986565200070e-01
9.4187500000000011e+00	3.2640986565200070e-01
9.4312500000000004e+00	3.2640986565200070e-01
9.4437499999999996e+00	3.2640986565200070e-01
9.4562500000000007e+00	3.2640986565200070e-01
9.4687500000000000e+00	3.2640986565200070e-01
9.4812500000000011e+00	3.2640986565200070e-01
9.4937500000000004e+00	3.2640986565200070e-01
9.5062499999999996e+00	3.2640986565200070e-01
9.5187500000000007e+00	3.2640986565200070e-01
9.5312500000000000e+00	3.2640986565200070e-01
9.5437500000000011e+00	3.2640986565200070e-01
9.5562500000000004e+00	3.2640986565200070e-01
9.5687499999999996e+00	3.2640986565200070e-01
9.5812500000000007e+00	3.2640986565200070e-01
9.5937500000000000e+00	3.2640986565200070e-01
9.6062500000000011e+00	3.2640986565200070e-01
9.6187500000000004e+00	3.2640986565200070e-01
9.6312500000000014e+00	3.2640986565200070e-01
9.6437500000000007e+00	3.2640986565200070e-01
9.6562500000000000e+00	3.2640986565200070e-01
9.6687500000000011e+00	3.2640986565200070e-01
9.6812500000000004e+00	3.2640986565200070e-01
9.6937500000000014e+00	3.2640986565200070e-01
9.7062500000000007e+00	3.2640986565200070e-01
9.7187500000000000e+00	3.2640986565200070e-01
9.7312500000000011e+00	3.2640986565200070e-01
9.7437500000000004e+00	3.2640986565200070e-01
9.7562500000000014e+00	3.2640986565200070e-01
9.7687500000000007e+00	3.2640986565200070e-01
9.7812500000000000e+00	3.2640986565200070e-01
9.7937500000000011e+00	3.2640986565200070e-01
9.8062500000000004e+00	3.2640986565200070e-01
9.8187500000000014e+00	3.2640986565200070e-01
9.8312500000000007e+00	3.2640986565200070e-01
9.8437500000000000e+00	3.2640986565200070e-01
9.8562500000000011e+00	3.2640986565200070e-01
9.8687500000000004e+00	3.2640986565200070e-01
9.8812500000000014e+00	3.2640986565200070e-01
9.8937500000000007e+00	3.2640986565200070e-01
9.9062500000000000e+00	3.2640986565200070e-01
9.9187500000000011e+00	3.2640986565200070e-01
9.9312500000000004e+00	3.2640986565200070e-01
9.9437500000000014e+00	3.2640986565200070e-01
9.9562500000000007e+00	3.2640986565200070e-01
9.9687500000000000e+00	3.2640986565200070e-01
9.9812500000000011e+00	3.2640986565200070e-01
9.9937500000000004e+00	3.2640986565200070e-01
1.0006250000000001e+01	6.2385571521117877e-01
1.0018750000000001e+01	6.2385571521117877e-01
1.0031250000000000e+01	6.2385571521117877e-01
1.0043750000000001e+01	6.2385571521117877e-01
1.0056250000000000e+01	6.2385571521117877e-01
1.0068750000000001e+01	6.2385571521117877e-01
1.0081250000000001e+01	6.2385571521117877e-01
1.0093750000000000e+01	6.2385571521117877e-01
1.0106250000000001e+01	6.2385571521117877e-01
1.0118750000000000e+01	6.2385571521117877e-01
1.0131250000000001e+01	6.2385571521117877e-01
1.0143750000000001e+01	6.2385571521117877e-01
1.0156250000000000e+01	6.2385571521117877e-01
1.0168750000000001e+01	6.2385571521117877e-01
1.0181250000000000e+01	6.2385571521117877e-01
1.0193750000000001e+01	6.2385571521117877e-01
1.0206250000000001e+01	6.2385571521117877e-01
1.0218750000000000e+01	6.2385571521117877e-01
1.0231250000000001e+01	6.2385571521117877e-01
1.0243750000000000e+01	6.2385571521117877e-01
1.0256250000000001e+01	6.2385571521117877e-01
1.0268750000000001e+01	6.2385571521117877e-01
1.0281250000000000e+01	6.2385571521117877e-01
1.0293750000000001e+01	6.2385571521117877e-01
1.0306250000000000e+01	6.2385571521117877e-01
1.0318750000000001e+01	6.2385571521117877e-01
1.0331250000000001e+01	6.2385571521117877e-01
1.0343750000000000e+01	6.2385571521117877e-01
1.0356250000000001e+01	6.2385571521117877e-01
1.0368750000000000e+01	6.2385571521117877e-01
1.0381250000000001e+01	6.2385571521117877e-01
1.0393750000000001e+01	6.2385571521117877e-01
1.0406250000000000e+01	6.2385571521117877e-01
1.0418750000000001e+01	6.2385571521117877e-01
1.0431250000000000e+01	6.2385571521117877e-01
1.0443750000000001e+01	6.2385571521117877e-01
1.0456250000000001e+01	6.2385571521117877e-01
1.0468750000000000e+01	6.2385571521117877e-01
1.0481250000000001e+01	6.2385571521117877e-01
1.0493750000000000e+01	6.2385571521117877e-01
1.0506250000000001e+01	6.2385571521117877e-01
1.0518750000000001e+01	6.2385571521117877e-01
1.0531250000000000e+01	6.2385571521117877e-01
1.0543750000000001e+01	6.2385571521117877e-01
1.0556250000000000e+01	6.2385571521117877e-01
1.0568750000000001e+01	6.2385571521117877e-01
1.0581250000000001e+01	6.2385571521117877e-01
1.0593750000000000e+01	6.2385571521117877e-01
1.0606250000000001e+01	6.2385571521117877e-01
1.0618750000000000e+01	6.2385571521117877e-01
1.0631250000000001e+01	6.2385571521117877e-01
1.0643750000000001e+01	6.2385571521117877e-01
1.0656250000000000e+01	6.2385571521117877e-01
1.0668750000000001e+01	6.2385571521117877e-01
1.0681250000000000e+01	6.2385571521117877e-01
1.0693750000000001e+01	6.2385571521117877e-01
1.0706250000000001e+01	6.2385571521117877e-01
1.0718750000000000e+01	6.2385571521117877e-01
1.0731250000000001e+01	6.2385571521117877e-01
1.0743750000000000e+01	6.2385571521117877e-01
1.0756250000000001e+01	6.2385571521117877e-01
1.0768750000000001e+01	6.2385571521117877e-01
1.0781250000000000e+01	6.2385571521117877e-01
1.0793750000000001e+01	6.2385571521117877e-01
1.0806250000000000e+01	6.2385571521117877e-01
1.0818750000000001e+01	6.2385571521117877e-01
1.0831250000000001e+01	6.2385571521117877e-01
1.0843750000000000e+01	6.2385571521117877e-01
1.0856250000000001e+01	6.2385571521117877e-01
1.0868750000000000e+01	6.2385571521117877e-01
1.0881250000000001e+01	6.2385571521117877e-01
1.0893750000000001e+01	6.2385571521117877e-01
1.0906250000000000e+01	6.2385571521117877e-01
1.0918750000000001e+01	6.2385571521117877e-01
1.0931250000000000e+01	6.2385571521117877e-01
1.0943750000000001e+01	6.2385571521117877e-01
1.0956250000000001e+01	6.2385571521117877e-01
1.0968750000000000e+01	6.2385571521117877e-01
1.0981250000000001e+01	6.2385571521117877e-01
1.0993750000000000e+01	6.2385571521117877e-01
1.1006250000000001e+01	-2.5269276150111757e-02
1.1018750000000001e+01	-2.5269276150111757e-02
1.1031250000000000e+01	-2.5269276150111757e-02
1.1043750000000001e+01	-2.5269276150111757e-02
1.1056250000000000e+01	-2.5269276150111757e-02
1.1068750000000001e+01	-2.5269276150111757e-02
1.1081250000000001e+01	-2.5269276150111757e-02
1.1093750000000000e+01	-2.5269276150111757e-02
1.1106250000000001e+01	-2.5269276150111757e-02
1.1118750000000000e+01	-2.5269276150111757e-02
1.1131250000000001e+01	-2.5269276150111757e-02
1.1143750000000001e+01	-2.5269276150111757e-02
1.1156250000000000e+01	-2.5269276150111757e-02
1.1168750000000001e+01	-2.5269276150111757e-02
1.1181250000000000e+01	-2.5269276150111757e-02
1.1193750000000001e+01	-2.5269276150111757e-02
1.1206250000000001e+01	-2.5269276150111757e-02
1.1218750000000000e+01	-2.5269276150111757e-02
1.1231250000000001e+01	-2.5269276150111757e-02
1.1243750000000000e+01	-2.5269276150111757e-02
1.1256250000000001e+01	-2.5269276150111757e-02
1.1268750000000001e+01	-2.5269276150111757e-02
1.1281250000000000e+01	-2.5269276150111757e-02
1.1293750000000001e+01	-2.5269276150111757e-02
1.1306250000000000e+01	-2.5269276150111757e-02
1.1318750000000001e+01	-2.5269276150111757e-02
1.1331250000000001e+01	-2.5269276150111757e-02
1.1343750000000000e+01	-2.5269276150111757e-02
1.1356250000000001e+01	-2.5269276150111757e-02
1.1368750000000000e+01	-2.5269276150111757e-02
1.1381250000000001e+01	-2.5269276150111757e-02
1.1393750000000001e+01	-2.5269276150111757e-02
1.1406250000000000e+01	-2.5269276150111757e-02
1.1418750000000001e+01	-2.5269276150111757e-02
1.1431250000000000e+01	-2.5269276150111757e-02
1.1443750000000001e+01	-2.5269276150111757e-02
1.1456250000000001e+01	-2.5269276150111757e-02
1.1468750000000000e+01	-2.5269276150111757e-02
1.1481250000000001e+01	-2.5269276150111757e-02
1.1493750000000000e+01	-2.5269276150111757e-02
1.1506250000000001e+01	-2.5269276150111757e-02
1.1518750000000001e+01	-2.5269276150111757e-02
1.1531250000000000e+01	-2.5269276150111757e-02
1.1543750000000001e+01	-2.5269276150111757e-02
1.1556250000000000e+01	-2.5269276150111757e-02
1.1568750000000001e+01	-2.5269276150111757e-02
1.1581250000000001e+01	-2.5269276150111757e-02
1.1593750000000000e+01	-2.5269276150111757e-02
1.1606250000000001e+01	-2.5269276150111757e-02
1.1618750000000000e+01	-2.5269276150111757e-02
1.1631250000000001e+01	-2.5269276150111757e-02
1.1643750000000001e+01	-2.5269276150111757e-02
1.1656250000000000e+01	-2.5269276150111757e-02
1.1668750000000001e+01	-2.5269276150111757e-02
1.1681250000000000e+01	-2.5269276150111757e-02
1.1693750000000001e+01	-2.5269276150111757e-02
1.1706250000000001e+01	-2.5269276150111757e-02
1.1718750000000000e+01	-2.5269276150111757e-02
1.1731250000000001e+01	-2.5269276150111757e-02
1.1743750000000000e+01	-2.5269276150111757e-02
1.1756250000000001e+01	-2.5269276150111757e-02
1.1768750000000001e+01	-2.5269276150111757e-02
1.1781250000000000e+01	-2.5269276150111757e-02
1.1793750000000001e+01	-2.5269276150111757e-02
1.1806250000000000e+01	-2.5269276150111757e-02
1.1818750000000001e+01	-2.5269276150111757e-02
1.1831250000000001e+01	-2.5269276150111757e-02
1.1843750000000000e+01	-2.5269276150111757e-02
1.1856250000000001e+01	-2.5269276150111757e-02
1.1868750000000000e+01	-2.5269276150111757e-02
1.1881250000000001e+01	-2.5269276150111757e-02
1.1893750000000001e+01	-2.5269276150111757e-02
1.1906250000000000e+01	-2.5269276150111757e-02
1.1918750000000001e+01	-2.5269276150111757e-02
1.1931250000000000e+01	-2.5269276150111757e-02
1.1943750000000001e+01	-2.5269276150111757e-02
1.1956250000000001e+01	-2.5269276150111757e-02
1.1968750000000000e+01	-2.5269276150111757e-02
1.1981250000000001e+01	-2.5269276150111757e-02
1.1993750000000000e+01	-2.5269276150111757e-02
1.2006250000000001e+01	-3.2958332239287270e-02
1.2018750000000001e+01	-3.2958332239287270e-02
1.2031250000000000e+01	-3.2958332239287270e-02
1.2043750000000001e+01	-3.2958332239287270e-02
1.2056250000000000e+01	-3.2958332239287270e-02
1.2068750000000001e+01	-3.2958332239287270e-02
1.2081250000000001e+01	-3.2958332239287270e-02
1.2093750000000000e+01	-3.2958332239287270e-02
1.2106250000000001e+01	-3.2958332239287270e-02
1.2118750000000000e+01	-3.2958332239287270e-02
1.2131250000000001e+01	-3.2958332239287270e-02
1.2143750000000001e+01	-3.2958332239287270e-02
1.2156250000000000e+01	-3.2958332239287270e-02
1.2168750000000001e+01	-3.2958332239287270e-02
1.2181250000000000e+01	-3.2958332239287270e-02
1.2193750000000001e+01	-3.2958332239287270e-02
1.2206250000000001e+01	-3.2958332239287270e-02
1.2218750000000000e+01	-3.2958332239287270e-02
1.2231250000000001e+01	-3.2958332239287270e-02
1.2243750000000000e+01	-3.2958332239287270e-02
1.2256250000000001e+01	-3.2958332239287270e-02
1.2268750000000001e+01	-3.2958332239287270e-02
1.2281250000000000e+01	-3.2958332239287270e-02
1.2293750000000001e+01	-3.2958332239287270e-02
1.2306250000000000e+01	-3.2958332239287270e-02
1.2318750000000001e+01	-3.2958332239287270e-02
1.2331250000000001e+01	-3.2958332239287270e-02
1.2343750000000000e+01	-3.2958332239287270e-02
1.2356250000000001e+01	-3.2958332239287270e-02
1.2368750000000000e+01	-3.2958332239287270e-02
1.2381250000000001e+01	-3.2958332239287270e-02
1.2393750000000001e+01	-3.2958332239287270e-02
1.2406250000000000e+01	-3.2958332239287270e-02
1.2418750000000001e+01	-3.2958332239287270e-02
1.2431250000000000e+01	-3.2958332239287270e-02
1.2443750000000001e+01	-3.2958332239287270e-02
1.2456250000000001e+01	-3.2958332239287270e-02
1.2468750000000000e+01	-3.2958332239287270e-02
1.2481250000000001e+01	-3.2958332239287270e-02
1.2493750000000000e+01	-3.2958332239287270e-02
1.2506250000000001e+01	-3.2958332239287270e-02
1.2518750000000001e+01	-3.2958332239287270e-02
1.2531250000000000e+01	-3.2958332239287270e-02
1.2543750000000001e+01	-3.2958332239287270e-02
1.2556250000000000e+01	-3.2958332239287270e-02
1.2568750000000001e+01	-3.2958332239287270e-02
1.2581250000000001e+01	-3.2958332239287270e-02
1.2593750000000000e+01	-3.2958332239287270e-02
1.2606250000000001e+01	-3.2958332239287270e-02
1.2618750000000000e+01	-3.2958332239287270e-02
1.2631250000000001e+01	-3.2958332239287270e-02
1.2643750000000001e+01	-3.2958332239287270e-02
1.2656250000000000e+01	-3.2958332239287270e-02
1.2668750000000001e+01	-3.2958332239287270e-02
1.2681250000000000e+01	-3.2958332239287270e-02
1.2693750000000001e+01	-3.2958332239287270e-02
1.2706250000000001e+01	-3.2958332239287270e-02
1.2718750000000000e+01	-3.2958332239287270e-02
1.2731250000000001e+01	-3.2958332239287270e-02
1.2743750000000000e+01	-3.2958332239287270e-02
1.2756250000000001e+01	-3.2958332239287270e-02
1.2768750000000001e+01	-3.2958332239287270e-02
1.2781250000000000e+01	-3.2958332239287270e-02
1.2793750000000001e+01	-3.2958332239287270e-02
1.2806250000000000e+01	-3.2958332239287270e-02
1.2818750000000001e+01	-3.2958332239287270e-02
1.2831250000000001e+01	-3.2958332239287270e-02
1.2843750000000000e+01	-3.2958332239287270e-02
1.2856250000000001e+01	-3.2958332239287270e-02
1.2868750000000000e+01	-3.2958332239287270e-02
1.2881250000000001e+01	-3.2958332239287270e-02
1.2893750000000001e+01	-3.2958332239287270e-02
1.2906250000000000e+01	-3.2958332239287270e-02
1.2918750000000001e+01	-3.2958332239287270e-02
1.2931250000000000e+01	-3.2958332239287270e-02
1.2943750000000001e+01	-3.2958332239287270e-02
1.2956250000000001e+01	-3.2958332239287270e-02
1.2968750000000000e+01	-3.2958332239287270e-02
1.2981250000000001e+01	-3.2958332239287270e-02
1.2993750000000000e+01	-3.2958332239287270e-02
1.3006250000000001e+01	-2.4659680870020129e+00
1.3018750000000001e+01	-2.4659680870020129e+00
1.3031250000000000e+01	-2.4659680870020129e+00
1.3043750000000001e+01	-2.4659680870020129e+00
1.3056250000000000e+01	-2.4659680870020129e+00
1.3068750000000001e+01	-2.4659680870020129e+00
1.3081250000000001e+01	-2.4659680870020129e+00
1.3093750000000000e+01	-2.4659680870020129e+00
1.3106250000000001e+01	-2.4659680870020129e+00
1.3118750000000000e+01	-2.4659680870020129e+00
1.3131250000000001e+01	-2.4659680870020129e+00
1.3143750000000001e+01	-2.4659680870020129e+00
1.3156250000000000e+01	-2.4659680870020129e+00
1.3168750000000001e+01	-2.4659680870020129e+00
1.3181250000000000e+01	-2.4659680870020129e+00
1.3193750000000001e+01	-2.4659680870020129e+00
1.3206250000000001e+01	-2.4659680870020129e+00
1.3218750000000000e+01	-2.4659680870020129e+00
1.3231250000000001e+01	-2.4659680870020129e+00
1.3243750000000000e+01	-2.4659680870020129e+00
1.3256250000000001e+01	-2.4659680870020129e+00
1.3268750000000001e+01	-2.4659680870020129e+00
1.3281250000000000e+01	-2.4659680870020129e+00
1.3293750000000001e+01	-2.4659680870020129e+00
1.3306250000000000e+01	-2.4659680870020129e+00
1.3318750000000001e+01	-2.4659680870020129e+00
1.3331250000000001e+01	-2.4659680870020129e+00
1.3343750000000000e+01	-2.4659680870020129e+00
1.3356250000000001e+01	-2.4659680870020129e+00
1.3368750000000000e+01	-2.4659680870020129e+00
1.3381250000000001e+01	-2.4659680870020129e+00
1.3393750000000001e+01	-2.4659680870020129e+00
1.3406250000000000e+01	-2.4659680870020129e+00
1.3418750000000001e+01	-2.4659680870020129e+00
1.3431250000000000e+01	-2.4659680870020129e+00
1.3443750000000001e+01	-2.4659680870020129e+00
1.3456250000000001e+01	-2.4659680870020129e+00
1.3468750000000000e+01	-2.4659680870020129e+00
1.3481250000000001e+01	-2.4659680870020129e+00
1.3493750000000000e+01	-2.4659680870020129e+00
1.3506250000000001e+01	-2.4659680870020129e+00
1.3518750000000001e+01	-2.4659680870020129e+00
1.3531250000000000e+01	-2.4659680870020129e+00
1.3543750000000001e+01	-2.4659680870020129e+00
1.3556250000000000e+01	-2.4659680870020129e+00
1.3568750000000001e+01	-2.4659680870020129e+00
1.3581250000000001e+01	-2.4659680870020129e+00
1.3593750000000000e+01	-2.4659680870020129e+00
1.3606250000000001e+01	-2.4659680870020129e+00
1.3618750000000000e+01	-2.4659680870020129e+00
1.3631250000000001e+01	-2.4659680870020129e+00
1.3643750000000001e+01	-2.4659680870020129e+00
1.3656250000000000e+01	-2.4659680870020129e+00
1.3668750000000001e+01	-2.4659680870020129e+00
1.3681250000000000e+01	-2.4659680870020129e+00
1.3693750000000001e+01	-2.4659680870020129e+00
1.3706250000000001e+01	-2.4659680870020129e+00
1.3718750000000000e+01	-2.4659680870020129e+00
1.3731250000000001e+01	-2.4659680870020129e+00
1.3743750000000000e+01	-2.4659680870020129e+00
1.3756250000000001e+01	-2.4659680870020129e+00
1.3768750000000001e+01	-2.4659680870020129e+00
1.3781250000000000e+01	-2.4659680870020129e+00
1.3793750000000001e+01	-2.4659680870020129e+00
1.3806250000000000e+01	-2.4659680870020129e+00
1.3818750000000001e+01	-2.4659680870020129e+00
1.3831250000000001e+01	-2.4659680870020129e+00
1.3843750000000000e+01	-2.4659680870020129e+00
1.3856250000000001e+01	-2.4659680870020129e+00
1.3868750000000000e+01	-2.4659680870020129e+00
1.3881250000000001e+01	-2.4659680870020129e+00
1.3893750000000001e+01	-2.4659680870020129e+00
1.3906250000000000e+01	-2.4659680870020129e+00
1.3918750000000001e+01	-2.4659680870020129e+00
1.3931250000000000e+01	-2.4659680870020129e+00
1.3943750000000001e+01	-2.4659680870020129e+00
1.3956250000000001e+01	-2.4659680870020129e+00
1.3968750000000000e+01	-2.4659680870020129e+00
1.3981250000000001e+01	-2.4659680870020129e+00
1.3993750000000000e+01	-2.4659680870020129e+00
1.4006250000000001e+01	-3.1312627487915162e-01
1.4018750000000001e+01	-3.1312627487915162e-01
1.4031250000000000e+01	-3.1312627487915162e-01
1.4043750000000001e+01	-3.1312627487915162e-01
1.4056250000000000e+01	-3.1312627487915162e-01
1.4068750000000001e+01	-3.1312627487915162e-01
1.4081250000000001e+01	-3.1312627487915162e-01
1.4093750000000000e+01	-3.1312627487915162e-01
1.4106250000000001e+01	-3.1312627487915162e-01
1.4118750000000000e+01	-3.1312627487915162e-01
1.4131250000000001e+01	-3.1312627487915162e-01
1.4143750000000001e+01	-3.1312627487915162e-01
1.4156250000000000e+01	-3.1312627487915162e-01
1.4168750000000001e+01	-3.1312627487915162e-01
1.4181250000000000e+01	-3.1312627487915162e-01
1.4193750000000001e+01	-3.1312627487915162e-01
1.4206250000000001e+01	-3.1312627487915162e-01
1.4218750000000000e+01	-3.1312627487915162e-01
1.4231250000000001e+01	-3.1312627487915162e-01
1.4243750000000000e+01	-3.1312627487915162e-01
1.4256250000000001e+01	-3.1312627487915162e-01
1.4268750000000001e+01	-3.1312627487915162e-01
1.4281250000000000e+01	-3.1312627487915162e-01
1.4293750000000001e+01	-3.1312627487915162e-01
1.4306250000000000e+01	-3.1312627487915162e-01
1.4318750000000001e+01	-3.1312627487915162e-01
1.4331250000000001e+01	-3.1312627487915162e-01
1.4343750000000000e+01	-3.1312627487915162e-01
1.4356250000000001e+01	-3.1312627487915162e-01
1.4368750000000000e+01	-3.1312627487915162e-01
1.4381250000000001e+01	-3.1312627487915162e-01
1.4393750000000001e+01	-3.1312627487915162e-01
1.4406250000000000e+01	-3.1312627487915162e-01
1.4418750000000001e+01	-3.1312627487915162e-01
1.4431250000000000e+01	-3.1312627487915162e-01
1.4443750000000001e+01	-3.1312627487915162e-01
1.4456250000000001e+01	-3.1312627487915162e-01
1.4468750000000000e+01	-3.1312627487915162e-01
1.4481250000000001e+01	-3.1312627487915162e-01
1.4493750000000000e+01	-3.1312627487915162e-01
1.4506250000000001e+01	-3.1312627487915162e-01
1.4518750000000001e+01	-3.1312627487915162e-01
1.4531250000000000e+01	-3.1312627487915162e-01
1.4543750000000001e+01	-3.1312627487915162e-01
1.4556250000000000e+01	-3.1312627487915162e-01
1.4568750000000001e+01	-3.1312627487915162e-01
1.4581250000000001e+01	-3.1312627487915162e-01
1.4593750000000000e+01	-3.1312627487915162e-01
1.4606250000000001e+01	-3.1312627487915162e-01
1.4618750000000000e+01	-3.1312627487915162e-01
1.4631250000000001e+01	-3.1312627487915162e-01
1.4643750000000001e+01	-3.1312627487915162e-01
1.4656250000000000e+01	-3.1312627487915162e-01
1.4668750000000001e+01	-3.1312627487915162e-01
1.4681250000000000e+01	-3.1312627487915162e-01
1.4693750000000001e+01	-3.1312627487915162e-01
1.4706250000000001e+01	-3.1312627487915162e-01
1.4718750000000000e+01	-3.1312627487915162e-01
1.4731250000000001e+01	-3.1312627487915162e-01
1.4743750000000000e+01	-3.1312627487915162e-01
1.4756250000000001e+01	-3.1312627487915162e-01
1.4768750000000001e+01	-3.1312627487915162e-01
1.4781250000000000e+01	-3.1312627487915162e-01
1.4793750000000001e+01	-3.1312627487915162e-01
1.4806250000000000e+01	-3.1312627487915162e-01
1.4818750000000001e+01	-3.1312627487915162e-01
1.4831250000000001e+01	-3.1312627487915162e-01
1.4843750000000000e+01	-3.1312627487915162e-01
1.4856250000000001e+01	-3.1312627487915162e-01
1.4868750000000000e+01	-3.1312627487915162e-01
1.4881250000000001e+01	-3.1312627487915162e-01
1.4893750000000001e+01	-3.1312627487915162e-01
1.4906250000000000e+01	-3.1312627487915162e-01
1.4918750000000001e+01	-3.1312627487915162e-01
1.4931250000000000e+01	-3.1312627487915162e-01
1.4943750000000001e+01	-3.1312627487915162e-01
1.4956250000000001e+01	-3.1312627487915162e-01
1.4968750000000000e+01	-3.1312627487915162e-01
1.4981250000000001e+01	-3.1312627487915162e-01
1.4993750000000000e+01	-3.1312627487915162e-01
1.5006250000000001e+01	2.6157932345542284e-02
1.5018750000000001e+01	2.6157932345542284e-02
1.5031250000000000e+01	2.6157932345542284e-02
1.5043750000000001e+01	2.6157932345542284e-02
1.5056250000000000e+01	2.6157932345542284e-02
1.5068750000000001e+01	2.6157932345542284e-02
1.5081250000000001e+01	2.6157932345542284e-02
1.5093750000000000e+01	2.6157932345542284e-02
1.5106250000000001e+01	2.6157932345542284e-02
1.5118750000000000e+01	2.6157932345542284e-02
1.5131250000000001e+01	2.6157932345542284e-02
1.5143750000000001e+01	2.6157932345542284e-02
1.5156250000000000e+01	2.6157932345542284e-02
1.5168750000000001e+01	2.6157932345542284e-02
1.5181250000000000e+01	2.6157932345542284e-02
1.5193750000000001e+01	2.6157932345542284e-02
1.5206250000000001e+01	2.6157932345542284e-02
1.5218750000000000e+01	2.6157932345542284e-02
1.5231250000000001e+01	2.6157932345542284e-02
1.5243750000000000e+01	2.6157932345542284e-02
1.5256250000000001e+01	2.6157932345542284e-02
1.5268750000000001e+01	2.6157932345542284e-02
1.5281250000000000e+01	2.6157932345542284e-02
1.5293750000000001e+01	2.6157932345542284e-02
1.5306250000000000e+01	2.6157932345542284e-02
1.5318750000000001e+01	2.6157932345542284e-02
1.5331250000000001e+01	2.6157932345542284e-02
1.5343750000000000e+01	2.6157932345542284e-02
1.5356250000000001e+01	2.6157932345542284e-02
1.5368750000000000e+01	2.6157932345542284e-02
1.5381250000000001e+01	2.6157932345542284e-02
1.5393750000000001e+01	2.6157932345542284e-02
1.5406250000000000e+01	2.6157932345542284e-02
1.5418750000000001e+01	2.6157932345542284e-02
1.5431250000000000e+01	2.6157932345542284e-02
1.5443750000000001e+01	2.6157932345542284e-02
1.5456250000000001e+01	2.6157932345542284e-02
1.5468750000000000e+01	2.6157932345542284e-02
1.5481250000000001e+01	2.6157932345542284e-02
1.5493750000000000e+01	2.6157932345542284e-02
1.5506250000000001e+01	2.6157932345542284e-02
1.5518750000000001e+01	2.6157932345542284e-02
1.5531250000000000e+01	2.6157932345542284e-02
1.5543750000000001e+01	2.6157932345542284e-02
1.5556250000000000e+01	2.6157932345542284e-02
1.5568750000000001e+01	2.6157932345542284e-02
1.5581250000000001e+01	2.6157932345542284e-02
1.5593750000000000e+01	2.6157932345542284e-02
1.5606250000000001e+01	2.6157932345542284e-02
1.5618750000000000e+01	2.6157932345542284e-02
1.5631250000000001e+01	2.6157932345542284e-02
1.5643750000000001e+01	2.6157932345542284e-02
1.5656250000000000e+01	2.6157932345542284e-02
1.5668750000000001e+01	2.6157932345542284e-02
1.5681250000000000e+01	2.6157932345542284e-02
1.5693750000000001e+01	2.6157932345542284e-02
1.5706250000000001e+01	2.6157932345542284e-02
1.5718750000000000e+01	2.6157932345542284e-02
1.5731250000000001e+01	2.6157932345542284e-02
1.5743750000000000e+01	2.6157932345542284e-02
1.5756250000000001e+01	2.6157932345542284e-02
1.5768750000000001e+01	2.6157932345542284e-02
1.5781250000000000e+01	2.6157932345542284e-02
1.5793750000000001e+01	2.6157932345542284e-02
1.5806250000000000e+01	2.6157932345542284e-02
1.5818750000000001e+01	2.6157932345542284e-02
1.5831250000000001e+01	2.6157932345542284e-02
1.5843750000000000e+01	2.6157932345542284e-02
1.5856250000000001e+01	2.6157932345542284e-02
1.5868750000000000e+01	2.6157932345542284e-02
1.5881250000000001e+01	2.6157932345542284e-02
1.5893750000000001e+01	2.6157932345542284e-02
1.5906250000000000e+01	2.6157932345542284e-02
1.5918750000000001e+01	2.6157932345542284e-02
1.5931250000000000e+01	2.6157932345542284e-02
1.5943750000000001e+01	2.6157932345542284e-02
1.5956250000000001e+01	2.6157932345542284e-02
1.5968750000000000e+01	2.6157932345542284e-02
1.5981250000000001e+01	2.6157932345542284e-02
1.5993750000000000e+01	2.6157932345542284e-02
1.6006250000000001e+01	2.2064355100762576e+00
1.6018750000000001e+01	2.2064355100762576e+00
1.6031250000000000e+01	2.2064355100762576e+00
1.6043749999999999e+01	2.2064355100762576e+00
1.6056250000000002e+01	2.2064355100762576e+00
1.6068750000000001e+01	2.2064355100762576e+00
1.6081250000000001e+01	2.2064355100762576e+00
1.6093750000000000e+01	2.2064355100762576e+00
1.6106249999999999e+01	2.2064355100762576e+00
1.6118750000000002e+01	2.2064355100762576e+00
1.6131250000000001e+01	2.2064355100762576e+00
1.6143750000000001e+01	2.2064355100762576e+00
1.6156250000000000e+01	2.2064355100762576e+00
1.6168749999999999e+01	2.2064355100762576e+00
1.6181250000000002e+01	2.2064355100762576e+00
1.6193750000000001e+01	2.2064355100762576e+00
1.6206250000000001e+01	2.2064355100762576e+00
1.6218750000000000e+01	2.2064355100762576e+00
1.6231249999999999e+01	2.2064355100762576e+00
1.6243750000000002e+01	2.2064355100762576e+00
1.6256250000000001e+01	2.2064355100762576e+00
1.6268750000000001e+01	2.2064355100762576e+00
1.6281250000000000e+01	2.2064355100762576e+00
1.6293749999999999e+01	2.2064355100762576e+00
1.6306250000000002e+01	2.2064355100762576e+00
1.6318750000000001e+01	2.2064355100762576e+00
1.6331250000000001e+01	2.2064355100762576e+00
1.6343750000000000e+01	2.2064355100762576e+00
1.6356249999999999e+01	2.2064355100762576e+00
1.6368750000000002e+01	2.2064355100762576e+00
1.6381250000000001e+01	2.2064355100762576e+00
1.6393750000000001e+01	2.2064355100762576e+00
1.6406250000000000e+01	2.2064355100762576e+00
1.6418749999999999e+01	2.2064355100762576e+00
1.6431250000000002e+01	2.2064355100762576e+00
1.6443750000000001e+01	2.2064355100762576e+00
1.6456250000000001e+01	2.2064355100762576e+00
1.6468750000000000e+01	2.2064355100762576e+00
1.6481249999999999e+01	2.2064355100762576e+00
1.6493750000000002e+01	2.2064355100762576e+00
1.6506250000000001e+01	2.2064355100762576e+00
1.6518750000000001e+01	2.2064355100762576e+00
1.6531250000000000e+01	2.2064355100762576e+00
1.6543749999999999e+01	2.2064355100762576e+00
1.6556250000000002e+01	2.2064355100762576e+00
1.6568750000000001e+01	2.2064355100762576e+00
1.6581250000000001e+01	2.2064355100762576e+00
1.6593750000000000e+01	2.2064355100762576e+00
1.6606249999999999e+01	2.2064355100762576e+00
1.6618750000000002e+01	2.2064355100762576e+00
1.6631250000000001e+01	2.2064355100762576e+00
1.6643750000000001e+01	2.2064355100762576e+00
1.6656250000000000e+01	2.2064355100762576e+00
1.6668749999999999e+01	2.2064355100762576e+00
1.6681250000000002e+01	2.2064355100762576e+00
1.6693750000000001e+01	2.2064355100762576e+00
1.6706250000000001e+01	2.2064355100762576e+00
1.6718750000000000e+01	2.2064355100762576e+00
1.6731249999999999e+01	2.2064355100762576e+00
1.6743750000000002e+01	2.2064355100762576e+00
1.6756250000000001e+01	2.2064355100762576e+00
1.6768750000000001e+01	2.2064355100762576e+00
1.6781250000000000e+01	2.2064355100762576e+00
1.6793749999999999e+01	2.2064355100762576e+00
1.6806250000000002e+01	2.2064355100762576e+00
1.6818750000000001e+01	2.2064355100762576e+00
1.6831250000000001e+01	2.2064355100762576e+00
1.6843750000000000e+01	2.2064355100762576e+00
1.6856249999999999e+01	2.2064355100762576e+00
1.6868750000000002e+01	2.2064355100762576e+00
1.6881250000000001e+01	2.2064355100762576e+00
1.6893750000000001e+01	2.2064355100762576e+00
1.6906250000000000e+01	2.2064355100762576e+00
1.6918749999999999e+01	2.2064355100762576e+00
1.6931250000000002e+01	2.2064355100762576e+00
1.6943750000000001e+01	2.2064355100762576e+00
1.6956250000000001e+01	2.2064355100762576e+00
1.6968750000000000e+01	2.2064355100762576e+00
1.6981249999999999e+01	2.2064355100762576e+00
1.6993750000000002e+01	2.2064355100762576e+00
1.7006250000000001e+01	-7.6480960696717004e-02
1.7018750000000001e+01	-7.6480960696717004e-02
1.7031250000000000e+01	-7.6480960696717004e-02
1.7043749999999999e+01	-7.6480960696717004e-02
1.7056250000000002e+01	-7.6480960696717004e-02
1.7068750000000001e+01	-7.6480960696717004e-02
1.7081250000000001e+01	-7.6480960696717004e-02
1.7093750000000000e+01	-7.6480960696717004e-02
1.7106249999999999e+01	-7.6480960696717004e-02
1.7118750000000002e+01	-7.6480960696717004e-02
1.7131250000000001e+01	-7.6480960696717004e-02
1.7143750000000001e+01	-7.6480960696717004e-02
1.7156250000000000e+01	-7.6480960696717004e-02
1.7168749999999999e+01	-7.6480960696717004e-02
1.7181250000000002e+01	-7.6480960696717004e-02
1.7193750000000001e+01	-7.6480960696717004e-02
1.7206250000000001e+01	-7.6480960696717004e-02
1.7218750000000000e+01	-7.6480960696717004e-02
1.7231249999999999e+01	-7.6480960696717004e-02
1.7243750000000002e+01	-7.6480960696717004e-02
1.7256250000000001e+01	-7.6480960696717004e-02
1.7268750000000001e+01	-7.6480960696717004e-02
1.7281250000000000e+01	-7.6480960696717004e-02
1.7293749999999999e+01	-7.6480960696717004e-02
1.7306250000000002e+01	-7.6480960696717004e-02
1.7318750000000001e+01	-7.6480960696717004e-02
1.7331250000000001e+01	-7.6480960696717004e-02
1.7343750000000000e+01	-7.6480960696717004e-02
1.7356249999999999e+01	-7.6480960696717004e-02
1.7368750000000002e+01	-7.6480960696717004e-02
1.7381250000000001e+01	-7.6480960696717004e-02
1.7393750000000001e+01	-7.6480960696717004e-02
1.7406250000000000e+01	-7.6480960696717004e-02
1.7418749999999999e+01	-7.6480960696717004e-02
1.7431250000000002e+01	-7.6480960696717004e-02
1.7443750000000001e+01	-7.6480960696717004e-02
1.7456250000000001e+01	-7.6480960696717004e-02
1.7468750000000000e+01	-7.6480960696717004e-02
1.7481249999999999e+01	-7.6480960696717004e-02
1.7493750000000002e+01	-7.6480960696717004e-02
1.7506250000000001e+01	-7.6480960696717004e-02
1.7518750000000001e+01	-7.6480960696717004e-02
1.7531250000000000e+01	-7.6480960696717004e-02
1.7543749999999999e+01	-7.6480960696717004e-02
1.7556250000000002e+01	-7.6480960696717004e-02
1.7568750000000001e+01	-7.6480960696717004e-02
1.7581250000000001e+01	-7.6480960696717004e-02
1.7593750000000000e+01	-7.6480960696717004e-02
1.7606249999999999e+01	-7.6480960696717004e-02
1.7618750000000002e+01	-7.6480960696717004e-02
1.7631250000000001e+01	-7.6480960696717004e-02
1.7643750000000001e+01	-7.6480960696717004e-02
1.7656250000000000e+01	-7.6480960696717004e-02
1.7668749999999999e+01	-7.6480960696717004e-02
1.7681250000000002e+01	-7.6480960696717004e-02
1.7693750000000001e+01	-7.6480960696717004e-02
1.7706250000000001e+01	-7.6480960696717004e-02
1.7718750000000000e+01	-7.6480960696717004e-02
1.7731249999999999e+01	-7.6480960696717004e-02
1.7743750000000002e+01	-7.6480960696717004e-02
1.7756250000000001e+01	-7.6480960696717004e-02
1.7768750000000001e+01	-7.6480960696717004e-02
1.7781250000000000e+01	-7.6480960696717004e-02
1.7793749999999999e+01	-7.6480960696717004e-02
1.7806250000000002e+01	-7.6480960696717004e-02
1.7818750000000001e+01	-7.6480960696717004e-02
1.7831250000000001e+01	-7.6480960696717004e-02
1.7843750000000000e+01	-7.6480960696717004e-02
1.7856249999999999e+01	-7.6480960696717004e-02
1.7868750000000002e+01	-7.6480960696717004e-02
1.7881250000000001e+01	-7.6480960696717004e-02
1.7893750000000001e+01	-7.6480960696717004e-02
1.7906250000000000e+01	-7.6480960696717004e-02
1.7918749999999999e+01	-7.6480960696717004e-02
1.7931250000000002e+01	-7.6480960696717004e-02
1.7943750000000001e+01	-7.6480960696717004e-02
1.7956250000000001e+01	-7.6480960696717004e-02
1.7968750000000000e+01	-7.6480960696717004e-02
1.7981249999999999e+01	-7.6480960696717004e-02
1.7993750000000002e+01	-7.6480960696717004e-02
1.8006250000000001e+01	-5.7262775925784014e-02
1.8018750000000001e+01	-5.7262775925784014e-02
1.8031250000000000e+01	-5.7262775925784014e-02
1.8043749999999999e+01	-5.7262775925784014e-02
1.8056250000000002e+01	-5.7262775925784014e-02
1.8068750000000001e+01	-5.7262775925784014e-02
1.8081250000000001e+01	-5.7262775925784014e-02
1.8093750000000000e+01	-5.7262775925784014e-02
1.8106249999999999e+01	-5.7262775925784014e-02
1.8118750000000002e+01	-5.7262775925784014e-02
1.8131250000000001e+01	-5.7262775925784014e-02
1.8143750000000001e+01	-5.7262775925784014e-02
1.8156250000000000e+01	-5.7262775925784014e-02
1.8168749999999999e+01	-5.7262775925784014e-02
1.8181250000000002e+01	-5.7262775925784014e-02
1.8193750000000001e+01	-5.7262775925784014e-02
1.8206250000000001e+01	-5.7262775925784014e-02
1.8218750000000000e+01	-5.7262775925784014e-02
1.8231249999999999e+01	-5.7262775925784014e-02
1.8243750000000002e+01	-5.7262775925784014e-02
1.8256250000000001e+01	-5.7262775925784014e-02
1.8268750000000001e+01	-5.7262775925784014e-02
1.8281250000000000e+01	-5.7262775925784014e-02
1.8293749999999999e+01	-5.7262775925784014e-02
1.8306250000000002e+01	-5.7262775925784014e-02
1.8318750000000001e+01	-5.7262775925784014e-02
1.8331250000000001e+01	-5.7262775925784014e-02
1.8343750000000000e+01	-5.7262775925784014e-02
1.8356249999999999e+01	-5.7262775925784014e-02
1.8368750000000002e+01	-5.7262775925784014e-02
1.8381250000000001e+01	-5.7262775925784014e-02
1.8393750000000001e+01	-5.7262775925784014e-02
1.8406250000000000e+01	-5.7262775925784014e-02
1.8418749999999999e+01	-5.7262775925784014e-02
1.8431250000000002e+01	-5.7262775925784014e-02
1.8443750000000001e+01	-5.7262775925784014e-02
1.8456250000000001e+01	-5.7262775925784014e-02
1.8468750000000000e+01	-5.7262775925784014e-02
1.8481249999999999e+01	-5.7262775925784014e-02
1.8493750000000002e+01	-5.7262775925784014e-02
1.8506250000000001e+01	-5.7262775925784014e-02
1.8518750000000001e+01	-5.7262775925784014e-02
1.8531250000000000e+01	-5.7262775925784014e-02
1.8543749999999999e+01	-5.7262775925784014e-02
1.8556250000000002e+01	-5.7262775925784014e-02
1.8568750000000001e+01	-5.7262775925784014e-02
1.8581250000000001e+01	-5.7262775925784014e-02
1.8593750000000000e+01	-5.7262775925784014e-02
1.8606249999999999e+01	-5.7262775925784014e-02
1.8618750000000002e+01	-5.7262775925784014e-02
1.8631250000000001e+01	-5.7262775925784014e-02
1.8643750000000001e+01	-5.7262775925784014e-02
1.8656250000000000e+01	-5.7262775925784014e-02
1.8668749999999999e+01	-5.7262775925784014e-02
1.8681250000000002e+01	-5.7262775925784014e-02
1.8693750000000001e+01	-5.7262775925784014e-02
1.8706250000000001e+01	-5.7262775925784014e-02
1.8718750000000000e+01	-5.7262775925784014e-02
1.8731249999999999e+01	-5.7262775925784014e-02
1.8743750000000002e+01	-5.7262775925784014e-02
1.8756250000000001e+01	-5.7262775925784014e-02
1.8768750000000001e+01	-5.7262775925784014e-02
1.8781250000000000e+01	-5.7262775925784014e-02
1.8793749999999999e+01	-5.7262775925784014e-02
1.8806250000000002e+01	-5.7262775925784014e-02
1.8818750000000001e+01	-5.7262775925784014e-02
1.8831250000000001e+01	-5.7262775925784014e-02
1.8843750000000000e+01	-5.7262775925784014e-02
1.8856249999999999e+01	-5.7262775925784014e-02
1.8868750000000002e+01	-5.7262775925784014e-02
1.8881250000000001e+01	-5.7262775925784014e-02
1.8893750000000001e+01	-5.7262775925784014e-02
1.8906250000000000e+01	-5.7262775925784014e-02
1.8918749999999999e+01	-5.7262775925784014e-02
1.8931250000000002e+01	-5.7262775925784014e-02
1.8943750000000001e+01	-5.7262775925784014e-02
1.8956250000000001e+01	-5.7262775925784014e-02
1.8968750000000000e+01	-5.7262775925784014e-02
1.8981249999999999e+01	-5.7262775925784014e-02
1.8993750000000002e+01	-5.7262775925784014e-02
1.9006250000000001e+01	3.8821727617229605e-03
1.9018750000000001e+01	3.8821727617229605e-03
1.9031250000000000e+01	3.8821727617229605e-03
1.9043749999999999e+01	3.8821727617229605e-03
1.9056250000000002e+01	3.8821727617229605e-03
1.9068750000000001e+01	3.8821727617229605e-03
1.9081250000000001e+01	3.8821727617229605e-03
1.9093750000000000e+01	3.8821727617229605e-03
1.9106249999999999e+01	3.8821727617229605e-03
1.9118750000000002e+01	3.8821727617229605e-03
1.9131250000000001e+01	3.8821727617229605e-03
1.9143750000000001e+01	3.8821727617229605e-03
1.9156250000000000e+01	3.8821727617229605e-03
1.9168749999999999e+01	3.8821727617229605e-03
1.9181250000000002e+01	3.8821727617229605e-03
1.9193750000000001e+01	3.8821727617229605e-03
1.9206250000000001e+01	3.8821727617229605e-03
1.9218750000000000e+01	3.8821727617229605e-03
1.9231250000000003e+01	3.8821727617229605e-03
1.9243750000000002e+01	3.8821727617229605e-03
1.9256250000000001e+01	3.8821727617229605e-03
1.9268750000000001e+01	3.8821727617229605e-03
1.9281250000000000e+01	3.8821727617229605e-03
1.9293750000000003e+01	3.8821727617229605e-03
1.9306250000000002e+01	3.8821727617229605e-03
1.9318750000000001e+01	3.8821727617229605e-03
1.9331250000000001e+01	3.8821727617229605e-03
1.9343750000000000e+01	3.8821727617229605e-03
1.9356250000000003e+01	3.8821727617229605e-03
1.9368750000000002e+01	3.8821727617229605e-03
1.9381250000000001e+01	3.8821727617229605e-03
1.9393750000000001e+01	3.8821727617229605e-03
1.9406250000000000e+01	3.8821727617229605e-03
1.9418750000000003e+01	3.8821727617229605e-03
1.9431250000000002e+01	3.8821727617229605e-03
1.9443750000000001e+01	3.8821727617229605e-03
1.9456250000000001e+01	3.8821727617229605e-03
1.9468750000000000e+01	3.8821727617229605e-03
1.9481250000000003e+01	3.8821727617229605e-03
1.9493750000000002e+01	3.8821727617229605e-03
1.9506250000000001e+01	3.8821727617229605e-03
1.9518750000000001e+01	3.8821727617229605e-03
1.9531250000000000e+01	3.8821727617229605e-03
1.9543750000000003e+01	3.8821727617229605e-03
1.9556250000000002e+01	3.8821727617229605e-03
1.9568750000000001e+01	3.8821727617229605e-03
1.9581250000000001e+01	3.8821727617229605e-03
1.9593750000000000e+01	3.8821727617229605e-03
1.9606250000000003e+01	3.8821727617229605e-03
1.9618750000000002e+01	3.8821727617229605e-03
1.9631250000000001e+01	3.8821727617229605e-03
1.9643750000000001e+01	3.8821727617229605e-03
1.9656250000000000e+01	3.8821727617229605e-03
1.9668750000000003e+01	3.8821727617229605e-03
1.9681250000000002e+01	3.8821727617229605e-03
1.9693750000000001e+01	3.8821727617229605e-03
1.9706250000000001e+01	3.8821727617229605e-03
1.9718750000000000e+01	3.8821727617229605e-03
1.9731250000000003e+01	3.8821727617229605e-03
1.9743750000000002e+01	3.8821727617229605e-03
1.9756250000000001e+01	3.8821727617229605e-03
1.9768750000000001e+01	3.8821727617229605e-03
1.9781250000000000e+01	3.8821727617229605e-03
1.9793750000000003e+01	3.8821727617229605e-03
1.9806250000000002e+01	3.8821727617229605e-03
1.9818750000000001e+01	3.8821727617229605e-03
1.9831250000000001e+01	3.8821727617229605e-03
1.9843750000000000e+01	3.8821727617229605e-03
1.9856250000000003e+01	3.8821727617229605e-03
1.9868750000000002e+01	3.8821727617229605e-03
1.9881250000000001e+01	3.8821727617229605e-03
1.9893750000000001e+01	3.8821727617229605e-03
1.9906250000000000e+01	3.8821727617229605e-03
1.9918750000000003e+01	3.8821727617229605e-03
1.9931250000000002e+01	3.8821727617229605e-03
1.9943750000000001e+01	3.8821727617229605e-03
1.9956250000000001e+01	3.8821727617229605e-03
1.9968750000000000e+01	3.8821727617229605e-03
1.9981250000000003e+01	3.8821727617229605e-03
1.9993750000000002e+01	3.8821727617229605e-03
