1.2500000000000001e-02	0.0000000000000000e+00	9.9968815839325842e-01	2.4971703351917021e-02	0.0000000000000000e+00
3.7500000000000006e-02	0.0000000000000000e+00	9.9876051339688110e-01	4.9773857387182277e-02	0.0000000000000000e+00
6.2500000000000000e-02	0.0000000000000000e+00	9.9724054764025993e-01	7.4238063970958529e-02	0.0000000000000000e+00
8.7500000000000008e-02	0.0000000000000000e+00	9.9516687529474568e-01	9.8198219515907251e-02	0.0000000000000000e+00
1.1250000000000000e-01	0.0000000000000000e+00	9.9259245450354405e-01	1.2149164276868075e-01	0.0000000000000000e+00
1.3750000000000001e-01	0.0000000000000000e+00	9.8958348144997743e-01	1.4396017935993821e-01	0.0000000000000000e+00
1.6250000000000001e-01	0.0000000000000000e+00	9.8621796546009977e-01	1.6545127561836906e-01	0.0000000000000000e+00
1.8750000000000000e-01	0.0000000000000000e+00	9.8258398821834325e-01	1.8581901435789419e-01	0.0000000000000000e+00
2.1250000000000002e-01	0.0000000000000000e+00	9.7877765661697602e-01	2.0492510560540431e-01	0.0000000000000000e+00
2.3750000000000002e-01	0.0000000000000000e+00	9.7490076832592809e-01	2.2263982554233372e-01	0.0000000000000000e+00
2.6250000000000001e-01	0.0000000000000000e+00	9.7105822194991176e-01	2.3884289728497704e-01	0.0000000000000000e+00
2.8750000000000003e-01	0.0000000000000000e+00	9.6735521932551549e-01	2.5342430752335254e-01	0.0000000000000000e+00
3.1250000000000000e-01	0.0000000000000000e+00	9.6389432527450980e-01	2.6628505347391374e-01	0.0000000000000000e+00
3.3750000000000002e-01	0.0000000000000000e+00	9.6077246855313236e-01	2.7733781507455602e-01	0.0000000000000000e+00
3.6250000000000004e-01	0.0000000000000000e+00	9.5807798483236051e-01	2.8650754785794380e-01	0.0000000000000000e+00
3.8750000000000001e-01	0.0000000000000000e+00	9.5588781590470073e-01	2.9373199247775261e-01	0.0000000000000000e+00
4.1250000000000003e-01	0.0000000000000000e+00	9.5426498641691371e-01	2.9896209742831548e-01	0.0000000000000000e+00
4.3750000000000000e-01	0.0000000000000000e+00	9.5325647806921709e-01	3.0216235208755393e-01	0.0000000000000000e+00
4.6250000000000002e-01	0.0000000000000000e+00	9.5289160999643963e-01	3.0331102782194480e-01	0.0000000000000000e+00
4.8750000000000004e-01	0.0000000000000000e+00	9.5318101278168843e-01	3.0240032551650281e-01	0.0000000000000000e+00
5.1250000000000007e-01	0.0000000000000000e+00	9.5411625354059870e-01	2.9943642852810115e-01	0.0000000000000000e+00
5.3749999999999998e-01	0.0000000000000000e+00	9.5567013345671614e-01	2.9443946070259575e-01	0.0000000000000000e+00
5.6250000000000000e-01	0.0000000000000000e+00	9.5779764078316743e-01	2.8744334974080077e-01	0.0000000000000000e+00
5.8750000000000002e-01	0.0000000000000000e+00	9.6043750579628062e-01	2.7849559684101560e-01	0.0000000000000000e+00
6.1250000000000004e-01	0.0000000000000000e+00	9.6351427331303652e-01	2.6765695418215035e-01	0.0000000000000000e+00
6.3750000000000007e-01	0.0000000000000000e+00	9.6694078601329192e-01	2.5500101243722989e-01	0.0000000000000000e+00
6.6250000000000009e-01	0.0000000000000000e+00	9.7062095940400595e-01	2.4061370111791777e-01	0.0000000000000000e+00
6.8750000000000000e-01	0.0000000000000000e+00	9.7445272681478401e-01	2.2459270514255000e-01	0.0000000000000000e+00
7.1250000000000002e-01	0.0000000000000000e+00	9.7833103904138174e-01	2.0704680158898248e-01	0.0000000000000000e+00
7.3750000000000004e-01	0.0000000000000000e+00	9.8215081601811527e-01	1.8809512113547217e-01	0.0000000000000000e+00
7.6250000000000007e-01	0.0000000000000000e+00	9.8580976469205928e-01	1.6786633920415639e-01	0.0000000000000000e+00
7.8750000000000009e-01	0.0000000000000000e+00	9.8921099565339721e-01	1.4649780229898868e-01	0.0000000000000000e+00
8.1250000000000000e-01	0.0000000000000000e+00	9.9226538900009997e-01	1.2413459546999796e-01	0.0000000000000000e+00
8.3750000000000002e-01	0.0000000000000000e+00	9.9489367589425703e-01	1.0092855723546887e-01	0.0000000000000000e+00
8.6250000000000004e-01	0.0000000000000000e+00	9.9702821540837028e-01	7.7037248650384749e-02	0.0000000000000000e+00
8.8750000000000007e-01	0.0000000000000000e+00	9.9861445619917666e-01	5.2622883520805699e-02	0.0000000000000000e+00
9.1250000000000009e-01	0.0000000000000000e+00	9.9961207933531693e-01	2.7851227027659547e-02	0.0000000000000000e+00
9.3750000000000000e-01	0.0000000000000000e+00	9.9999582258218800e-01	2.8904702379134398e-03	0.0000000000000000e+00
9.6250000000000002e-01	0.0000000000000000e+00	9.9975598812622957e-01	2.2089911855190408e-02	0.0000000000000000e+00
9.8750000000000004e-01	0.0000000000000000e+00	9.9889863570575232e-01	4.6920311009318746e-02	0.0000000000000000e+00
1.0125000000000000e+00	0.0000000000000000e+00	9.9744546204724571e-01	7.1432137314947020e-02	0.0000000000000000e+00
1.0375000000000001e+00	0.0000000000000000e+00	9.9543336603622223e-01	9.5458963863128021e-02	0.0000000000000000e+00
1.0625000000000000e+00	0.0000000000000000e+00	9.9291369783260019e-01	1.1883765672722704e-01	0.0000000000000000e+00
1.0875000000000001e+00	0.0000000000000000e+00	9.8995118982435892e-01	1.4140948258643460e-01	0.0000000000000000e+00
1.1125000000000000e+00	0.0000000000000000e+00	9.8662256854469033e-01	1.6302118647067201e-01	0.0000000000000000e+00
1.1375000000000000e+00	0.0000000000000000e+00	9.8301485007338929e-01	1.8352603230937109e-01	0.0000000000000000e+00
1.1625000000000001e+00	0.0000000000000000e+00	9.7922332754365826e-01	2.0278479921915815e-01	0.0000000000000000e+00
1.1875000000000000e+00	0.0000000000000000e+00	9.7534926856916937e-01	2.2066672676598928e-01	0.0000000000000000e+00
1.2125000000000001e+00	0.0000000000000000e+00	9.7149735282197280e-01	2.3705040278373180e-01	0.0000000000000000e+00
1.2375000000000000e+00	0.0000000000000000e+00	9.6777289537322497e-01	2.5182458772120619e-01	0.0000000000000000e+00
1.2625000000000002e+00	0.0000000000000000e+00	9.6427891899304996e-01	2.6488896992065591e-01	0.0000000000000000e+00
1.2875000000000001e+00	0.0000000000000000e+00	9.6111315704467049e-01	2.7615484669956164e-01	0.0000000000000000e+00
1.3125000000000000e+00	0.0000000000000000e+00	9.5836508597399872e-01	2.8554572661148775e-01	0.0000000000000000e+00
1.3375000000000001e+00	0.0000000000000000e+00	9.5611310031840402e-01	2.9299784879681695e-01	0.0000000000000000e+00
1.3625000000000000e+00	0.0000000000000000e+00	9.5442195110879668e-01	2.9846061589715839e-01	0.0000000000000000e+00
1.3875000000000002e+00	0.0000000000000000e+00	9.5334056825005875e-01	3.0189693759408898e-01	0.0000000000000000e+00
1.4125000000000001e+00	0.0000000000000000e+00	9.5290037741585154e-01	3.0328348243971742e-01	0.0000000000000000e+00
1.4375000000000000e+00	0.0000000000000000e+00	9.5311420185226170e-01	3.0261083626922802e-01	0.0000000000000000e+00
1.4625000000000001e+00	0.0000000000000000e+00	9.5397581037009815e-01	2.9988356611983685e-01	0.0000000000000000e+00
1.4875000000000000e+00	0.0000000000000000e+00	9.5546013727078427e-01	2.9512018922217231e-01	0.0000000000000000e+00
1.5125000000000002e+00	0.0000000000000000e+00	9.5752416164161558e-01	2.8835304727461897e-01	0.0000000000000000e+00
1.5375000000000001e+00	0.0000000000000000e+00	9.6010839650649138e-01	2.7962808685425738e-01	0.0000000000000000e+00
1.5625000000000000e+00	0.0000000000000000e+00	9.6313890662167134e-01	2.6900454745533586e-01	0.0000000000000000e+00
1.5875000000000001e+00	0.0000000000000000e+00	9.6652975024883658e-01	2.5655455927338511e-01	0.0000000000000000e+00
1.6125000000000000e+00	0.0000000000000000e+00	9.7018572665496128e-01	2.4236265346588473e-01	0.0000000000000000e+00
1.6375000000000002e+00	0.0000000000000000e+00	9.7400530753397896e-01	2.2652518821464304e-01	0.0000000000000000e+00
1.6625000000000001e+00	0.0000000000000000e+00	9.7788363586683880e-01	2.0914969448673115e-01	0.0000000000000000e+00
1.6875000000000000e+00	0.0000000000000000e+00	9.8171548787059804e-01	1.9035414593602995e-01	0.0000000000000000e+00
1.7125000000000001e+00	0.0000000000000000e+00	9.8539811014288037e-01	1.7026615790250865e-01	0.0000000000000000e+00
1.7375000000000000e+00	0.0000000000000000e+00	9.8883386241990889e-01	1.4902212094775594e-01	0.0000000000000000e+00
1.7625000000000002e+00	0.0000000000000000e+00	9.9193261443048630e-01	1.2676627480976016e-01	0.0000000000000000e+00
1.7875000000000001e+00	0.0000000000000000e+00	9.9461386158896181e-01	1.0364972906446916e-01	0.0000000000000000e+00
1.8125000000000000e+00	0.0000000000000000e+00	9.9680853776710621e-01	7.9829437143502338e-02	0.0000000000000000e+00
1.8375000000000001e+00	0.0000000000000000e+00	9.9846051369837829e-01	5.5467130674083071e-02	0.0000000000000000e+00
1.8625000000000000e+00	0.0000000000000000e+00	9.9952777670811777e-01	3.0728221376659110e-02	0.0000000000000000e+00
1.8875000000000002e+00	0.0000000000000000e+00	9.9998329174150946e-01	5.7806779759496888e-03	0.0000000000000000e+00
1.9125000000000001e+00	0.0000000000000000e+00	9.9981554557602970e-01	1.9206114249190900e-02	0.0000000000000000e+00
1.9375000000000000e+00	0.0000000000000000e+00	9.9902877625340647e-01	4.4062503533827395e-02	0.0000000000000000e+00
1.9625000000000001e+00	0.0000000000000000e+00	9.9764288878648100e-01	6.8619723504346877e-02	0.0000000000000000e+00
1.9875000000000000e+00	0.0000000000000000e+00	9.9569305673955777e-01	9.2711039044358096e-02	0.0000000000000000e+00
2.0125000000000002e+00	0.0000000000000000e+00	9.9322900799941372e-01	1.1617287836904978e-01	0.0000000000000000e+00
2.0375000000000001e+00	0.0000000000000000e+00	9.9031399260026343e-01	1.3884594362161029e-01	0.0000000000000000e+00
2.0625000000000000e+00	0.0000000000000000e+00	9.8702343148615101e-01	1.6057629245113966e-01	0.0000000000000000e+00
2.0874999999999999e+00	0.0000000000000000e+00	9.8344324820989493e-01	1.8121638322850947e-01	0.0000000000000000e+00
2.1125000000000003e+00	0.0000000000000000e+00	9.7966789133179333e-01	2.0062607680351374e-01	0.0000000000000000e+00
2.1375000000000002e+00	0.0000000000000000e+00	9.7579806410471304e-01	2.1867358800172185e-01	0.0000000000000000e+00
2.1625000000000001e+00	0.0000000000000000e+00	9.7193819008002369e-01	2.3523638040069600e-01	0.0000000000000000e+00
2.1875000000000000e+00	0.0000000000000000e+00	9.6819365833574933e-01	2.5020199831034901e-01	0.0000000000000000e+00
2.2124999999999999e+00	0.0000000000000000e+00	9.6466790941540215e-01	2.6346883030858070e-01	0.0000000000000000e+00
2.2375000000000003e+00	0.0000000000000000e+00	9.6145944149417883e-01	2.7494679914804698e-01	0.0000000000000000e+00
2.2625000000000002e+00	0.0000000000000000e+00	9.5865883389404594e-01	2.8455797334983113e-01	0.0000000000000000e+00
2.2875000000000001e+00	0.0000000000000000e+00	9.5634589951951277e-01	2.9223709633150602e-01	0.0000000000000000e+00
2.3125000000000000e+00	0.0000000000000000e+00	9.5458708655197089e-01	2.9793202947698755e-01	0.0000000000000000e+00
2.3374999999999999e+00	0.0000000000000000e+00	9.5343325050032524e-01	3.0160410613988869e-01	0.0000000000000000e+00
2.3625000000000003e+00	0.0000000000000000e+00	9.5291790882793814e-01	3.0322839417681030e-01	0.0000000000000000e+00
2.3875000000000002e+00	0.0000000000000000e+00	9.5305607137267112e-01	3.0279386522805973e-01	0.0000000000000000e+00
2.4125000000000001e+00	0.0000000000000000e+00	9.5384371159451509e-01	3.0030346959643706e-01	0.0000000000000000e+00
2.4375000000000000e+00	0.0000000000000000e+00	9.5525790872250160e-01	2.9577411621568972e-01	0.0000000000000000e+00
2.4625000000000004e+00	0.0000000000000000e+00	9.5725765267572760e-01	2.8923655784464064e-01	0.0000000000000000e+00
2.4875000000000003e+00	0.0000000000000000e+00	9.5978526631630701e-01	2.8073518226648425e-01	0.0000000000000000e+00
2.5125000000000002e+00	0.0000000000000000e+00	9.6276836711314695e-01	2.7032771091093510e-01	0.0000000000000000e+00
2.5375000000000001e+00	0.0000000000000000e+00	9.6612226577383864e-01	2.5808480694548058e-01	0.0000000000000000e+00
2.5625000000000000e+00	0.0000000000000000e+00	9.6975268464198450e-01	2.4408959549666598e-01	0.0000000000000000e+00
2.5875000000000004e+00	0.0000000000000000e+00	9.7355867398027063e-01	2.2843709925894279e-01	0.0000000000000000e+00
2.6125000000000003e+00	0.0000000000000000e+00	9.7743560864737911e-01	2.1123359332310479e-01	0.0000000000000000e+00
2.6375000000000002e+00	0.0000000000000000e+00	9.8127815914680805e-01	1.9259588360480503e-01	0.0000000000000000e+00
2.6625000000000001e+00	0.0000000000000000e+00	9.8498314711176582e-01	1.7265051377237717e-01	0.0000000000000000e+00
2.6875000000000000e+00	0.0000000000000000e+00	9.8845221350426715e-01	1.5153290605865000e-01	0.0000000000000000e+00
2.7125000000000004e+00	0.0000000000000000e+00	9.9159424599021262e-01	1.2938644179034861e-01	0.0000000000000000e+00
2.7375000000000003e+00	0.0000000000000000e+00	9.9432752848166184e-01	1.0636148787797271e-01	0.0000000000000000e+00
2.7625000000000002e+00	0.0000000000000000e+00	9.9658158968480515e-01	8.2614375875952814e-02	0.0000000000000000e+00
2.7875000000000001e+00	0.0000000000000000e+00	9.9829873818027415e-01	5.8306340544915930e-02	0.0000000000000000e+00
2.8125000000000000e+00	0.0000000000000000e+00	9.9943527905809415e-01	3.3602425122860033e-02	0.0000000000000000e+00
2.8375000000000004e+00	0.0000000000000000e+00	9.9996241171593059e-01	8.6703607380708148e-03	0.0000000000000000e+00
2.8625000000000003e+00	0.0000000000000000e+00	9.9986681058813909e-01	1.6320572427816267e-02	0.0000000000000000e+00
2.8875000000000002e+00	0.0000000000000000e+00	9.9915089089349129e-01	4.1200694494295940e-02	0.0000000000000000e+00
2.9125000000000001e+00	0.0000000000000000e+00	9.9783276060703185e-01	6.5801077950291526e-02	0.0000000000000000e+00
2.9375000000000000e+00	0.0000000000000000e+00	9.9594585842652661e-01	8.9954694614122491e-02	0.0000000000000000e+00
2.9625000000000004e+00	0.0000000000000000e+00	9.9353827616891310e-01	1.1349754969767573e-01	0.0000000000000000e+00
2.9875000000000003e+00	0.0000000000000000e+00	9.9067176344933583e-01	1.3626979527487285e-01	0.0000000000000000e+00
3.0125000000000002e+00	0.0000000000000000e+00	9.8742041331257235e-01	1.5811681559436405e-01	0.0000000000000000e+00
3.0375000000000001e+00	0.0000000000000000e+00	9.8386903032991457e-01	1.7889027686754688e-01	0.0000000000000000e+00
3.0625000000000000e+00	0.0000000000000000e+00	9.8011118810790798e-01	1.9844913440420842e-01	0.0000000000000000e+00
3.0875000000000004e+00	0.0000000000000000e+00	9.7624699161086625e-01	2.1666059025768492e-01	0.0000000000000000e+00
3.1125000000000003e+00	0.0000000000000000e+00	9.7238057137639755e-01	2.3340099487745603e-01	0.0000000000000000e+00
3.1375000000000002e+00	0.0000000000000000e+00	9.6861735144638594e-01	2.4855668664726133e-01	0.0000000000000000e+00
3.1625000000000001e+00	0.0000000000000000e+00	9.6506115000861692e-01	2.6202476360856219e-01	0.0000000000000000e+00
3.1875000000000000e+00	0.0000000000000000e+00	9.6181119013680694e-01	2.7371378212961195e-01	0.0000000000000000e+00
3.2125000000000004e+00	0.0000000000000000e+00	9.5895911582896343e-01	2.8354437777640912e-01	0.0000000000000000e+00
3.2375000000000003e+00	0.0000000000000000e+00	9.5658612348775340e-01	2.9144980417003430e-01	0.0000000000000000e+00
3.2625000000000002e+00	0.0000000000000000e+00	9.5476032853671311e-01	2.9737638617171169e-01	0.0000000000000000e+00
3.2875000000000001e+00	0.0000000000000000e+00	9.5353448865259238e-01	3.0128388431862596e-01	0.0000000000000000e+00
3.3125000000000000e+00	0.0000000000000000e+00	9.5294419738087732e-01	3.0314576803609861e-01	0.0000000000000000e+00
3.3375000000000004e+00	0.0000000000000000e+00	9.5300664404924373e-01	3.0294939577110719e-01	0.0000000000000000e+00
3.3625000000000003e+00	0.0000000000000000e+00	9.5372000867616413e-01	3.0069610082410264e-01	0.0000000000000000e+00
3.3875000000000002e+00	0.0000000000000000e+00	9.5506352622922674e-01	2.9640118229635554e-01	0.0000000000000000e+00
3.4125000000000001e+00	0.0000000000000000e+00	9.5699821655900863e-01	2.9009380121429612e-01	0.0000000000000000e+00
3.4375000000000000e+00	0.0000000000000000e+00	9.5946823870364151e-01	2.8181678253612841e-01	0.0000000000000000e+00
3.4625000000000004e+00	0.0000000000000000e+00	9.6240279504018755e-01	2.7162632438502471e-01	0.0000000000000000e+00
3.4875000000000003e+00	0.0000000000000000e+00	9.6571848519730163e-01	2.5959161648310936e-01	0.0000000000000000e+00
3.5125000000000002e+00	0.0000000000000000e+00	9.6932199371060002e-01	2.4579437037693239e-01	0.0000000000000000e+00
3.5375000000000001e+00	0.0000000000000000e+00	9.7311298958864467e-01	2.3032826464404255e-01	0.0000000000000000e+00
3.5625000000000000e+00	0.0000000000000000e+00	9.7698711938432203e-01	2.1329830884751697e-01	0.0000000000000000e+00
3.5875000000000004e+00	0.0000000000000000e+00	9.8083898613883047e-01	1.9482013055697789e-01	0.0000000000000000e+00
3.6125000000000003e+00	0.0000000000000000e+00	9.8456502224834164e-01	1.7501919027698046e-01	0.0000000000000000e+00
3.6375000000000002e+00	0.0000000000000000e+00	9.8806618239035970e-01	1.5402992961313816e-01	0.0000000000000000e+00
3.6625000000000001e+00	0.0000000000000000e+00	9.9125040092819439e-01	1.3199485845964715e-01	0.0000000000000000e+00
3.6875000000000000e+00	0.0000000000000000e+00	9.9403477499645154e-01	1.0906358740589328e-01	0.0000000000000000e+00
3.7125000000000004e+00	0.0000000000000000e+00	9.9634744866191072e-01	8.5391811931769465e-02	0.0000000000000000e+00
3.7375000000000003e+00	0.0000000000000000e+00	9.9812918461656386e-01	6.1140255288669926e-02	0.0000000000000000e+00
3.7625000000000002e+00	0.0000000000000000e+00	9.9933461771477883e-01	3.6473577243637104e-02	0.0000000000000000e+00
3.7875000000000001e+00	0.0000000000000000e+00	9.9993318956748334e-01	1.1559256095915002e-02	0.0000000000000000e+00
3.8125000000000000e+00	0.0000000000000000e+00	9.9990976581705193e-01	1.3433548443366182e-02	0.0000000000000000e+00
3.8375000000000004e+00	0.0000000000000000e+00	9.9926493821752183e-01	3.8335143787716484e-02	0.0000000000000000e+00
3.8625000000000003e+00	0.0000000000000000e+00	9.9801501286826400e-01	6.2976456629853919e-02	0.0000000000000000e+00
3.8875000000000002e+00	0.0000000000000000e+00	9.9619168454479068e-01	8.7190180891578317e-02	0.0000000000000000e+00
3.9125000000000001e+00	0.0000000000000000e+00	9.9384139569039420e-01	1.1081191367476477e-01	0.0000000000000000e+00
3.9375000000000000e+00	0.0000000000000000e+00	9.9102437792923914e-01	1.3368127150075834e-01	0.0000000000000000e+00
3.9625000000000004e+00	0.0000000000000000e+00	9.8781337458418184e-01	1.5564297925928644e-01	0.0000000000000000e+00
3.9875000000000003e+00	0.0000000000000000e+00	9.8429204526109360e-01	1.7654792447329903e-01	0.0000000000000000e+00
4.0125000000000002e+00	0.0000000000000000e+00	9.8055305866993625e-01	1.9625416972163867e-01	0.0000000000000000e+00
4.0375000000000005e+00	0.0000000000000000e+00	9.7669588794325879e-01	2.1462791634553779e-01	0.0000000000000000e+00
4.0625000000000000e+00	0.0000000000000000e+00	9.7282433401764856e-01	2.3154441289570543e-01	0.0000000000000000e+00
4.0875000000000004e+00	0.0000000000000000e+00	9.6904381705476539e-01	2.4688880215195910e-01	0.0000000000000000e+00
4.1124999999999998e+00	0.0000000000000000e+00	9.6545849282085272e-01	2.6055690096442824e-01	0.0000000000000000e+00
4.1375000000000002e+00	0.0000000000000000e+00	9.6216826927635613e-01	2.7245590762147448e-01	0.0000000000000000e+00
4.1625000000000005e+00	0.0000000000000000e+00	9.5926581661592025e-01	2.8250503194154281e-01	0.0000000000000000e+00
4.1875000000000000e+00	0.0000000000000000e+00	9.5683367940206154e-01	2.9063604381083596e-01	0.0000000000000000e+00
4.2125000000000004e+00	0.0000000000000000e+00	9.5494160973781228e-01	2.9679373644242790e-01	0.0000000000000000e+00
4.2374999999999998e+00	0.0000000000000000e+00	9.5364424321298935e-01	3.0093630121144738e-01	0.0000000000000000e+00
4.2625000000000002e+00	0.0000000000000000e+00	9.5297923280100805e-01	3.0303561152132730e-01	0.0000000000000000e+00
4.2875000000000005e+00	0.0000000000000000e+00	9.5296593919211436e-01	3.0307741377376618e-01	0.0000000000000000e+00
4.3125000000000000e+00	0.0000000000000000e+00	9.5360474982637233e-01	3.0106142414578108e-01	0.0000000000000000e+00
4.3375000000000004e+00	0.0000000000000000e+00	9.5487706521382854e-01	2.9700133051676830e-01	0.0000000000000000e+00
4.3624999999999998e+00	0.0000000000000000e+00	9.5674595332409773e-01	2.9092469953248851e-01	0.0000000000000000e+00
4.3875000000000002e+00	0.0000000000000000e+00	9.5915743493768957e-01	2.8287278943697935e-01	0.0000000000000000e+00
4.4125000000000005e+00	0.0000000000000000e+00	9.6204232893622366e-01	2.7290026994320332e-01	0.0000000000000000e+00
4.4375000000000000e+00	0.0000000000000000e+00	9.6531855993358195e-01	2.6107485104441319e-01	0.0000000000000000e+00
4.4625000000000004e+00	0.0000000000000000e+00	9.6889381355035031e-01	2.4747682328647813e-01	0.0000000000000000e+00
4.4874999999999998e+00	0.0000000000000000e+00	9.7266841767170420e-01	2.3219851262256522e-01	0.0000000000000000e+00
4.5125000000000002e+00	0.0000000000000000e+00	9.7653833046900407e-01	2.1534365355152518e-01	0.0000000000000000e+00
4.5375000000000005e+00	0.0000000000000000e+00	9.8039812600715670e-01	1.9702668479615892e-01	0.0000000000000000e+00
4.5625000000000000e+00	0.0000000000000000e+00	9.8414388350550053e-01	1.7737197230346805e-01	0.0000000000000000e+00
4.5875000000000004e+00	0.0000000000000000e+00	9.8767590425014251e-01	1.5651296484245161e-01	0.0000000000000000e+00
4.6124999999999998e+00	0.0000000000000000e+00	9.9090119851211289e-01	1.3459128793265110e-01	0.0000000000000000e+00
4.6375000000000002e+00	0.0000000000000000e+00	9.9373570185065052e-01	1.1175578225535829e-01	0.0000000000000000e+00
4.6625000000000005e+00	0.0000000000000000e+00	9.9610619470951101e-01	8.8161493076345451e-02	0.0000000000000000e+00
4.6875000000000000e+00	0.0000000000000000e+00	9.9795191064997268e-01	6.3968617541590569e-02	0.0000000000000000e+00
4.7125000000000004e+00	0.0000000000000000e+00	9.9922582678244332e-01	3.9341416993499995e-02	0.0000000000000000e+00
4.7374999999999998e+00	0.0000000000000000e+00	9.9989563518039093e-01	1.4447101692628687e-02	0.0000000000000000e+00
4.7625000000000002e+00	0.0000000000000000e+00	9.9994439673087887e-01	1.0545304482744234e-02	0.0000000000000000e+00
4.7875000000000005e+00	0.0000000000000000e+00	9.9937087956598114e-01	3.5466111650883370e-02	0.0000000000000000e+00
4.8125000000000000e+00	0.0000000000000000e+00	9.9818958355749066e-01	6.0146116062800389e-02	0.0000000000000000e+00
4.8375000000000004e+00	0.0000000000000000e+00	9.9643045099213756e-01	8.4417748937782450e-02	0.0000000000000000e+00
4.8625000000000007e+00	0.0000000000000000e+00	9.9413826212836220e-01	1.0811621419804576e-01	0.0000000000000000e+00
4.8875000000000002e+00	0.0000000000000000e+00	9.9137171352102615e-01	1.3108060737768554e-01	0.0000000000000000e+00
4.9125000000000005e+00	0.0000000000000000e+00	9.8820217743702521e-01	1.5315500810891347e-01	0.0000000000000000e+00
4.9375000000000000e+00	0.0000000000000000e+00	9.8471214300622900e-01	1.7418953876797547e-01	0.0000000000000000e+00
4.9625000000000004e+00	0.0000000000000000e+00	9.8099334454194709e-01	1.9404138209290608e-01	0.0000000000000000e+00
4.9875000000000007e+00	0.0000000000000000e+00	9.7714459019368993e-01	2.1257575086384342e-01	0.0000000000000000e+00
5.0125000000000002e+00	0.0000000000000000e+00	9.7326931502608915e-01	2.2966680306210743e-01	0.0000000000000000e+00
5.0375000000000005e+00	0.0000000000000000e+00	9.6947289668926562e-01	2.4519849629442453e-01	0.0000000000000000e+00
5.0625000000000000e+00	0.0000000000000000e+00	9.6585978854249799e-01	2.5906537568105037e-01	0.0000000000000000e+00
5.0875000000000004e+00	0.0000000000000000e+00	9.6253054334267707e-01	2.7117328985830114e-01	0.0000000000000000e+00
5.1125000000000007e+00	0.0000000000000000e+00	9.5957881874391360e-01	2.8144003023407943e-01	0.0000000000000000e+00
5.1375000000000002e+00	0.0000000000000000e+00	9.5708847168293010e-01	2.8979588915607096e-01	0.0000000000000000e+00
5.1625000000000005e+00	0.0000000000000000e+00	9.5513085974593470e-01	2.9618413320283871e-01	0.0000000000000000e+00
5.1875000000000000e+00	0.0000000000000000e+00	9.5376247137985504e-01	3.0056138838433200e-01	0.0000000000000000e+00
5.2125000000000004e+00	0.0000000000000000e+00	9.5302300139771645e-01	3.0289793463642978e-01	0.0000000000000000e+00
5.2375000000000007e+00	0.0000000000000000e+00	9.5293397270605751e-01	3.0317790761000107e-01	0.0000000000000000e+00
5.2625000000000002e+00	0.0000000000000000e+00	9.5349797998278762e-01	3.0139940638440454e-01	0.0000000000000000e+00
5.2875000000000005e+00	0.0000000000000000e+00	9.5469859806974977e-01	2.9757450637408900e-01	0.0000000000000000e+00
5.3125000000000000e+00	0.0000000000000000e+00	9.5650096031748388e-01	2.9172917734066295e-01	0.0000000000000000e+00
5.3375000000000004e+00	0.0000000000000000e+00	9.5885297402561864e-01	2.8390310706710442e-01	0.0000000000000000e+00
5.3625000000000007e+00	0.0000000000000000e+00	9.6168710555658732e-01	2.7414943189130164e-01	0.0000000000000000e+00
5.3875000000000002e+00	0.0000000000000000e+00	9.6492264014062734e-01	2.6253437592851003e-01	0.0000000000000000e+00
5.4125000000000005e+00	0.0000000000000000e+00	9.6846830313243781e-01	2.4913680143228142e-01	0.0000000000000000e+00
5.4375000000000000e+00	0.0000000000000000e+00	9.7222512135878270e-01	2.3404767334676149e-01	0.0000000000000000e+00
5.4625000000000004e+00	0.0000000000000000e+00	9.7608940462506300e-01	2.1736944168586061e-01	0.0000000000000000e+00
5.4875000000000007e+00	0.0000000000000000e+00	9.7995573672744762e-01	1.9921534593273366e-01	0.0000000000000000e+00
5.5125000000000002e+00	0.0000000000000000e+00	9.8371988009158506e-01	1.7970864618245683e-01	0.0000000000000000e+00
5.5375000000000005e+00	0.0000000000000000e+00	9.8728151590185875e-01	1.5898178624818063e-01	0.0000000000000000e+00
5.5625000000000000e+00	0.0000000000000000e+00	9.9054675999302988e-01	1.3717549441298085e-01	0.0000000000000000e+00
5.5875000000000004e+00	0.0000000000000000e+00	9.9343041202598259e-01	1.1443782793299512e-01	0.0000000000000000e+00
5.6125000000000007e+00	0.0000000000000000e+00	9.9585791032712390e-01	9.0923167779341396e-02	0.0000000000000000e+00
5.6375000000000002e+00	0.0000000000000000e+00	9.9776697657861668e-01	6.6791170444176609e-02	0.0000000000000000e+00
5.6625000000000005e+00	0.0000000000000000e+00	9.9910894313099130e-01	4.2205683927773664e-02	0.0000000000000000e+00
5.6875000000000000e+00	0.0000000000000000e+00	9.9984976125845015e-01	1.7333635266693220e-02	0.0000000000000000e+00
5.7125000000000004e+00	0.0000000000000000e+00	9.9997069161520258e-01	7.6561028436467555e-03	0.0000000000000000e+00
5.7375000000000007e+00	0.0000000000000000e+00	9.9946867903867131e-01	3.2593858636759024e-02	0.0000000000000000e+00
5.7625000000000002e+00	0.0000000000000000e+00	9.9835641330685987e-01	5.7310313288294064e-02	0.0000000000000000e+00
5.7875000000000005e+00	0.0000000000000000e+00	9.9666207613995739e-01	8.1637650532890849e-02	0.0000000000000000e+00
5.8125000000000000e+00	0.0000000000000000e+00	9.9442877329261081e-01	1.0541069607916639e-01	0.0000000000000000e+00
5.8375000000000004e+00	0.0000000000000000e+00	9.9171364966576103e-01	1.2846803908660656e-01	0.0000000000000000e+00
5.8625000000000007e+00	0.0000000000000000e+00	9.8858668562593255e-01	1.5065312808991385e-01	0.0000000000000000e+00
5.8875000000000002e+00	0.0000000000000000e+00	9.8512917479217577e-01	1.7181533392986109e-01	0.0000000000000000e+00
5.9125000000000005e+00	0.0000000000000000e+00	9.8143188802831938e-01	1.9181097247371443e-01	0.0000000000000000e+00
5.9375000000000000e+00	0.0000000000000000e+00	9.7759293574856376e-01	2.1050428018130402e-01	0.0000000000000000e+00
5.9625000000000004e+00	0.0000000000000000e+00	9.7371535120110242e-01	2.2776833589298301e-01	0.0000000000000000e+00
5.9875000000000007e+00	0.0000000000000000e+00	9.6990443111942637e-01	2.4348592258084975e-01	0.0000000000000000e+00
6.0125000000000002e+00	0.0000000000000000e+00	9.6626488656755927e-01	2.5755032321223781e-01	0.0000000000000000e+00
6.0375000000000005e+00	0.0000000000000000e+00	9.6289787494962376e-01	2.6986604532183300e-01	0.0000000000000000e+00
6.0625000000000000e+00	0.0000000000000000e+00	9.5989800240573742e-01	2.8034946937282090e-01	0.0000000000000000e+00
6.0875000000000004e+00	0.0000000000000000e+00	9.5735040203588873e-01	2.8892941650491438e-01	0.0000000000000000e+00
6.1125000000000007e+00	0.0000000000000000e+00	9.5532800510035332e-01	2.9554763181444699e-01	0.0000000000000000e+00
6.1375000000000002e+00	0.0000000000000000e+00	9.5388912706392570e-01	3.0015917988522495e-01	0.0000000000000000e+00
6.1625000000000005e+00	0.0000000000000000e+00	9.5307548606993675e-01	3.0273274988461951e-01	0.0000000000000000e+00
6.1875000000000000e+00	0.0000000000000000e+00	9.5291075708292794e-01	3.0325086815340108e-01	0.0000000000000000e+00
6.2125000000000004e+00	0.0000000000000000e+00	9.5339974078819412e-01	3.0171001684590332e-01	0.0000000000000000e+00
6.2375000000000007e+00	0.0000000000000000e+00	9.5452819412739642e-01	2.9812065781499103e-01	0.0000000000000000e+00
6.2625000000000002e+00	0.0000000000000000e+00	9.5626333215530268e-01	2.9250716157966039e-01	0.0000000000000000e+00
6.2875000000000005e+00	0.0000000000000000e+00	9.5855497266005463e-01	2.8490764185755885e-01	0.0000000000000000e+00
6.3125000000000000e+00	0.0000000000000000e+00	9.6133725982020801e-01	2.7537369678589019e-01	0.0000000000000000e+00
6.3375000000000004e+00	0.0000000000000000e+00	9.6453087465842480e-01	2.6397005858772760e-01	0.0000000000000000e+00
6.3625000000000007e+00	0.0000000000000000e+00	9.6804562064731869e-01	2.5077415406238057e-01	0.0000000000000000e+00
6.3875000000000002e+00	0.0000000000000000e+00	9.7178326353478872e-01	2.3587557888393446e-01	0.0000000000000000e+00
6.4125000000000005e+00	0.0000000000000000e+00	9.7564050485027676e-01	2.1937548927729678e-01	0.0000000000000000e+00
6.4375000000000000e+00	0.0000000000000000e+00	9.7951197703672066e-01	2.0138591520206114e-01	0.0000000000000000e+00
6.4625000000000004e+00	0.0000000000000000e+00	9.8329316242190357e-01	1.8202899970743525e-01	0.0000000000000000e+00
6.4875000000000007e+00	0.0000000000000000e+00	9.8688315576753671e-01	1.6143616962275259e-01	0.0000000000000000e+00
6.5125000000000002e+00	0.0000000000000000e+00	9.9018720856925002e-01	1.3974724321429560e-01	0.0000000000000000e+00
6.5375000000000005e+00	0.0000000000000000e+00	9.9311901073898978e-01	1.1710948086713459e-01	0.0000000000000000e+00
6.5625000000000000e+00	0.0000000000000000e+00	9.9560268047971656e-01	9.3676585237527962e-02	0.0000000000000000e+00
6.5875000000000004e+00	0.0000000000000000e+00	9.9757444533960571e-01	6.9607657664506620e-02	0.0000000000000000e+00
6.6125000000000007e+00	0.0000000000000000e+00	9.9898400638609774e-01	4.5066117926250565e-02	0.0000000000000000e+00
6.6375000000000002e+00	0.0000000000000000e+00	9.9979558332166096e-01	2.0218594675742104e-02	0.0000000000000000e+00
6.6625000000000005e+00	0.0000000000000000e+00	9.9998864157618272e-01	4.7662059107422714e-03	0.0000000000000000e+00
6.6875000000000000e+00	0.0000000000000000e+00	9.9955830350430841e-01	2.9718645590811922e-02	0.0000000000000000e+00
6.7125000000000004e+00	0.0000000000000000e+00	9.9851544540948578e-01	5.4469305841551963e-02	0.0000000000000000e+00
6.7375000000000007e+00	0.0000000000000000e+00	9.9688648085595566e-01	7.8850138153293087e-02	0.0000000000000000e+00
6.7625000000000002e+00	0.0000000000000000e+00	9.9471282926754379e-01	1.0269560502146054e-01	0.0000000000000000e+00
6.7875000000000005e+00	0.0000000000000000e+00	9.9205006780039717e-01	1.2584380388955813e-01	0.0000000000000000e+00
6.8125000000000000e+00	0.0000000000000000e+00	9.8896676456677135e-01	1.4813756641209913e-01	0.0000000000000000e+00
6.8375000000000004e+00	0.0000000000000000e+00	9.8554299311810190e-01	1.6942552557386537e-01	0.0000000000000000e+00
6.8625000000000007e+00	0.0000000000000000e+00	9.8186853226735582e-01	1.8956314342011965e-01	0.0000000000000000e+00
6.8875000000000002e+00	0.0000000000000000e+00	9.7804076234689674e-01	2.0841369241983582e-01	0.0000000000000000e+00
6.9125000000000005e+00	0.0000000000000000e+00	9.7416227918020615e-01	2.2584918379882529e-01	0.0000000000000000e+00
6.9375000000000000e+00	0.0000000000000000e+00	9.7033826041834392e-01	2.4175123653969663e-01	0.0000000000000000e+00
6.9625000000000004e+00	0.0000000000000000e+00	9.6667363505529091e-01	2.5601188114843576e-01	0.0000000000000000e+00
6.9875000000000007e+00	0.0000000000000000e+00	9.6327012495353814e-01	2.6853429273030682e-01	0.0000000000000000e+00
7.0125000000000002e+00	0.0000000000000000e+00	9.6022324555078276e-01	2.7923344839773917e-01	0.0000000000000000e+00
7.0375000000000005e+00	0.0000000000000000e+00	9.5761936949609150e-01	2.8803670454662611e-01	0.0000000000000000e+00
7.0625000000000000e+00	0.0000000000000000e+00	9.5553296932303000e-01	2.9488429008152750e-01	0.0000000000000000e+00
7.0875000000000004e+00	0.0000000000000000e+00	9.5402416091005482e-01	2.9972971224094441e-01	0.0000000000000000e+00
7.1125000000000007e+00	0.0000000000000000e+00	9.5313666631428007e-01	3.0254007226725360e-01	0.0000000000000000e+00
7.1375000000000002e+00	0.0000000000000000e+00	9.5289630139573012e-01	3.0329628877800813e-01	0.0000000000000000e+00
7.1625000000000005e+00	0.0000000000000000e+00	9.5331007057086259e-01	3.0199322732199213e-01	0.0000000000000000e+00
7.1875000000000000e+00	0.0000000000000000e+00	9.5436591962188588e-01	2.9863973524038651e-01	0.0000000000000000e+00
7.2125000000000004e+00	0.0000000000000000e+00	9.5603316068025224e-01	2.9325858159635132e-01	0.0000000000000000e+00
7.2375000000000007e+00	0.0000000000000000e+00	9.5826354516740841e-01	2.8588630258088188e-01	0.0000000000000000e+00
7.2625000000000002e+00	0.0000000000000000e+00	9.6099292475185272e-01	2.7657295344458011e-01	0.0000000000000000e+00
7.2875000000000005e+00	0.0000000000000000e+00	9.6414341094770506e-01	2.6538176863963969e-01	0.0000000000000000e+00
7.3125000000000000e+00	0.0000000000000000e+00	9.6762592344228693e-01	2.5238873247956384e-01	0.0000000000000000e+00
7.3375000000000004e+00	0.0000000000000000e+00	9.7134300677881391e-01	2.3768206323169006e-01	0.0000000000000000e+00
7.3625000000000007e+00	0.0000000000000000e+00	9.7519179435798320e-01	2.2136161414535663e-01	0.0000000000000000e+00
7.3875000000000002e+00	0.0000000000000000e+00	9.7906700637898070e-01	2.0353819548252455e-01	0.0000000000000000e+00
7.4125000000000005e+00	0.0000000000000000e+00	9.8286388206959308e-01	1.8433282215403488e-01	0.0000000000000000e+00
7.4375000000000000e+00	0.0000000000000000e+00	9.8648096382977013e-01	1.6387589206979380e-01	0.0000000000000000e+00
7.4625000000000004e+00	0.0000000000000000e+00	9.8982266934943375e-01	1.4230630078160639e-01	0.0000000000000000e+00
7.4875000000000007e+00	0.0000000000000000e+00	9.9280160541068319e-01	1.1977049842993090e-01	0.0000000000000000e+00
7.5125000000000002e+00	0.0000000000000000e+00	9.9534059257396024e-01	9.6421495397562576e-02	0.0000000000000000e+00
7.5375000000000005e+00	0.0000000000000000e+00	9.9737438249188815e-01	7.2417823421517855e-02	0.0000000000000000e+00
7.5625000000000000e+00	0.0000000000000000e+00	9.9885105891859505e-01	4.7922459216813637e-02	0.0000000000000000e+00
7.5875000000000004e+00	0.0000000000000000e+00	9.9973311970211032e-01	2.3101717920367672e-02	0.0000000000000000e+00
7.6125000000000007e+00	0.0000000000000000e+00	9.9999824054291464e-01	1.8758761318427542e-03	0.0000000000000000e+00
7.6375000000000002e+00	0.0000000000000000e+00	9.9963972260936806e-01	2.6840733627327567e-02	0.0000000000000000e+00
7.6625000000000005e+00	0.0000000000000000e+00	9.9866662583481869e-01	5.1623351730456464e-02	0.0000000000000000e+00
7.6875000000000000e+00	0.0000000000000000e+00	9.9710358852610126e-01	7.6055464948683260e-02	0.0000000000000000e+00
7.7125000000000004e+00	0.0000000000000000e+00	9.9499033244072688e-01	9.9971187597634265e-02	0.0000000000000000e+00
7.7375000000000007e+00	0.0000000000000000e+00	9.9238085139289622e-01	1.2320814010811397e-01	0.0000000000000000e+00
7.7625000000000002e+00	0.0000000000000000e+00	9.8934228137797176e-01	1.4560855152778884e-01	0.0000000000000000e+00
7.7875000000000005e+00	0.0000000000000000e+00	9.8595345180306782e-01	1.6702033073194056e-01	0.0000000000000000e+00
7.8125000000000000e+00	0.0000000000000000e+00	9.8230312128431418e-01	1.8729809907013423e-01	0.0000000000000000e+00
7.8375000000000004e+00	0.0000000000000000e+00	9.7848790813787556e-01	2.0630417743748414e-01	0.0000000000000000e+00
7.8625000000000007e+00	0.0000000000000000e+00	9.7460993549984132e-01	2.2390952106864123e-01	0.0000000000000000e+00
7.8875000000000002e+00	0.0000000000000000e+00	9.7077422402500624e-01	2.3999459570757115e-01	0.0000000000000000e+00
7.9125000000000005e+00	0.0000000000000000e+00	9.6708588099202741e-01	2.5445018920422985e-01	0.0000000000000000e+00
7.9375000000000000e+00	0.0000000000000000e+00	9.6364715251222322e-01	2.6717815302767361e-01	0.0000000000000000e+00
7.9625000000000004e+00	0.0000000000000000e+00	9.6055442393861834e-01	2.7809206866098257e-01	0.0000000000000000e+00
7.9875000000000007e+00	0.0000000000000000e+00	9.5789527047397327e-01	2.8711783435340532e-01	0.0000000000000000e+00
8.0125000000000011e+00	0.0000000000000000e+00	9.5574567295400970e-01	2.9419416824587757e-01	0.0000000000000000e+00
8.0374999999999996e+00	0.0000000000000000e+00	9.5416752032042762e-01	2.9927302445386500e-01	0.0000000000000000e+00
8.0625000000000000e+00	0.0000000000000000e+00	9.5320651823476221e-01	3.0231991928247115e-01	0.0000000000000000e+00
8.0875000000000004e+00	0.0000000000000000e+00	9.5289061129429797e-01	3.0331416535891947e-01	0.0000000000000000e+00
8.1125000000000007e+00	0.0000000000000000e+00	9.5322900432643487e-01	3.0224901209273303e-01	0.0000000000000000e+00
8.1375000000000011e+00	0.0000000000000000e+00	9.5421183766216544e-01	2.9913169150993191e-01	0.0000000000000000e+00
8.1624999999999996e+00	0.0000000000000000e+00	9.5581053491964818e-01	2.9398336915005313e-01	0.0000000000000000e+00
8.1875000000000000e+00	0.0000000000000000e+00	9.5797880345706554e-01	2.8683900035938281e-01	0.0000000000000000e+00
8.2125000000000004e+00	0.0000000000000000e+00	9.6065423142493100e-01	2.7774709295612199e-01	0.0000000000000000e+00
8.2375000000000007e+00	0.0000000000000000e+00	9.6376039502892152e-01	2.6676937787890798e-01	0.0000000000000000e+00
8.2625000000000011e+00	0.0000000000000000e+00	9.6720936795906653e-01	2.5398039005487438e-01	0.0000000000000000e+00
8.2874999999999996e+00	0.0000000000000000e+00	9.7090451330251992e-01	2.3946696233301334e-01	0.0000000000000000e+00
8.3125000000000000e+00	0.0000000000000000e+00	9.7474343651809126e-01	2.2332763591885810e-01	0.0000000000000000e+00
8.3375000000000004e+00	0.0000000000000000e+00	9.7862098485030036e-01	2.0567199131343319e-01	0.0000000000000000e+00
8.3625000000000007e+00	0.0000000000000000e+00	9.8243219171583285e-01	1.8661990429916772e-01	0.0000000000000000e+00
8.3875000000000011e+00	0.0000000000000000e+00	9.8607508158778867e-01	1.6630073202437209e-01	0.0000000000000000e+00
8.4124999999999996e+00	0.0000000000000000e+00	9.8945326931496447e-01	1.4485243471248690e-01	0.0000000000000000e+00
8.4375000000000000e+00	0.0000000000000000e+00	9.9247830563543327e-01	1.2242063895939648e-01	0.0000000000000000e+00
8.4625000000000004e+00	0.0000000000000000e+00	9.9507173643372326e-01	9.9157648978698540e-02	0.0000000000000000e+00
8.4875000000000007e+00	0.0000000000000000e+00	9.9716685619833678e-01	7.5221412508235413e-02	0.0000000000000000e+00
8.5125000000000011e+00	0.0000000000000000e+00	9.9871014583310591e-01	5.0774448399027755e-02	0.0000000000000000e+00
8.5374999999999996e+00	0.0000000000000000e+00	9.9966239153910363e-01	2.5982743167914778e-02	0.0000000000000000e+00
8.5625000000000000e+00	0.0000000000000000e+00	9.9999948526903604e-01	1.0146240059306837e-03	0.0000000000000000e+00
8.5875000000000004e+00	0.0000000000000000e+00	9.9971290878617669e-01	2.3960384105695336e-02	0.0000000000000000e+00
8.6125000000000007e+00	0.0000000000000000e+00	9.9880990324326080e-01	4.8772709412124464e-02	0.0000000000000000e+00
8.6375000000000011e+00	0.0000000000000000e+00	9.9731332507581449e-01	7.3253884719070420e-02	0.0000000000000000e+00
8.6624999999999996e+00	0.0000000000000000e+00	9.9526118753068160e-01	9.7237691227373607e-02	0.0000000000000000e+00
8.6875000000000000e+00	0.0000000000000000e+00	9.9270588597659914e-01	1.2056128710174213e-01	0.0000000000000000e+00
8.7125000000000004e+00	0.0000000000000000e+00	9.8971310492133080e-01	1.4306631311106419e-01	0.0000000000000000e+00
8.7375000000000007e+00	0.0000000000000000e+00	9.8636040603294051e-01	1.6459996783337277e-01	0.0000000000000000e+00
8.7625000000000011e+00	0.0000000000000000e+00	9.8273550004385690e-01	1.8501604512518896e-01	0.0000000000000000e+00
8.7874999999999996e+00	0.0000000000000000e+00	9.7893421173795481e-01	2.0417592681118230e-01	0.0000000000000000e+00
8.8125000000000000e+00	0.0000000000000000e+00	9.7505815665587048e-01	2.2194952385412497e-01	0.0000000000000000e+00
8.8375000000000004e+00	0.0000000000000000e+00	9.7121216080655481e-01	2.3821615961491838e-01	0.0000000000000000e+00
8.8625000000000007e+00	0.0000000000000000e+00	9.6750147025319222e-01	2.5286538920565893e-01	0.0000000000000000e+00
8.8875000000000011e+00	0.0000000000000000e+00	9.6402881514437677e-01	2.6579774937261569e-01	0.0000000000000000e+00
8.9124999999999996e+00	0.0000000000000000e+00	9.6089141119333221e-01	2.7692543381767182e-01	0.0000000000000000e+00
8.9375000000000000e+00	0.0000000000000000e+00	9.5817799880195142e-01	2.8617288937302832e-01	0.0000000000000000e+00
8.9625000000000004e+00	0.0000000000000000e+00	9.5596603358811583e-01	2.9347732898134732e-01	0.0000000000000000e+00
8.9875000000000007e+00	0.0000000000000000e+00	9.5431914947927265e-01	2.9878915799837658e-01	0.0000000000000000e+00
9.0125000000000011e+00	0.0000000000000000e+00	9.5328501455414405e-01	3.0207231092360459e-01	0.0000000000000000e+00
9.0374999999999996e+00	0.0000000000000000e+00	9.5289368900261295e-01	3.0330449627266248e-01	0.0000000000000000e+00
9.0625000000000000e+00	0.0000000000000000e+00	9.5315657370137219e-01	3.0247734792887099e-01	0.0000000000000000e+00
9.0875000000000004e+00	0.0000000000000000e+00	9.5406600820153853e-01	2.9959648194630867e-01	0.0000000000000000e+00
9.1125000000000007e+00	0.0000000000000000e+00	9.5559554104465949e-01	2.9468145841872756e-01	0.0000000000000000e+00
9.1375000000000011e+00	0.0000000000000000e+00	9.5770085697148122e-01	2.8776564867321264e-01	0.0000000000000000e+00
9.1624999999999996e+00	0.0000000000000000e+00	9.6032130890491407e-01	2.7889600869029613e-01	0.0000000000000000e+00
9.1875000000000000e+00	0.0000000000000000e+00	9.6338197142154769e-01	2.6813276028892469e-01	0.0000000000000000e+00
9.2125000000000004e+00	0.0000000000000000e+00	9.6679610967145135e-01	2.5554898224092609e-01	0.0000000000000000e+00
9.2375000000000007e+00	0.0000000000000000e+00	9.7046794488833543e-01	2.4123011409116707e-01	0.0000000000000000e+00
9.2625000000000011e+00	0.0000000000000000e+00	9.7429559479771277e-01	2.2527337605229422e-01	0.0000000000000000e+00
9.2874999999999996e+00	0.0000000000000000e+00	9.7817407314337423e-01	2.0778710891277338e-01	0.0000000000000000e+00
9.3125000000000000e+00	0.0000000000000000e+00	9.8199824509942690e-01	1.8889003844002672e-01	0.0000000000000000e+00
9.3375000000000004e+00	0.0000000000000000e+00	9.8566565201282830e-01	1.6871046927311806e-01	0.0000000000000000e+00
9.3625000000000007e+00	0.0000000000000000e+00	9.8907913728157526e-01	1.4738541377817865e-01	0.0000000000000000e+00
9.3875000000000011e+00	0.0000000000000000e+00	9.9214922314910148e-01	1.2505966178134797e-01	0.0000000000000000e+00
9.4124999999999996e+00	0.0000000000000000e+00	9.9479620427479920e-01	1.0188479749542297e-01	0.0000000000000000e+00
9.4375000000000000e+00	0.0000000000000000e+00	9.9695193720707498e-01	7.8018170314948426e-02	0.0000000000000000e+00
9.4625000000000004e+00	0.0000000000000000e+00	9.9856131495592237e-01	5.3621826467696858e-02	0.0000000000000000e+00
9.4875000000000007e+00	0.0000000000000000e+00	9.9958342277354861e-01	2.8861408776258729e-02	0.0000000000000000e+00
9.5125000000000011e+00	0.0000000000000000e+00	9.9999237533358865e-01	3.9050319999851986e-03	0.0000000000000000e+00
9.5374999999999996e+00	0.0000000000000000e+00	9.9977783726025415e-01	2.1077858606673491e-02	0.0000000000000000e+00
9.5625000000000000e+00	0.0000000000000000e+00	9.9894522900002369e-01	4.5917637769435839e-02	0.0000000000000000e+00
9.5875000000000004e+00	0.0000000000000000e+00	9.9751561899039187e-01	7.0445651891729938e-02	0.0000000000000000e+00
9.6125000000000007e+00	0.0000000000000000e+00	9.9552530161391362e-01	9.4495364154875333e-02	0.0000000000000000e+00
9.6375000000000011e+00	0.0000000000000000e+00	9.9302505918383899e-01	1.1790348524606771e-01	0.0000000000000000e+00
9.6625000000000014e+00	0.0000000000000000e+00	9.9007910584208070e-01	1.4051108203691037e-01	0.0000000000000000e+00
9.6875000000000000e+00	0.0000000000000000e+00	9.8676371240661864e-01	1.6216465668494506e-01	0.0000000000000000e+00
9.7125000000000004e+00	0.0000000000000000e+00	9.8316551450189205e-01	1.8271718883145208e-01	0.0000000000000000e+00
9.7375000000000007e+00	0.0000000000000000e+00	9.7937951228746933e-01	2.0202913381935306e-01	0.0000000000000000e+00
9.7625000000000011e+00	0.0000000000000000e+00	9.7550677916375461e-01	2.1996937015365939e-01	0.0000000000000000e+00
9.7875000000000014e+00	0.0000000000000000e+00	9.7165190912043120e-01	2.3641608977153350e-01	0.0000000000000000e+00
9.8125000000000000e+00	0.0000000000000000e+00	9.6792024766544638e-01	2.5125762507733418e-01	0.0000000000000000e+00
9.8375000000000004e+00	0.0000000000000000e+00	9.6441496878944699e-01	2.6439320712736142e-01	0.0000000000000000e+00
9.8625000000000007e+00	0.0000000000000000e+00	9.6123407885858991e-01	2.7573364981648574e-01	0.0000000000000000e+00
9.8875000000000011e+00	0.0000000000000000e+00	9.5846744578213372e-01	2.8520195542126903e-01	0.0000000000000000e+00
9.9125000000000014e+00	0.0000000000000000e+00	9.5619396591290717e-01	2.9273383738814640e-01	0.0000000000000000e+00
9.9375000000000000e+00	0.0000000000000000e+00	9.5447898937903719e-01	2.9827815681711606e-01	0.0000000000000000e+00
9.9625000000000004e+00	0.0000000000000000e+00	9.5337212462686038e-01	3.0179726967736314e-01	0.0000000000000000e+00
9.9875000000000007e+00	0.0000000000000000e+00	9.5290553331774530e-01	3.0326728239734113e-01	0.0000000000000000e+00
1.0012500000000001e+01	0.0000000000000000e+00	9.5309280697797050e-01	3.0267821409394297e-01	0.0000000000000000e+00
1.0037500000000001e+01	0.0000000000000000e+00	9.5392848800960917e-01	3.0003406433927998e-01	0.0000000000000000e+00
1.0062500000000000e+01	0.0000000000000000e+00	9.5538826233074325e-01	2.9535278600495712e-01	0.0000000000000000e+00
1.0087500000000000e+01	0.0000000000000000e+00	9.5742981263720817e-01	2.8866616336822021e-01	0.0000000000000000e+00
1.0112500000000001e+01	0.0000000000000000e+00	9.5999428419339006e-01	2.8001959630759538e-01	0.0000000000000000e+00
1.0137500000000001e+01	0.0000000000000000e+00	9.6300828308372066e-01	2.6947179205325633e-01	0.0000000000000000e+00
1.0162500000000001e+01	0.0000000000000000e+00	9.6638630302301554e-01	2.5709436658503032e-01	0.0000000000000000e+00
1.0187500000000000e+01	0.0000000000000000e+00	9.7003346282748604e-01	2.4297135838441256e-01	0.0000000000000000e+00
1.0212500000000000e+01	0.0000000000000000e+00	9.7384843270142563e-01	2.2719865784204796e-01	0.0000000000000000e+00
1.0237500000000001e+01	0.0000000000000000e+00	9.7772643249155111e-01	2.0988335619480661e-01	0.0000000000000000e+00
1.0262500000000001e+01	0.0000000000000000e+00	9.8156219696575486e-01	1.9114301841294851e-01	0.0000000000000000e+00
1.0287500000000001e+01	0.0000000000000000e+00	9.8525281950279664e-01	1.7110488497422399e-01	0.0000000000000000e+00
1.0312500000000000e+01	0.0000000000000000e+00	9.8870040386023195e-01	1.4990500794459080e-01	0.0000000000000000e+00
1.0337500000000000e+01	0.0000000000000000e+00	9.9181447179640936e-01	1.2768732723126400e-01	0.0000000000000000e+00
1.0362500000000001e+01	0.0000000000000000e+00	9.9451409067887020e-01	1.0460269328002393e-01	0.0000000000000000e+00
1.0387500000000001e+01	0.0000000000000000e+00	9.9672969883203932e-01	8.0807842852333431e-02	0.0000000000000000e+00
1.0412500000000001e+01	0.0000000000000000e+00	9.9840461682212811e-01	5.6464334836386479e-02	0.0000000000000000e+00
1.0437500000000000e+01	0.0000000000000000e+00	9.9949624014158844e-01	3.1737453317567450e-02	0.0000000000000000e+00
1.0462500000000000e+01	0.0000000000000000e+00	9.9997691314112880e-01	6.7950853560965656e-03	0.0000000000000000e+00
1.0487500000000001e+01	0.0000000000000000e+00	9.9983448605690384e-01	1.8193418908632488e-02	0.0000000000000000e+00
1.0512500000000001e+01	0.0000000000000000e+00	9.9907255718822985e-01	4.3058396087521759e-02	0.0000000000000000e+00
1.0537500000000001e+01	0.0000000000000000e+00	9.9771040133466760e-01	6.7631021498096425e-02	0.0000000000000000e+00
1.0562500000000000e+01	0.0000000000000000e+00	9.9578258415117471e-01	9.1744455426301372e-02	0.0000000000000000e+00
1.0587500000000000e+01	0.0000000000000000e+00	9.9333826077879539e-01	1.1523497591104172e-01	0.0000000000000000e+00
1.0612500000000001e+01	0.0000000000000000e+00	9.9044015660822515e-01	1.3794309036024824e-01	0.0000000000000000e+00
1.0637500000000001e+01	0.0000000000000000e+00	9.8716322898157083e-01	1.5971461845097473e-01	0.0000000000000000e+00
1.0662500000000001e+01	0.0000000000000000e+00	9.8359301165680668e-01	1.8040173896100714e-01	0.0000000000000000e+00
1.0687500000000000e+01	0.0000000000000000e+00	9.7982364950675294e-01	1.9986399342435540e-01	0.0000000000000000e+00
1.0712500000000000e+01	0.0000000000000000e+00	9.7595563961839560e-01	2.1796923979615138e-01	0.0000000000000000e+00
1.0737500000000001e+01	0.0000000000000000e+00	9.7209330687639717e-01	2.3459454965189439e-01	0.0000000000000000e+00
1.0762500000000001e+01	0.0000000000000000e+00	9.6834205706895204e-01	2.4962704282936871e-01	0.0000000000000000e+00
1.0787500000000001e+01	0.0000000000000000e+00	9.6480546786788113e-01	2.6296465384630047e-01	0.0000000000000000e+00
1.0812500000000000e+01	0.0000000000000000e+00	9.6158229645338067e-01	2.7451682489003998e-01	0.0000000000000000e+00
1.0837500000000000e+01	0.0000000000000000e+00	9.5876350023500734e-01	2.8420512067410680e-01	0.0000000000000000e+00
1.0862500000000001e+01	0.0000000000000000e+00	9.5642938174788017e-01	2.9196376098693277e-01	0.0000000000000000e+00
1.0887500000000001e+01	0.0000000000000000e+00	9.5464697784801533e-01	2.9774006731697816e-01	0.0000000000000000e+00
1.0912500000000001e+01	0.0000000000000000e+00	9.5346781445353535e-01	3.0149482052179111e-01	0.0000000000000000e+00
1.0937500000000000e+01	0.0000000000000000e+00	9.5292613961042527e-01	3.0320252711255719e-01	0.0000000000000000e+00
1.0962500000000000e+01	0.0000000000000000e+00	9.5303772906095574e-01	3.0285159234616177e-01	0.0000000000000000e+00
1.0987500000000001e+01	0.0000000000000000e+00	9.5379933064567035e-01	3.0044439894952540e-01	0.0000000000000000e+00
1.1012500000000001e+01	0.0000000000000000e+00	9.5518877911931266e-01	2.9599729094170424e-01	0.0000000000000000e+00
1.1037500000000001e+01	0.0000000000000000e+00	9.5716577481689269e-01	2.8954046266359595e-01	0.0000000000000000e+00
1.1062500000000000e+01	0.0000000000000000e+00	9.5967328217279846e-01	2.8111775376870213e-01	0.0000000000000000e+00
1.1087500000000000e+01	0.0000000000000000e+00	9.6263947135226391e-01	2.7078635156688935e-01	0.0000000000000000e+00
1.1112500000000001e+01	0.0000000000000000e+00	9.6598010136492574e-01	2.5861640274213382e-01	0.0000000000000000e+00
1.1137500000000001e+01	0.0000000000000000e+00	9.6960122785787850e-01	2.4469053708055172e-01	0.0000000000000000e+00
1.1162500000000001e+01	0.0000000000000000e+00	9.7340211371119212e-01	2.2910330644243987e-01	0.0000000000000000e+00
1.1187500000000000e+01	0.0000000000000000e+00	9.7727822461236591e-01	2.1196054278751450e-01	0.0000000000000000e+00
1.1212500000000000e+01	0.0000000000000000e+00	9.8112420301511050e-01	1.9337863961213647e-01	0.0000000000000000e+00
1.1237500000000001e+01	0.0000000000000000e+00	9.8483672983625281e-01	1.7348376167731847e-01	0.0000000000000000e+00
1.1262500000000001e+01	0.0000000000000000e+00	9.8831720141728185e-01	1.5241098839319056e-01	0.0000000000000000e+00
1.1287500000000001e+01	0.0000000000000000e+00	9.9147416749755113e-01	1.3030339667604995e-01	0.0000000000000000e+00
1.1312500000000000e+01	0.0000000000000000e+00	9.9422549256670700e-01	1.0731108950508210e-01	0.0000000000000000e+00
1.1337500000000000e+01	0.0000000000000000e+00	9.9650021693278323e-01	8.3590176774520006e-02	0.0000000000000000e+00
1.1362500000000001e+01	0.0000000000000000e+00	9.9824010466196678e-01	5.9301715360906858e-02	0.0000000000000000e+00
1.1387500000000001e+01	0.0000000000000000e+00	9.9940087316748349e-01	3.4610615602042469e-02	0.0000000000000000e+00
1.1412500000000001e+01	0.0000000000000000e+00	9.9995310392109071e-01	9.6845216122469612e-03	0.0000000000000000e+00
1.1437500000000000e+01	0.0000000000000000e+00	9.9988283600705241e-01	1.5307326963782255e-02	0.0000000000000000e+00
1.1462500000000000e+01	0.0000000000000000e+00	9.9919184462125887e-01	4.0195244030218437e-02	0.0000000000000000e+00
1.1487500000000001e+01	0.0000000000000000e+00	9.9789760577191478e-01	6.4810249150603835e-02	0.0000000000000000e+00
1.1512500000000001e+01	0.0000000000000000e+00	9.9603294701296341e-01	8.8985214867162474e-02	0.0000000000000000e+00
1.1537500000000001e+01	0.0000000000000000e+00	9.9364538268959079e-01	1.1255600143902209e-01	0.0000000000000000e+00
1.1562500000000000e+01	0.0000000000000000e+00	9.9079613154913393e-01	1.3536257129486107e-01	0.0000000000000000e+00
1.1587500000000000e+01	0.0000000000000000e+00	9.8755881531867729e-01	1.5725007563322874e-01	0.0000000000000000e+00
1.1612500000000001e+01	0.0000000000000000e+00	9.8401783960007350e-01	1.7806990579289408e-01	0.0000000000000000e+00
1.1637500000000001e+01	0.0000000000000000e+00	9.8026646375174120e-01	1.9768070225477949e-01	0.0000000000000000e+00
1.1662500000000001e+01	0.0000000000000000e+00	9.7640457475361564e-01	2.1594931442470036e-01	0.0000000000000000e+00
1.1687500000000000e+01	0.0000000000000000e+00	9.7253619159838733e-01	2.3275170468031525e-01	0.0000000000000000e+00
1.1712500000000000e+01	0.0000000000000000e+00	9.6876674137971452e-01	2.4797379054411720e-01	0.0000000000000000e+00
1.1737500000000001e+01	0.0000000000000000e+00	9.6520016534172715e-01	2.6151221926439955e-01	0.0000000000000000e+00
1.1762500000000001e+01	0.0000000000000000e+00	9.6193593152841184e-01	2.7327506954505715e-01	0.0000000000000000e+00
1.1787500000000001e+01	0.0000000000000000e+00	9.5906604854906818e-01	2.8318247565971733e-01	0.0000000000000000e+00
1.1812500000000000e+01	0.0000000000000000e+00	9.5667219008487847e-01	2.9116716971267997e-01	0.0000000000000000e+00
1.1837500000000000e+01	0.0000000000000000e+00	9.5482304957940189e-01	2.9717493836489983e-01	0.0000000000000000e+00
1.1862500000000001e+01	0.0000000000000000e+00	9.5357204669707019e-01	3.0116499092399873e-01	0.0000000000000000e+00
1.1887500000000001e+01	0.0000000000000000e+00	9.5295549982724526e-01	3.0311023629910216e-01	0.0000000000000000e+00
1.1912500000000001e+01	0.0000000000000000e+00	9.5299136146567098e-01	3.0299746694007151e-01	0.0000000000000000e+00
1.1937500000000000e+01	0.0000000000000000e+00	9.5367858643355541e-01	3.0082744851224769e-01	0.0000000000000000e+00
1.1962500000000000e+01	0.0000000000000000e+00	9.5499716878066376e-01	2.9661491469784595e-01	0.0000000000000000e+00
1.1987500000000001e+01	0.0000000000000000e+00	9.5690884526226860e-01	2.9038846715929745e-01	0.0000000000000000e+00
1.2012500000000001e+01	0.0000000000000000e+00	9.5935842555186968e-01	2.8219038134375346e-01	0.0000000000000000e+00
1.2037500000000001e+01	0.0000000000000000e+00	9.6227567588312335e-01	2.7207631944727190e-01	0.0000000000000000e+00
1.2062500000000000e+01	0.0000000000000000e+00	9.6557765689388730e-01	2.6011495248756272e-01	0.0000000000000000e+00
1.2087500000000000e+01	0.0000000000000000e+00	9.6917140010187286e-01	2.4638749405128665e-01	0.0000000000000000e+00
1.2112500000000001e+01	0.0000000000000000e+00	9.7295680122595618e-01	2.3098714888160585e-01	0.0000000000000000e+00
1.2137500000000001e+01	0.0000000000000000e+00	9.7682961165058624e-01	2.1401848004988644e-01	0.0000000000000000e+00
1.2162500000000001e+01	0.0000000000000000e+00	9.8068441985043220e-01	1.9559669900824139e-01	0.0000000000000000e+00
1.2187500000000000e+01	0.0000000000000000e+00	9.8441753012569733e-01	1.7584688334321349e-01	0.0000000000000000e+00
1.2212500000000000e+01	0.0000000000000000e+00	9.8792966403386973e-01	1.5490312754178320e-01	0.0000000000000000e+00
1.2237500000000001e+01	0.0000000000000000e+00	9.9112842821405045e-01	1.3290763253570959e-01	0.0000000000000000e+00
1.2262500000000001e+01	0.0000000000000000e+00	9.9393050917060377e-01	1.1000974020588652e-01	0.0000000000000000e+00
1.2287500000000001e+01	0.0000000000000000e+00	9.9626356989351572e-01	8.6364919402098658e-02	0.0000000000000000e+00
1.2312500000000000e+01	0.0000000000000000e+00	9.9806783438645119e-01	6.2133710362756653e-02	0.0000000000000000e+00
1.2337500000000000e+01	0.0000000000000000e+00	9.9929735415574195e-01	3.7480634701639461e-02	0.0000000000000000e+00
1.2362500000000001e+01	0.0000000000000000e+00	9.9992095572639950e-01	1.2573078362461082e-02	0.0000000000000000e+00
1.2387500000000001e+01	0.0000000000000000e+00	9.9992287075234043e-01	1.2419844874382342e-02	0.0000000000000000e+00
1.2412500000000001e+01	0.0000000000000000e+00	9.9930305085433957e-01	3.7328441616485047e-02	0.0000000000000000e+00
1.2437500000000000e+01	0.0000000000000000e+00	9.9807716858198769e-01	6.1983591019471228e-02	0.0000000000000000e+00
1.2462500000000000e+01	0.0000000000000000e+00	9.9627630450426019e-01	8.6217893059629513e-02	0.0000000000000000e+00
1.2487500000000001e+01	0.0000000000000000e+00	9.9394631903962716e-01	1.0986680512276432e-01	0.0000000000000000e+00
1.2512500000000001e+01	0.0000000000000000e+00	9.9114690689339779e-01	1.3276975919221470e-01	0.0000000000000000e+00
1.2537500000000001e+01	0.0000000000000000e+00	9.8795033252636866e-01	1.5477125205071676e-01	0.0000000000000000e+00
1.2562500000000000e+01	0.0000000000000000e+00	9.8443984756622682e-01	1.7572190109401209e-01	0.0000000000000000e+00
1.2587500000000000e+01	0.0000000000000000e+00	9.8070779606905001e-01	1.9547945858758922e-01	0.0000000000000000e+00
1.2612500000000001e+01	0.0000000000000000e+00	9.7685342150126298e-01	2.1390977748010226e-01	0.0000000000000000e+00
1.2637500000000001e+01	0.0000000000000000e+00	9.7298040048618351e-01	2.3088772221592402e-01	0.0000000000000000e+00
1.2662500000000001e+01	0.0000000000000000e+00	9.6919414265197945e-01	2.4629801836272833e-01	0.0000000000000000e+00
1.2687500000000000e+01	0.0000000000000000e+00	9.6559891277556453e-01	2.6003603528542102e-01	0.0000000000000000e+00
1.2712500000000000e+01	0.0000000000000000e+00	9.6229484972312596e-01	2.7200849655233195e-01	0.0000000000000000e+00
1.2737500000000001e+01	0.0000000000000000e+00	9.5937497473136535e-01	2.8213411325025256e-01	0.0000000000000000e+00
1.2762500000000001e+01	0.0000000000000000e+00	9.5692229712968946e-01	2.9034413590832708e-01	0.0000000000000000e+00
1.2787500000000001e+01	0.0000000000000000e+00	9.5500713616175670e-01	2.9658282128342328e-01	0.0000000000000000e+00
1.2812500000000000e+01	0.0000000000000000e+00	9.5368478070029239e-01	3.0080781083766950e-01	0.0000000000000000e+00
1.2837500000000000e+01	0.0000000000000000e+00	9.5299360249448828e-01	3.0299041833842510e-01	0.0000000000000000e+00
1.2862500000000001e+01	0.0000000000000000e+00	9.5295372230786579e-01	3.0311582462797965e-01	0.0000000000000000e+00
1.2887500000000001e+01	0.0000000000000000e+00	9.5356630243797558e-01	3.0118317824056012e-01	0.0000000000000000e+00
1.2912500000000001e+01	0.0000000000000000e+00	9.5481350567819123e-01	2.9720560118349210e-01	0.0000000000000000e+00
1.2937500000000000e+01	0.0000000000000000e+00	9.5665912306818879e-01	2.9121009984326240e-01	0.0000000000000000e+00
1.2962500000000000e+01	0.0000000000000000e+00	9.5904983481181660e-01	2.8323738162140055e-01	0.0000000000000000e+00
1.2987500000000001e+01	0.0000000000000000e+00	9.6191703459225697e-01	2.7334157854515839e-01	0.0000000000000000e+00
1.3012500000000001e+01	0.0000000000000000e+00	9.6517912059025934e-01	2.6158987972957759e-01	0.0000000000000000e+00
1.3037500000000001e+01	0.0000000000000000e+00	9.6874413900396761e-01	2.4806207518640067e-01	0.0000000000000000e+00
1.3062500000000000e+01	0.0000000000000000e+00	9.7251265850094049e-01	2.3285001407720746e-01	0.0000000000000000e+00
1.3087500000000000e+01	0.0000000000000000e+00	9.7638075612079123e-01	2.1605698108905283e-01	0.0000000000000000e+00
1.3112500000000001e+01	0.0000000000000000e+00	9.8024300492444638e-01	1.9779699516680110e-01	0.0000000000000000e+00
1.3137500000000001e+01	0.0000000000000000e+00	9.8399536877019256e-01	1.7819403536352521e-01	0.0000000000000000e+00
1.3162500000000001e+01	0.0000000000000000e+00	9.8753792746462710e-01	1.5738119906518080e-01	0.0000000000000000e+00
1.3187500000000000e+01	0.0000000000000000e+00	9.9077737391386322e-01	1.3549979830492148e-01	0.0000000000000000e+00
1.3212500000000000e+01	0.0000000000000000e+00	9.9362924200605240e-01	1.1269840030277235e-01	0.0000000000000000e+00
1.3237500000000001e+01	0.0000000000000000e+00	9.9601983860138199e-01	8.9131818745068245e-02	0.0000000000000000e+00
1.3262500000000001e+01	0.0000000000000000e+00	9.9788786457222112e-01	6.4960062652524186e-02	0.0000000000000000e+00
1.3287500000000001e+01	0.0000000000000000e+00	9.9918571818250224e-01	4.0347249973764238e-02	0.0000000000000000e+00
1.3312500000000000e+01	0.0000000000000000e+00	9.9988047943134095e-01	1.5460493280636298e-02	0.0000000000000000e+00
1.3337500000000000e+01	0.0000000000000000e+00	9.9995457674946531e-01	9.5312348689393853e-03	0.0000000000000000e+00
1.3362500000000001e+01	0.0000000000000000e+00	9.9940613819538948e-01	3.4458249196790448e-02	0.0000000000000000e+00
1.3387500000000001e+01	0.0000000000000000e+00	9.9824902867870302e-01	5.9151303809439164e-02	0.0000000000000000e+00
1.3412500000000001e+01	0.0000000000000000e+00	9.9651257338850063e-01	8.3442741319777469e-02	0.0000000000000000e+00
1.3437500000000000e+01	0.0000000000000000e+00	9.9424096617816249e-01	1.0716763118332767e-01	0.0000000000000000e+00
1.3462500000000000e+01	0.0000000000000000e+00	9.9149236080593828e-01	1.3016488952017516e-01	0.0000000000000000e+00
1.3487500000000001e+01	0.0000000000000000e+00	9.8833764330405782e-01	1.5227837281936560e-01	0.0000000000000000e+00
1.3512500000000001e+01	0.0000000000000000e+00	9.8485888598219418e-01	1.7335793809988848e-01	0.0000000000000000e+00
1.3537500000000001e+01	0.0000000000000000e+00	9.8114748825050946e-01	1.9326046233011632e-01	0.0000000000000000e+00
1.3562500000000000e+01	0.0000000000000000e+00	9.7730201704991371e-01	2.1185081418419091e-01	0.0000000000000000e+00
1.3587500000000000e+01	0.0000000000000000e+00	9.7342577047687373e-01	2.2900277153746365e-01	0.0000000000000000e+00
1.3612500000000001e+01	0.0000000000000000e+00	9.6962410214064831e-01	2.4459987847150938e-01	0.0000000000000000e+00
1.3637500000000001e+01	0.0000000000000000e+00	9.6600156039771989e-01	2.5853623596994363e-01	0.0000000000000000e+00
1.3662500000000001e+01	0.0000000000000000e+00	9.6265891482329335e-01	2.7071722093648926e-01	0.0000000000000000e+00
1.3687500000000000e+01	0.0000000000000000e+00	9.5969016045892030e-01	2.8106012865340552e-01	0.0000000000000000e+00
1.3712500000000000e+01	0.0000000000000000e+00	9.5717960634479049e-01	2.8949473431820777e-01	0.0000000000000000e+00
1.3737500000000001e+01	0.0000000000000000e+00	9.5519916611084932e-01	2.9596376984603440e-01	0.0000000000000000e+00
1.3762500000000001e+01	0.0000000000000000e+00	9.5380597250514942e-01	3.0042331270033756e-01	0.0000000000000000e+00
1.3787500000000001e+01	0.0000000000000000e+00	9.5304043272358108e-01	3.0284308411186900e-01	0.0000000000000000e+00
1.3812500000000000e+01	0.0000000000000000e+00	9.5292482629509101e-01	3.0320665466115759e-01	0.0000000000000000e+00
1.3837500000000000e+01	0.0000000000000000e+00	9.5346252244235163e-01	3.0151155582864259e-01	0.0000000000000000e+00
1.3862500000000001e+01	0.0000000000000000e+00	9.5463786113391080e-01	2.9776929675507674e-01	0.0000000000000000e+00
1.3887500000000001e+01	0.0000000000000000e+00	9.5641670462771244e-01	2.9200528609840032e-01	0.0000000000000000e+00
1.3912500000000001e+01	0.0000000000000000e+00	9.5874762815329539e-01	2.8425865951765283e-01	0.0000000000000000e+00
1.3937500000000000e+01	0.0000000000000000e+00	9.6156368359699618e-01	2.7458201395524573e-01	0.0000000000000000e+00
1.3962500000000000e+01	0.0000000000000000e+00	9.6478464215635595e-01	2.6304105052173088e-01	0.0000000000000000e+00
1.3987500000000001e+01	0.0000000000000000e+00	9.6831960326841526e-01	2.4971412840775209e-01	0.0000000000000000e+00
1.4012500000000001e+01	0.0000000000000000e+00	9.7206984858665668e-01	2.3469173285196746e-01	0.0000000000000000e+00
1.4037500000000001e+01	0.0000000000000000e+00	9.7593182084949159e-01	2.1807586077725646e-01	0.0000000000000000e+00
1.4062500000000000e+01	0.0000000000000000e+00	9.7980011648622123e-01	1.9997932826653261e-01	0.0000000000000000e+00
1.4087500000000000e+01	0.0000000000000000e+00	9.8357039540730340e-01	1.8052500458016318e-01	0.0000000000000000e+00
1.4112500000000001e+01	0.0000000000000000e+00	9.8714212909563304e-01	1.5984497791575572e-01	0.0000000000000000e+00
1.4137500000000001e+01	0.0000000000000000e+00	9.9042112653572412e-01	1.3807965857451709e-01	0.0000000000000000e+00
1.4162500000000001e+01	0.0000000000000000e+00	9.9332179484264882e-01	1.1537682562337792e-01	0.0000000000000000e+00
1.4187500000000000e+01	0.0000000000000000e+00	9.9576910642397587e-01	9.1890623525720583e-02	0.0000000000000000e+00
1.4212500000000000e+01	0.0000000000000000e+00	9.9770025644563520e-01	6.7780515553244491e-02	0.0000000000000000e+00
1.4237500000000001e+01	0.0000000000000000e+00	9.9906600308615723e-01	4.3210201084943757e-02	0.0000000000000000e+00
1.4262500000000001e+01	0.0000000000000000e+00	9.9983168872867401e-01	1.8346504144366609e-02	0.0000000000000000e+00
1.4287500000000001e+01	0.0000000000000000e+00	9.9997794327377032e-01	6.6417592783919880e-03	0.0000000000000000e+00
1.4312500000000000e+01	0.0000000000000000e+00	9.9950107171509717e-01	3.1584927429468598e-02	0.0000000000000000e+00
1.4337500000000000e+01	0.0000000000000000e+00	9.9841312762645973e-01	5.6313644736456073e-02	0.0000000000000000e+00
1.4362500000000001e+01	0.0000000000000000e+00	9.9674167291078042e-01	8.0660011674761001e-02	0.0000000000000000e+00
1.4387500000000001e+01	0.0000000000000000e+00	9.9452922271012112e-01	1.0445872474789496e-01	0.0000000000000000e+00
1.4412500000000001e+01	0.0000000000000000e+00	9.9183237342436670e-01	1.2754819884162377e-01	0.0000000000000000e+00
1.4437500000000000e+01	0.0000000000000000e+00	9.8872061198485472e-01	1.4977166433157416e-01	0.0000000000000000e+00
1.4462500000000000e+01	0.0000000000000000e+00	9.8527480651597454e-01	1.7097823149531291e-01	0.0000000000000000e+00
1.4487500000000001e+01	0.0000000000000000e+00	9.8158538288714425e-01	1.9102391500190480e-01	0.0000000000000000e+00
1.4512500000000001e+01	0.0000000000000000e+00	9.7775019890316095e-01	2.0977261152301599e-01	0.0000000000000000e+00
1.4537500000000001e+01	0.0000000000000000e+00	9.7387213830608155e-01	2.2709702382791827e-01	0.0000000000000000e+00
1.4562500000000000e+01	0.0000000000000000e+00	9.7005646036369186e-01	2.4287952508810523e-01	0.0000000000000000e+00
1.4587500000000000e+01	0.0000000000000000e+00	9.6640795716174799e-01	2.5701295752318792e-01	0.0000000000000000e+00
1.4612500000000001e+01	0.0000000000000000e+00	9.6302798881916096e-01	2.6940135996553827e-01	0.0000000000000000e+00
1.4637500000000001e+01	0.0000000000000000e+00	9.6001148513099599e-01	2.7996061940376471e-01	0.0000000000000000e+00
1.4662500000000001e+01	0.0000000000000000e+00	9.5744401849322480e-01	2.8861904208126321e-01	0.0000000000000000e+00
1.4687500000000000e+01	0.0000000000000000e+00	9.5539906490286941e-01	2.9531784027228014e-01	0.0000000000000000e+00
1.4712500000000000e+01	0.0000000000000000e+00	9.5393557487344061e-01	3.0001153143044418e-01	0.0000000000000000e+00
1.4737500000000001e+01	0.0000000000000000e+00	9.5309597221817088e-01	3.0266824699968498e-01	0.0000000000000000e+00
1.4762500000000001e+01	0.0000000000000000e+00	9.5290468471971401e-01	3.0326994879081892e-01	0.0000000000000000e+00
1.4787500000000001e+01	0.0000000000000000e+00	9.5336728692817096e-01	3.0181255145467772e-01	0.0000000000000000e+00
1.4812500000000000e+01	0.0000000000000000e+00	9.5447030339532801e-01	2.9830595022023126e-01	0.0000000000000000e+00
1.4837500000000000e+01	0.0000000000000000e+00	9.5618168358829636e-01	2.9277395370937020e-01	0.0000000000000000e+00
1.4862500000000001e+01	0.0000000000000000e+00	9.5845192144418878e-01	2.8525412228451419e-01	0.0000000000000000e+00
1.4887500000000001e+01	0.0000000000000000e+00	9.6121575715793550e-01	2.7579751302661021e-01	0.0000000000000000e+00
1.4912500000000001e+01	0.0000000000000000e+00	9.6439436995498951e-01	2.6446833307503215e-01	0.0000000000000000e+00
1.4937500000000000e+01	0.0000000000000000e+00	9.6789795079681751e-01	2.5134350368308600e-01	0.0000000000000000e+00
1.4962500000000000e+01	0.0000000000000000e+00	9.7162853426767259e-01	2.3651213794903403e-01	0.0000000000000000e+00
1.4987500000000001e+01	0.0000000000000000e+00	9.7548296891682684e-01	2.2007493576866563e-01	0.0000000000000000e+00
1.5012500000000001e+01	0.0000000000000000e+00	9.7935591352716322e-01	2.0214350011747961e-01	0.0000000000000000e+00
1.5037500000000001e+01	0.0000000000000000e+00	9.8314276086439001e-01	1.8283957930468819e-01	0.0000000000000000e+00
1.5062500000000000e+01	0.0000000000000000e+00	9.8674240790166456e-01	1.6229424034387804e-01	0.0000000000000000e+00
1.5087500000000000e+01	0.0000000000000000e+00	9.9005980995275056e-01	1.4064697905285925e-01	0.0000000000000000e+00
1.5112500000000001e+01	0.0000000000000000e+00	9.9300827367424327e-01	1.1804477292481876e-01	0.0000000000000000e+00
1.5137500000000001e+01	0.0000000000000000e+00	9.9551145918609474e-01	9.4641083201459891e-02	0.0000000000000000e+00
1.5162500000000001e+01	0.0000000000000000e+00	9.9750507386611342e-01	7.0594812923708838e-02	0.0000000000000000e+00
1.5187500000000000e+01	0.0000000000000000e+00	9.9893824945723386e-01	4.6069228034467467e-02	0.0000000000000000e+00
1.5212500000000000e+01	0.0000000000000000e+00	9.9977460012600428e-01	2.1230848858755452e-02	0.0000000000000000e+00
1.5237500000000001e+01	0.0000000000000000e+00	9.9999296242209090e-01	3.7516805122880829e-03	0.0000000000000000e+00
1.5262500000000001e+01	0.0000000000000000e+00	9.9958781925625828e-01	2.8708737257047801e-02	0.0000000000000000e+00
1.5287500000000001e+01	0.0000000000000000e+00	9.9856940965610674e-01	5.3470871504320214e-02	0.0000000000000000e+00
1.5312500000000000e+01	0.0000000000000000e+00	9.9696352482030426e-01	7.7869956839927729e-02	0.0000000000000000e+00
1.5337500000000000e+01	0.0000000000000000e+00	9.9481098952514890e-01	1.0174033182751249e-01	0.0000000000000000e+00
1.5362500000000001e+01	0.0000000000000000e+00	9.9216682689459856e-01	1.2491992479297477e-01	0.0000000000000000e+00
1.5387500000000001e+01	0.0000000000000000e+00	9.8909910457756722e-01	1.4725135423565461e-01	0.0000000000000000e+00
1.5412500000000001e+01	0.0000000000000000e+00	9.8568746212465896e-01	1.6858299739484137e-01	0.0000000000000000e+00
1.5437500000000000e+01	0.0000000000000000e+00	9.8202132342258563e-01	1.8877001971641075e-01	0.0000000000000000e+00
1.5462500000000000e+01	0.0000000000000000e+00	9.7819780493746733e-01	2.0767535822986283e-01	0.0000000000000000e+00
1.5487500000000001e+01	0.0000000000000000e+00	9.7431934056893621e-01	2.2517065215896803e-01	0.0000000000000000e+00
1.5512500000000001e+01	0.0000000000000000e+00	9.7049105716452566e-01	2.4113711444749325e-01	0.0000000000000000e+00
1.5537500000000001e+01	0.0000000000000000e+00	9.6681795080813382e-01	2.5546633828264653e-01	0.0000000000000000e+00
1.5562500000000000e+01	0.0000000000000000e+00	9.6340193196410995e-01	2.6806103314022289e-01	0.0000000000000000e+00
1.5587500000000000e+01	0.0000000000000000e+00	9.6033882592217079e-01	2.7883568535395592e-01	0.0000000000000000e+00
1.5612500000000001e+01	0.0000000000000000e+00	9.5771543168356554e-01	2.8771713872403593e-01	0.0000000000000000e+00
1.5637500000000001e+01	0.0000000000000000e+00	9.5560675500897041e-01	2.9464509122266180e-01	0.0000000000000000e+00
1.5662500000000001e+01	0.0000000000000000e+00	9.5407353730905853e-01	2.9957250442416483e-01	0.0000000000000000e+00
1.5687500000000000e+01	0.0000000000000000e+00	9.5316019928281093e-01	3.0246592287981555e-01	0.0000000000000000e+00
1.5712500000000000e+01	0.0000000000000000e+00	9.5289330545354745e-01	3.0330570126886724e-01	0.0000000000000000e+00
1.5737500000000001e+01	0.0000000000000000e+00	9.5328063305587041e-01	3.0208613778355786e-01	0.0000000000000000e+00
1.5762500000000001e+01	0.0000000000000000e+00	9.5431089760365961e-01	2.9881551284243291e-01	0.0000000000000000e+00
1.5787500000000001e+01	0.0000000000000000e+00	9.5595415080910251e-01	2.9351603286913819e-01	0.0000000000000000e+00
1.5812500000000000e+01	0.0000000000000000e+00	9.5816282816822684e-01	2.8622367951840588e-01	0.0000000000000000e+00
1.5837500000000000e+01	0.0000000000000000e+00	9.6087338762136154e-01	2.7698796537293713e-01	0.0000000000000000e+00
1.5862500000000001e+01	0.0000000000000000e+00	9.6400845094825960e-01	2.6587159776991631e-01	0.0000000000000000e+00
1.5887500000000001e+01	0.0000000000000000e+00	9.6747933862570179e-01	2.5295005303965923e-01	0.0000000000000000e+00
1.5912500000000001e+01	0.0000000000000000e+00	9.7118887800113218e-01	2.3831106404717034e-01	0.0000000000000000e+00
1.5937500000000000e+01	0.0000000000000000e+00	9.7503436359783247e-01	2.2205402451602427e-01	0.0000000000000000e+00
1.5962500000000000e+01	0.0000000000000000e+00	9.7891055572644803e-01	2.0428931417901064e-01	0.0000000000000000e+00
1.5987500000000001e+01	0.0000000000000000e+00	9.8271261710923674e-01	1.8513754933753715e-01	0.0000000000000000e+00
1.6012499999999999e+01	0.0000000000000000e+00	9.8633890440272354e-01	1.6472876391823607e-01	0.0000000000000000e+00
1.6037500000000001e+01	0.0000000000000000e+00	9.8969354993528891e-01	1.4320152658711996e-01	0.0000000000000000e+00
1.6062500000000000e+01	0.0000000000000000e+00	9.9268878668831950e-01	1.2070199991577847e-01	0.0000000000000000e+00
1.6087500000000002e+01	0.0000000000000000e+00	9.9524698514572241e-01	9.7382947987556479e-02	0.0000000000000000e+00
1.6112500000000001e+01	0.0000000000000000e+00	9.9730238330871057e-01	7.3402699181727052e-02	0.0000000000000000e+00
1.6137499999999999e+01	0.0000000000000000e+00	9.9880250062751041e-01	4.8924071178000308e-02	0.0000000000000000e+00
1.6162500000000001e+01	0.0000000000000000e+00	9.9970923294139835e-01	2.4113265480219026e-02	0.0000000000000000e+00
1.6187500000000000e+01	0.0000000000000000e+00	9.9999962911484563e-01	8.6126103495297670e-04	0.0000000000000000e+00
1.6212500000000002e+01	0.0000000000000000e+00	9.9966635144235183e-01	2.5829939882551937e-02	0.0000000000000000e+00
1.6237500000000001e+01	0.0000000000000000e+00	9.9871782168004375e-01	5.0623242281274947e-02	0.0000000000000000e+00
1.6262499999999999e+01	0.0000000000000000e+00	9.9717805339206256e-01	7.5072830195866525e-02	0.0000000000000000e+00
1.6287500000000001e+01	0.0000000000000000e+00	9.9508616982589471e-01	9.9012699294747167e-02	0.0000000000000000e+00
1.6312500000000000e+01	0.0000000000000000e+00	9.9249560540570680e-01	1.2228030606259288e-01	0.0000000000000000e+00
1.6337500000000002e+01	0.0000000000000000e+00	9.8947298880796997e-01	1.4471767141515721e-01	0.0000000000000000e+00
1.6362500000000001e+01	0.0000000000000000e+00	9.8609670710177422e-01	1.6617245332316880e-01	0.0000000000000000e+00
1.6387499999999999e+01	0.0000000000000000e+00	9.8245515420589669e-01	1.8649898116255548e-01	0.0000000000000000e+00
1.6412500000000001e+01	0.0000000000000000e+00	9.7864467345955941e-01	2.0555924476811141e-01	0.0000000000000000e+00
1.6437500000000000e+01	0.0000000000000000e+00	9.7476721378075937e-01	2.2322383147527053e-01	0.0000000000000000e+00
1.6462500000000002e+01	0.0000000000000000e+00	9.7092773177432201e-01	2.3937280478779435e-01	0.0000000000000000e+00
1.6487500000000001e+01	0.0000000000000000e+00	9.6723138792618946e-01	2.5389651870552105e-01	0.0000000000000000e+00
1.6512499999999999e+01	0.0000000000000000e+00	9.6378060283379341e-01	2.6669636218316889e-01	0.0000000000000000e+00
1.6537500000000001e+01	0.0000000000000000e+00	9.6067205783619181e-01	2.7768542866557422e-01	0.0000000000000000e+00
1.6562500000000000e+01	0.0000000000000000e+00	9.5799374141594151e-01	2.8678910615344821e-01	0.0000000000000000e+00
1.6587500000000002e+01	0.0000000000000000e+00	9.5582215593112252e-01	2.9394558379330871e-01	0.0000000000000000e+00
1.6612500000000001e+01	0.0000000000000000e+00	9.5421980608173385e-01	2.9910627155201402e-01	0.0000000000000000e+00
1.6637499999999999e+01	0.0000000000000000e+00	9.5323308883325863e-01	3.0223613012645328e-01	0.0000000000000000e+00
1.6662500000000001e+01	0.0000000000000000e+00	9.5289069294410844e-01	3.0331390884841891e-01	0.0000000000000000e+00
1.6687500000000000e+01	0.0000000000000000e+00	9.5320259464727053e-01	3.0233228996936817e-01	0.0000000000000000e+00
1.6712500000000002e+01	0.0000000000000000e+00	9.5415970576344622e-01	2.9929793834543084e-01	0.0000000000000000e+00
1.6737500000000001e+01	0.0000000000000000e+00	9.5573419431946649e-01	2.9423145618531765e-01	0.0000000000000000e+00
1.6762499999999999e+01	0.0000000000000000e+00	9.5788045937449162e-01	2.8716724316837650e-01	0.0000000000000000e+00
1.6787500000000001e+01	0.0000000000000000e+00	9.6053670536227109e-01	2.7815326288254633e-01	0.0000000000000000e+00
1.6812500000000000e+01	0.0000000000000000e+00	9.6362703063664390e-01	2.6725071716801541e-01	0.0000000000000000e+00
1.6837500000000002e+01	0.0000000000000000e+00	9.6706392286413012e-01	2.5453363057767930e-01	0.0000000000000000e+00
1.6862500000000001e+01	0.0000000000000000e+00	9.7075104185507677e-01	2.4008834777576882e-01	0.0000000000000000e+00
1.6887499999999999e+01	0.0000000000000000e+00	9.7458616830331890e-01	2.2401294728714025e-01	0.0000000000000000e+00
1.6912500000000001e+01	0.0000000000000000e+00	9.7846420339591644e-01	2.0641657557766899e-01	0.0000000000000000e+00
1.6937500000000000e+01	0.0000000000000000e+00	9.8228011720004482e-01	1.8741870598711272e-01	0.0000000000000000e+00
1.6962500000000002e+01	0.0000000000000000e+00	9.8593176061986210e-01	1.6714832754603640e-01	0.0000000000000000e+00
1.6987500000000001e+01	0.0000000000000000e+00	9.8932247411302354e-01	1.4574306918445423e-01	0.0000000000000000e+00
1.7012499999999999e+01	0.0000000000000000e+00	9.9236344423462164e-01	1.2334826527851252e-01	0.0000000000000000e+00
1.7037500000000001e+01	0.0000000000000000e+00	9.9497577496925649e-01	1.0011596887983104e-01	0.0000000000000000e+00
1.7062500000000000e+01	0.0000000000000000e+00	9.9709225384593825e-01	7.6203919327338221e-02	0.0000000000000000e+00
1.7087500000000002e+01	0.0000000000000000e+00	9.9865880265838725e-01	5.1774471251162170e-02	0.0000000000000000e+00
1.7112500000000001e+01	0.0000000000000000e+00	9.9963560929825623e-01	2.6993492240274426e-02	0.0000000000000000e+00
1.7137499999999999e+01	0.0000000000000000e+00	9.9999794109738394e-01	2.0292366583460177e-03	0.0000000000000000e+00
1.7162500000000001e+01	0.0000000000000000e+00	9.9973664168537113e-01	2.2948796745779744e-02	0.0000000000000000e+00
1.7187500000000000e+01	0.0000000000000000e+00	9.9885831330657360e-01	4.7771015676563680e-02	0.0000000000000000e+00
1.7212500000000002e+01	0.0000000000000000e+00	9.9738518544775479e-01	7.2268885765397251e-02	0.0000000000000000e+00
1.7237500000000001e+01	0.0000000000000000e+00	9.9535466915553894e-01	9.6276074861267338e-02	0.0000000000000000e+00
1.7262499999999999e+01	0.0000000000000000e+00	9.9281859522402971e-01	1.1962958236911750e-01	0.0000000000000000e+00
1.7287500000000001e+01	0.0000000000000000e+00	9.8984213415935418e-01	1.4217084596808494e-01	0.0000000000000000e+00
1.7312500000000000e+01	0.0000000000000000e+00	9.8650239712395904e-01	1.6374681819537487e-01	0.0000000000000000e+00
1.7337500000000002e+01	0.0000000000000000e+00	9.8288672054381288e-01	1.8421100558613718e-01	0.0000000000000000e+00
1.7362500000000001e+01	0.0000000000000000e+00	9.7909064326336159e-01	2.0342446331394001e-01	0.0000000000000000e+00
1.7387499999999999e+01	0.0000000000000000e+00	9.7521559443745620e-01	2.2125673857857356e-01	0.0000000000000000e+00
1.7412500000000001e+01	0.0000000000000000e+00	9.7136632287423530e-01	2.3758675633590259e-01	0.0000000000000000e+00
1.7437500000000000e+01	0.0000000000000000e+00	9.6764811401611761e-01	2.5230364135596589e-01	0.0000000000000000e+00
1.7462500000000002e+01	0.0000000000000000e+00	9.6416385838572438e-01	2.6530747102782942e-01	0.0000000000000000e+00
1.7487500000000001e+01	0.0000000000000000e+00	9.6101105376057161e-01	2.7650995379990578e-01	0.0000000000000000e+00
1.7512499999999999e+01	0.0000000000000000e+00	9.5827884062909841e-01	2.8583502864936283e-01	0.0000000000000000e+00
1.7537500000000001e+01	0.0000000000000000e+00	9.5604518423925622e-01	2.9321938151042881e-01	0.0000000000000000e+00
1.7562500000000000e+01	0.0000000000000000e+00	9.5437432425226265e-01	2.9861287515522378e-01	0.0000000000000000e+00
1.7587500000000002e+01	0.0000000000000000e+00	9.5331461240837356e-01	3.0197888960837183e-01	0.0000000000000000e+00
1.7612500000000001e+01	0.0000000000000000e+00	9.5289684821250387e-01	3.0329457078409716e-01	0.0000000000000000e+00
1.7637499999999999e+01	0.0000000000000000e+00	9.5313320216957242e-01	3.0255098565764244e-01	0.0000000000000000e+00
1.7662500000000001e+01	0.0000000000000000e+00	9.5401678671357415e-01	2.9975318291744862e-01	0.0000000000000000e+00
1.7687500000000000e+01	0.0000000000000000e+00	9.5552189927855113e-01	2.9492015868628879e-01	0.0000000000000000e+00
1.7712500000000002e+01	0.0000000000000000e+00	9.5760492362783878e-01	2.8808472754409792e-01	0.0000000000000000e+00
1.7737500000000001e+01	0.0000000000000000e+00	9.6020583872801202e-01	2.7929329972820932e-01	0.0000000000000000e+00
1.7762499999999999e+01	0.0000000000000000e+00	9.6325025299841360e-01	2.6860556602373165e-01	0.0000000000000000e+00
1.7787500000000001e+01	0.0000000000000000e+00	9.6665185863136005e-01	2.5609409248355341e-01	0.0000000000000000e+00
1.7812500000000000e+01	0.0000000000000000e+00	9.7031518744658007e-01	2.4184382772968685e-01	0.0000000000000000e+00
1.7837500000000002e+01	0.0000000000000000e+00	9.7413854652037168e-01	2.2595152618120684e-01	0.0000000000000000e+00
1.7862500000000001e+01	0.0000000000000000e+00	9.7801701742444358e-01	2.0852509112486942e-01	0.0000000000000000e+00
1.7887499999999999e+01	0.0000000000000000e+00	9.8184541523479152e-01	1.8968284208873565e-01	0.0000000000000000e+00
1.7912500000000001e+01	0.0000000000000000e+00	9.8552112003030379e-01	1.6955271149308282e-01	0.0000000000000000e+00
1.7937500000000000e+01	0.0000000000000000e+00	9.8894671193634187e-01	1.4827137603306892e-01	0.0000000000000000e+00
1.7962500000000002e+01	0.0000000000000000e+00	9.9203235879301710e-01	1.2598332869076379e-01	0.0000000000000000e+00
1.7987500000000001e+01	0.0000000000000000e+00	9.9469792170596794e-01	1.0283989767726841e-01	0.0000000000000000e+00
1.8012499999999999e+01	0.0000000000000000e+00	9.9687475712882223e-01	7.8998218965969036e-02	0.0000000000000000e+00
1.8037500000000001e+01	0.0000000000000000e+00	9.9850720432849971e-01	5.4620169393073632e-02	0.0000000000000000e+00
1.8062500000000000e+01	0.0000000000000000e+00	9.9955375411943082e-01	2.9871267569312868e-02	0.0000000000000000e+00
1.8087500000000002e+01	0.0000000000000000e+00	9.9998789894058282e-01	4.9195500652388429e-03	0.0000000000000000e+00
1.8112500000000001e+01	0.0000000000000000e+00	9.9979866619290125e-01	2.0065569499561321e-02	0.0000000000000000e+00
1.8137499999999999e+01	0.0000000000000000e+00	9.9899083685349288e-01	4.4914450716943430e-02	0.0000000000000000e+00
1.8162500000000001e+01	0.0000000000000000e+00	9.9758485037594313e-01	6.9458378190500825e-02	0.0000000000000000e+00
1.8187500000000000e+01	0.0000000000000000e+00	9.9561639542455060e-01	9.3530707055345913e-02	0.0000000000000000e+00
1.8212500000000002e+01	0.0000000000000000e+00	9.9313568472651559e-01	1.1696799443969168e-01	0.0000000000000000e+00
1.8237500000000001e+01	0.0000000000000000e+00	9.9020641191233716e-01	1.3961110918599606e-01	0.0000000000000000e+00
1.8262499999999999e+01	0.0000000000000000e+00	9.8690438929694635e-01	1.6130631229704290e-01	0.0000000000000000e+00
1.8287500000000001e+01	0.0000000000000000e+00	9.8331586875236809e-01	1.8190630077110009e-01	0.0000000000000000e+00
1.8312500000000000e+01	0.0000000000000000e+00	9.7953555368643297e-01	2.0127120773887211e-01	0.0000000000000000e+00
1.8337500000000002e+01	0.0000000000000000e+00	9.7566431907557449e-01	2.1926955211165861e-01	0.0000000000000000e+00
1.8362500000000001e+01	0.0000000000000000e+00	9.7180666865750698e-01	2.3577913129293407e-01	0.0000000000000000e+00
1.8387499999999999e+01	0.0000000000000000e+00	9.6806797355120267e-01	2.5068785089214185e-01	0.0000000000000000e+00
1.8412500000000001e+01	0.0000000000000000e+00	9.6455155401927095e-01	2.6389448580723046e-01	0.0000000000000000e+00
1.8437500000000000e+01	0.0000000000000000e+00	9.6135568452189191e-01	2.7530936750844170e-01	0.0000000000000000e+00
1.8462500000000002e+01	0.0000000000000000e+00	9.5857061974845270e-01	2.8485499285692967e-01	0.0000000000000000e+00
1.8487500000000001e+01	0.0000000000000000e+00	9.5627575360965733e-01	2.9246655032454033e-01	0.0000000000000000e+00
1.8512499999999999e+01	0.0000000000000000e+00	9.5453703169919324e-01	2.9809236004189898e-01	0.0000000000000000e+00
1.8537500000000001e+01	0.0000000000000000e+00	9.5340473818360449e-01	3.0169422468703089e-01	0.0000000000000000e+00
1.8562500000000000e+01	0.0000000000000000e+00	9.5291176885294393e-01	3.0324768883210046e-01	0.0000000000000000e+00
1.8587500000000002e+01	0.0000000000000000e+00	9.5307248272092526e-01	3.0274220498739390e-01	0.0000000000000000e+00
1.8612500000000001e+01	0.0000000000000000e+00	9.5388219609972291e-01	3.0018120521516362e-01	0.0000000000000000e+00
1.8637499999999999e+01	0.0000000000000000e+00	9.5531734793620970e-01	2.9558207782709994e-01	0.0000000000000000e+00
1.8662500000000001e+01	0.0000000000000000e+00	9.5733632696025694e-01	2.8897604932364834e-01	0.0000000000000000e+00
1.8687500000000000e+01	0.0000000000000000e+00	9.5988091398256992e-01	2.8040797237676146e-01	0.0000000000000000e+00
1.8712500000000002e+01	0.0000000000000000e+00	9.6287826042940450e-01	2.6993602129561212e-01	0.0000000000000000e+00
1.8737500000000001e+01	0.0000000000000000e+00	9.6624329999458691e-01	2.5763129704294985e-01	0.0000000000000000e+00
1.8762499999999999e+01	0.0000000000000000e+00	9.6988147587972395e-01	2.4357734448390567e-01	0.0000000000000000e+00
1.8787500000000001e+01	0.0000000000000000e+00	9.7369166175249111e-01	2.2786958514495953e-01	0.0000000000000000e+00
1.8812500000000000e+01	0.0000000000000000e+00	9.7756915922179499e-01	2.1061466933444306e-01	0.0000000000000000e+00
1.8837500000000002e+01	0.0000000000000000e+00	9.8140866629996637e-01	1.9192975202345805e-01	0.0000000000000000e+00
1.8862500000000001e+01	0.0000000000000000e+00	9.8510712752186980e-01	1.7194169740373094e-01	0.0000000000000000e+00
1.8887499999999999e+01	0.0000000000000000e+00	9.8856639463695983e-01	1.5078621752318305e-01	0.0000000000000000e+00
1.8912500000000001e+01	0.0000000000000000e+00	9.9169564494060025e-01	1.2860695084758661e-01	0.0000000000000000e+00
1.8937500000000000e+01	0.0000000000000000e+00	9.9441352076169620e-01	1.0555448700455689e-01	0.0000000000000000e+00
1.8962500000000002e+01	0.0000000000000000e+00	9.9664996736719980e-01	8.1785344331535448e-02	0.0000000000000000e+00
1.8987500000000001e+01	0.0000000000000000e+00	9.9834775712057633e-01	5.7460907169863178e-02	0.0000000000000000e+00
1.9012499999999999e+01	0.0000000000000000e+00	9.9946369512059741e-01	3.2746330120352850e-02	0.0000000000000000e+00
1.9037500000000001e+01	0.0000000000000000e+00	9.9996950604069657e-01	7.8094167000905615e-03	0.0000000000000000e+00
1.9062500000000000e+01	0.0000000000000000e+00	9.9985240397444741e-01	1.7180519985997449e-02	0.0000000000000000e+00
1.9087500000000002e+01	0.0000000000000000e+00	9.9911534736092977e-01	4.2053806823162586e-02	0.0000000000000000e+00
1.9112500000000001e+01	0.0000000000000000e+00	9.9777698015145055e-01	6.6641562709195176e-02	0.0000000000000000e+00
1.9137499999999999e+01	0.0000000000000000e+00	9.9587125893668416e-01	9.0776845199291661e-02	0.0000000000000000e+00
1.9162500000000001e+01	0.0000000000000000e+00	9.9344676443331281e-01	1.1429578398810186e-01	0.0000000000000000e+00
1.9187500000000000e+01	0.0000000000000000e+00	9.9056569518393967e-01	1.3703869353300091e-01	0.0000000000000000e+00
1.9212500000000002e+01	0.0000000000000000e+00	9.8730254220086000e-01	1.5885115726425508e-01	0.0000000000000000e+00
1.9237500000000001e+01	0.0000000000000000e+00	9.8374244620791185e-01	1.7958507602066551e-01	0.0000000000000000e+00
1.9262500000000003e+01	0.0000000000000000e+00	9.7997924466590935e-01	1.9909967359217068e-01	0.0000000000000000e+00
1.9287500000000001e+01	0.0000000000000000e+00	9.7611322433202374e-01	2.1726245254211782e-01	0.0000000000000000e+00
1.9312500000000000e+01	0.0000000000000000e+00	9.7224860689142911e-01	2.3395009381949691e-01	0.0000000000000000e+00
1.9337500000000002e+01	0.0000000000000000e+00	9.6849081004010540e-01	2.4904929405307871e-01	0.0000000000000000e+00
1.9362500000000001e+01	0.0000000000000000e+00	9.6494354363603396e-01	2.6245753484251572e-01	0.0000000000000000e+00
1.9387500000000003e+01	0.0000000000000000e+00	9.6170581894178120e-01	2.7408377882318297e-01	0.0000000000000000e+00
1.9412500000000001e+01	0.0000000000000000e+00	9.5886896673511568e-01	2.8384908777871742e-01	0.0000000000000000e+00
1.9437500000000000e+01	0.0000000000000000e+00	9.5651377486459799e-01	2.9168715860448224e-01	0.0000000000000000e+00
1.9462500000000002e+01	0.0000000000000000e+00	9.5470786514695738e-01	2.9754477348294800e-01	0.0000000000000000e+00
1.9487500000000001e+01	0.0000000000000000e+00	9.5350343098605828e-01	3.0138216121445499e-01	0.0000000000000000e+00
1.9512500000000003e+01	0.0000000000000000e+00	9.5293544903388672e-01	3.0317326725004301e-01	0.0000000000000000e+00
1.9537500000000001e+01	0.0000000000000000e+00	9.5302046001758001e-01	3.0290593059291876e-01	0.0000000000000000e+00
1.9562500000000000e+01	0.0000000000000000e+00	9.5375598634826575e-01	3.0058196636746093e-01	0.0000000000000000e+00
1.9587500000000002e+01	0.0000000000000000e+00	9.5512061959509376e-01	2.9621715349514693e-01	0.0000000000000000e+00
1.9612500000000001e+01	0.0000000000000000e+00	9.5707477282321407e-01	2.8984112756107833e-01	0.0000000000000000e+00
1.9637500000000003e+01	0.0000000000000000e+00	9.5956205525154703e-01	2.8149717959850340e-01	0.0000000000000000e+00
1.9662500000000001e+01	0.0000000000000000e+00	9.6251119368318139e-01	2.7124196215752233e-01	0.0000000000000000e+00
1.9687500000000000e+01	0.0000000000000000e+00	9.6583839990679921e-01	2.5914510465366725e-01	0.0000000000000000e+00
1.9712500000000002e+01	0.0000000000000000e+00	9.6945006768343889e-01	2.4528874060800829e-01	0.0000000000000000e+00
1.9737500000000001e+01	0.0000000000000000e+00	9.7324567745939372e-01	2.2976694998866420e-01	0.0000000000000000e+00
1.9762500000000003e+01	0.0000000000000000e+00	9.7712079066198332e-01	2.1268512044002733e-01	0.0000000000000000e+00
1.9787500000000001e+01	0.0000000000000000e+00	9.8097002641869180e-01	1.9415923173673769e-01	0.0000000000000000e+00
1.9812500000000000e+01	0.0000000000000000e+00	9.8468992934671196e-01	1.7431506832071914e-01	0.0000000000000000e+00
1.9837500000000002e+01	0.0000000000000000e+00	9.8818165518781087e-01	1.5328736526788131e-01	0.0000000000000000e+00
1.9862500000000001e+01	0.0000000000000000e+00	9.9135341931803866e-01	1.3121889348308088e-01	0.0000000000000000e+00
1.9887500000000003e+01	0.0000000000000000e+00	9.9412266987177889e-01	1.0825949033455544e-01	0.0000000000000000e+00
1.9912500000000001e+01	0.0000000000000000e+00	9.9641796130925209e-01	8.4565042309490357e-02	0.0000000000000000e+00
1.9937500000000000e+01	0.0000000000000000e+00	9.9818051520753914e-01	6.0296426598138775e-02	0.0000000000000000e+00
1.9962500000000002e+01	0.0000000000000000e+00	9.9936546280287075e-01	3.5618418792776337e-02	0.0000000000000000e+00
1.9987500000000001e+01	0.0000000000000000e+00	9.9994276861845399e-01	1.0698574117840908e-02	0.0000000000000000e+00
