0.0000000000000000e+00	1.6794246104143051e-03	2.6534669242284459e-01	5.5740467558660649e-07
5.0000000000000001e-03	5.0360553500703557e-03	2.6522940878997342e-01	5.0122341792576975e-06
1.0000000000000000e-02	8.3897052209728137e-03	2.6499411319824229e-01	1.3910583013208825e-05
1.4999999999999999e-02	1.1740346792301846e-02	2.6475736093585300e-01	2.7240565756561638e-05
2.0000000000000000e-02	1.5087952681521155e-02	2.6451915197200770e-01	4.4990209897149311e-05
2.5000000000000001e-02	1.8432495554931046e-02	2.6427948628896375e-01	6.7147456047729880e-05
2.9999999999999999e-02	2.1773948128217074e-02	2.6403836388196444e-01	9.3700158164850426e-05
3.5000000000000003e-02	2.5112283166996176e-02	2.6379578475944715e-01	1.2463608377036005e-04
4.0000000000000001e-02	2.8447473487365382e-02	2.6355174894300765e-01	1.5994291417562571e-04
4.4999999999999998e-02	3.1779491956441717e-02	2.6330625646733397e-01	1.9960824470835288e-04
5.0000000000000003e-02	3.5108311492903950e-02	2.6305930738030697e-01	2.4361958494209629e-04
5.5000000000000000e-02	3.8433905067529660e-02	2.6281090174287924e-01	2.9196435892840162e-04
5.9999999999999998e-02	4.1756245703728469e-02	2.6256103962926847e-01	3.4462990543156772e-04
6.5000000000000002e-02	4.5075306478078586e-02	2.6230972112695544e-01	4.0160347816614372e-04
7.0000000000000007e-02	4.8391060520854436e-02	2.6205694633654558e-01	4.6287224603697765e-04
7.4999999999999997e-02	5.1703481016554149e-02	2.6180271537180383e-01	5.2842329338193656e-04
8.0000000000000002e-02	5.5012541204422456e-02	2.6154702835982829e-01	5.9824362021722018e-04
8.5000000000000006e-02	5.8318214378976919e-02	2.6128988544098020e-01	6.7232014248543091e-04
8.9999999999999997e-02	6.1620473890523379e-02	2.6103128676886733e-01	7.5063969230610827e-04
9.5000000000000001e-02	6.4919293145675988e-02	2.6077123251030987e-01	8.3318901822904568e-04
1.0000000000000001e-01	6.8214645607866012e-02	2.6050972284542473e-01	9.1995478549002649e-04
1.0500000000000000e-01	7.1506504797858167e-02	2.6024675796774921e-01	1.0109235762694299e-03
1.1000000000000000e-01	7.4794844294256674e-02	2.5998233808404964e-01	1.1060818899532691e-03
1.1500000000000000e-01	7.8079637734010818e-02	2.5971646341435650e-01	1.2054161433968961e-03
1.2000000000000000e-01	8.1360858812915909e-02	2.5944913419210242e-01	1.3089126711912547e-03
1.2500000000000000e-01	8.4638481286116354e-02	2.5918035066410466e-01	1.4165577259318892e-03
1.3000000000000000e-01	8.7912478968600119e-02	2.5891011309051409e-01	1.5283374784903793e-03
1.3500000000000001e-01	9.1182825735694376e-02	2.5863842174479679e-01	1.6442380182884963e-03
1.4000000000000001e-01	9.4449495523553362e-02	2.5836527691382238e-01	1.7642453535747806e-03
1.4499999999999999e-01	9.7712462329650113e-02	2.5809067889793091e-01	1.8883454117039448e-03
1.4999999999999999e-01	1.0097170021325977e-01	2.5781462801081140e-01	2.0165240394186658e-03
1.5500000000000000e-01	1.0422718329594192e-01	2.5753712457950961e-01	2.1487670031340258e-03
1.6000000000000000e-01	1.0747888576201790e-01	2.5725816894458914e-01	2.2850599892244366e-03
1.6500000000000001e-01	1.1072678185905080e-01	2.5697776146003398e-01	2.4253886043133729e-03
1.7000000000000001e-01	1.1397084589831384e-01	2.5669590249323632e-01	2.5697383755653100e-03
1.7500000000000002e-01	1.1721105225526376e-01	2.5641259242503395e-01	2.7180947509805589e-03
1.7999999999999999e-01	1.2044737537000362e-01	2.5612783164979464e-01	2.8704430996923207e-03
1.8500000000000000e-01	1.2367978974775176e-01	2.5584162057534166e-01	3.0267687122667204e-03
1.9000000000000000e-01	1.2690826995929622e-01	2.5555395962293104e-01	3.1870568010048382e-03
1.9500000000000001e-01	1.3013279064145658e-01	2.5526484922736270e-01	3.3512925002477881e-03
2.0000000000000001e-01	1.3335332649753442e-01	2.5497428983691056e-01	3.5194608666839250e-03
2.0500000000000002e-01	1.3656985229776691e-01	2.5468228191341918e-01	3.6915468796588852e-03
2.0999999999999999e-01	1.3978234287977284e-01	2.5438882593220891e-01	3.8675354414879470e-03
2.1500000000000000e-01	1.4299077314899708e-01	2.5409392238209150e-01	4.0474113777709654e-03
2.2000000000000000e-01	1.4619511807915039e-01	2.5379757176544843e-01	4.2311594377097530e-03
2.2500000000000001e-01	1.4939535271264892e-01	2.5349977459827666e-01	4.4187642944281151e-03
2.3000000000000001e-01	1.5259145216104827e-01	2.5320053141009663e-01	4.6102105452942863e-03
2.3500000000000001e-01	1.5578339160547389e-01	2.5289984274386451e-01	4.8054827122458108e-03
2.3999999999999999e-01	1.5897114629704595e-01	2.5259770915623747e-01	5.0045652421167814e-03
2.4500000000000000e-01	1.6215469155730944e-01	2.5229413121747857e-01	5.2074425069680774e-03
2.5000000000000000e-01	1.6533400277864968e-01	2.5198910951132480e-01	5.4140988044193948e-03
2.5500000000000000e-01	1.6850905542471209e-01	2.5168264463516182e-01	5.6245183579841877e-03
2.6000000000000001e-01	1.7167982503081500e-01	2.5137473719997971e-01	5.8386853174068835e-03
2.6500000000000001e-01	1.7484628720436121e-01	2.5106538783038534e-01	6.0565837590026506e-03
2.7000000000000002e-01	1.7800841762524397e-01	2.5075459716456061e-01	6.2781976859995030e-03
2.7500000000000002e-01	1.8116619204625031e-01	2.5044236585431290e-01	6.5035110288828709e-03
2.8000000000000003e-01	1.8431958629346126e-01	2.5012869456509790e-01	6.7325076457426395e-03
2.8500000000000003e-01	1.8746857626664823e-01	2.4981358397601350e-01	6.9651713226225910e-03
2.8999999999999998e-01	1.9061313793966597e-01	2.4949703477978838e-01	7.2014857738722628e-03
2.9499999999999998e-01	1.9375324736084154e-01	2.4917904768272614e-01	7.4414346425011784e-03
2.9999999999999999e-01	1.9688888065335819e-01	2.4885962340486581e-01	7.6850015005353834e-03
3.0499999999999999e-01	2.0002001401564121e-01	2.4853876267989133e-01	7.9321698493767679e-03
3.1000000000000000e-01	2.0314662372173223e-01	2.4821646625512550e-01	8.1829231201641858e-03
3.1500000000000000e-01	2.0626868612166735e-01	2.4789273489155705e-01	8.4372446741375236e-03
3.2000000000000001e-01	2.0938617764184472e-01	2.4756756936379368e-01	8.6951178030035894e-03
3.2500000000000001e-01	2.1249907478539404e-01	2.4724097046023846e-01	8.9565257293048248e-03
3.3000000000000002e-01	2.1560735413254106e-01	2.4691293898291680e-01	9.2214516067902364e-03
3.3500000000000002e-01	2.1871099234096517e-01	2.4658347574745754e-01	9.4898785207884473e-03
3.4000000000000002e-01	2.2180996614615592e-01	2.4625258158328830e-01	9.7617894885832588e-03
3.4500000000000003e-01	2.2490425236176798e-01	2.4592025733351383e-01	1.0037167459791762e-02
3.5000000000000003e-01	2.2799382787996680e-01	2.4558650385490369e-01	1.0315995316744283e-02
3.5499999999999998e-01	2.3107866967177584e-01	2.4525132201789254e-01	1.0598255874867088e-02
3.5999999999999999e-01	2.3415875478741449e-01	2.4491471270664242e-01	1.0883931883066926e-02
3.6499999999999999e-01	2.3723406035663908e-01	2.4457667681910439e-01	1.1173006024118462e-02
3.7000000000000000e-01	2.4030456358907484e-01	2.4423721526687686e-01	1.1465460915053533e-02
3.7500000000000000e-01	2.4337024177454539e-01	2.4389632897522864e-01	1.1761279107552817e-02
3.8000000000000000e-01	2.4643107228339770e-01	2.4355401888315290e-01	1.2060443088339657e-02
3.8500000000000001e-01	2.4948703256682506e-01	2.4321028594342606e-01	1.2362935279576380e-02
3.9000000000000001e-01	2.5253810015718570e-01	2.4286513112253896e-01	1.2668738039262783e-02
3.9500000000000002e-01	2.5558425266831630e-01	2.4251855540062109e-01	1.2977833661636743e-02
4.0000000000000002e-01	2.5862546779584072e-01	2.4217055977157545e-01	1.3290204377576983e-02
4.0500000000000003e-01	2.6166172331747906e-01	2.4182114524305889e-01	1.3605832355008476e-02
4.1000000000000003e-01	2.6469299709334809e-01	2.4147031283645032e-01	1.3924699699309576e-02
4.1500000000000004e-01	2.6771926706626142e-01	2.4111806358682203e-01	1.4246788453721753e-02
4.1999999999999998e-01	2.7074051126202148e-01	2.4076439854292664e-01	1.4572080599761051e-02
4.2499999999999999e-01	2.7375670778971134e-01	2.4040931876740121e-01	1.4900558057632131e-02
4.2999999999999999e-01	2.7676783484198370e-01	2.4005282533652800e-01	1.5232202686644642e-02
4.3500000000000000e-01	2.7977387069533888e-01	2.3969491934024534e-01	1.5566996285630963e-02
4.4000000000000000e-01	2.8277479371040593e-01	2.3933560188235423e-01	1.5904920593366890e-02
4.4500000000000001e-01	2.8577058233221792e-01	2.3897487408033782e-01	1.6245957288994251e-02
4.5000000000000001e-01	2.8876121509048036e-01	2.3861273706541042e-01	1.6590087992445369e-02
4.5500000000000002e-01	2.9174667059983966e-01	2.3824919198251465e-01	1.6937294264870062e-02
4.6000000000000002e-01	2.9472692756014357e-01	2.3788423999034167e-01	1.7287557609064339e-02
4.6500000000000002e-01	2.9770196475670174e-01	2.3751788226130882e-01	1.7640859469901654e-02
4.7000000000000003e-01	3.0067176106053761e-01	2.3715011998157101e-01	1.7997181234765736e-02
4.7500000000000003e-01	3.0363629542864146e-01	2.3678095435100285e-01	1.8356504233986066e-02
4.7999999999999998e-01	3.0659554690421315e-01	2.3641038658318778e-01	1.8718809741274777e-02
4.8499999999999999e-01	3.0954949461690701e-01	2.3603841790553007e-01	1.9084078974166242e-02
4.8999999999999999e-01	3.1249811778306941e-01	2.3566504955909659e-01	1.9452293094458416e-02
4.9500000000000000e-01	3.1544139570597113e-01	2.3529028279865014e-01	1.9823433208656045e-02
5.0000000000000000e-01	3.1837930777603779e-01	2.3491411889270816e-01	2.0197480368416145e-02
5.0500000000000000e-01	3.2131183347107545e-01	2.3453655912356736e-01	2.0574415570995472e-02
5.1000000000000001e-01	3.2423895235649353e-01	2.3415760478718706e-01	2.0954219759700080e-02
5.1500000000000001e-01	3.2716064408551904e-01	2.3377725719321801e-01	2.1336873824336411e-02
5.2000000000000002e-01	3.3007688839941196e-01	2.3339551766511402e-01	2.1722358601664965e-02
5.2500000000000002e-01	3.3298766512767441e-01	2.3301238753996098e-01	2.2110654875855659e-02
5.3000000000000003e-01	3.3589295418825321e-01	2.3262786816861078e-01	2.2501743378944904e-02
5.3500000000000003e-01	3.3879273558774398e-01	2.3224196091560642e-01	2.2895604791295310e-02
5.4000000000000004e-01	3.4168698942158371e-01	2.3185466715916256e-01	2.3292219742056385e-02
5.4500000000000004e-01	3.4457569587424636e-01	2.3146598829127499e-01	2.3691568809628073e-02
5.5000000000000004e-01	3.4745883521942950e-01	2.3107592571754987e-01	2.4093632522125635e-02
5.5500000000000005e-01	3.5033638782023729e-01	2.3068448085734791e-01	2.4498391357846431e-02
5.6000000000000005e-01	3.5320833412936276e-01	2.3029165514368852e-01	2.4905825745739109e-02
5.6500000000000006e-01	3.5607465468925992e-01	2.2989745002326900e-01	2.5315916065873828e-02
5.7000000000000006e-01	3.5893533013231810e-01	2.2950186695652416e-01	2.5728642649915218e-02
5.7500000000000007e-01	3.6179034118102738e-01	2.2910490741753831e-01	2.6143985781596581e-02
5.7999999999999996e-01	3.6463966864814235e-01	2.2870657289399943e-01	2.6561925697196266e-02
5.8499999999999996e-01	3.6748329343683811e-01	2.2830686488735019e-01	2.6982442586015291e-02
5.8999999999999997e-01	3.7032119654086931e-01	2.2790578491272478e-01	2.7405516590857999e-02
5.9499999999999997e-01	3.7315335904471642e-01	2.2750333449881691e-01	2.7831127808513056e-02
5.9999999999999998e-01	3.7597976212373313e-01	2.2709951518798521e-01	2.8259256290237206e-02
6.0499999999999998e-01	3.7880038704428665e-01	2.2669432853627317e-01	2.8689882042240263e-02
6.0999999999999999e-01	3.8161521516389779e-01	2.2628777611339124e-01	2.9122985026172481e-02
6.1499999999999999e-01	3.8442422793137199e-01	2.2587985950266007e-01	2.9558545159613009e-02
6.2000000000000000e-01	3.8722740688692964e-01	2.2547058030096445e-01	2.9996542316560553e-02
6.2500000000000000e-01	3.9002473366232798e-01	2.2505994011887365e-01	3.0436956327925122e-02
6.3000000000000000e-01	3.9281618998098605e-01	2.2464794058061768e-01	3.0879766982022640e-02
6.3500000000000001e-01	3.9560175765809724e-01	2.2423458332393345e-01	3.1324954025069983e-02
6.4000000000000001e-01	3.9838141860074233e-01	2.2381987000020534e-01	3.1772497161682442e-02
6.4500000000000002e-01	4.0115515480799746e-01	2.2340380227442339e-01	3.2222376055372627e-02
6.5000000000000002e-01	4.0392294837103737e-01	2.2298638182515707e-01	3.2674570329051168e-02
6.5500000000000003e-01	4.0668478147323467e-01	2.2256761034453978e-01	3.3129059565528828e-02
6.6000000000000003e-01	4.0944063639025419e-01	2.2214748953830205e-01	3.3585823308020395e-02
6.6500000000000004e-01	4.1219049549014491e-01	2.2172602112570972e-01	3.4044841060650269e-02
6.7000000000000004e-01	4.1493434123342454e-01	2.2130320683964105e-01	3.4506092288959317e-02
6.7500000000000004e-01	4.1767215617316467e-01	2.2087904842645495e-01	3.4969556420413973e-02
6.8000000000000005e-01	4.2040392295506429e-01	2.2045354764601496e-01	3.5435212844915756e-02
6.8500000000000005e-01	4.2312962431752682e-01	2.2002670627186302e-01	3.5903040915313662e-02
6.9000000000000006e-01	4.2584924309172989e-01	2.1959852609096442e-01	3.6373019947917494e-02
6.9500000000000006e-01	4.2856276220168776e-01	2.1916900890376526e-01	3.6845129223012321e-02
7.0000000000000007e-01	4.3127016466431417e-01	2.1873815652426903e-01	3.7319347985375152e-02
7.0499999999999996e-01	4.3397143358947848e-01	2.1830597077996203e-01	3.7795655444792721e-02
7.0999999999999996e-01	4.3666655218005834e-01	2.1787245351180470e-01	3.8274030776580918e-02
7.1499999999999997e-01	4.3935550373198734e-01	2.1743760657426880e-01	3.8754453122105528e-02
7.1999999999999997e-01	4.4203827163430059e-01	2.1700143183524101e-01	3.9236901589304769e-02
7.2499999999999998e-01	4.4471483936917172e-01	2.1656393117605119e-01	3.9721355253212583e-02
7.2999999999999998e-01	4.4738519051195058e-01	2.1612510649154293e-01	4.0207793156484199e-02
7.3499999999999999e-01	4.5004930873119420e-01	2.1568495968994383e-01	4.0696194309922620e-02
7.3999999999999999e-01	4.5270717778869318e-01	2.1524349269289642e-01	4.1186537693006467e-02
7.4500000000000000e-01	4.5535878153949488e-01	2.1480070743549523e-01	4.1678802254419459e-02
7.5000000000000000e-01	4.5800410393192270e-01	2.1435660586618827e-01	4.2172966912581197e-02
7.5500000000000000e-01	4.6064312900758880e-01	2.1391118994683175e-01	4.2669010556178978e-02
7.6000000000000001e-01	4.6327584090140661e-01	2.1346446165268584e-01	4.3166912044701577e-02
7.6500000000000001e-01	4.6590222384159535e-01	2.1301642297232451e-01	4.3666650208973742e-02
7.7000000000000002e-01	4.6852226214968190e-01	2.1256707590771678e-01	4.4168203851692282e-02
7.7500000000000002e-01	4.7113594024049976e-01	2.1211642247414572e-01	4.4671551747963563e-02
7.8000000000000003e-01	4.7374324262218054e-01	2.1166446470022129e-01	4.5176672645841826e-02
7.8500000000000003e-01	4.7634415389614521e-01	2.1121120462792892e-01	4.5683545266869394e-02
7.9000000000000004e-01	4.7893865875708896e-01	2.1075664431251304e-01	4.6192148306617747e-02
7.9500000000000004e-01	4.8152674199296142e-01	2.1030078582246389e-01	4.6702460435229742e-02
8.0000000000000004e-01	4.8410838848494314e-01	2.0984363123960767e-01	4.7214460297963098e-02
8.0500000000000005e-01	4.8668358320742028e-01	2.0938518265902517e-01	4.7728126515735561e-02
8.1000000000000005e-01	4.8925231122795099e-01	2.0892544218908915e-01	4.8243437685670430e-02
8.1500000000000006e-01	4.9181455770723315e-01	2.0846441195133930e-01	4.8760372381644310e-02
8.2000000000000006e-01	4.9437030789905984e-01	2.0800209408053702e-01	4.9278909154834447e-02
8.2500000000000007e-01	4.9691954715028042e-01	2.0753849072470712e-01	4.9799026534269063e-02
8.3000000000000007e-01	4.9946226090074919e-01	2.0707360404507211e-01	5.0320703027377262e-02
8.3499999999999996e-01	5.0199843468327709e-01	2.0660743621601246e-01	5.0843917120541315e-02
8.3999999999999997e-01	5.0452805412357160e-01	2.0613998942501865e-01	5.1368647279648648e-02
8.4499999999999997e-01	5.0705110494017958e-01	2.0567126587280288e-01	5.1894871950646099e-02
8.4999999999999998e-01	5.0956757294442157e-01	2.0520126777325950e-01	5.2422569560094674e-02
8.5499999999999998e-01	5.1207744404032662e-01	2.0472999735330724e-01	5.2951718515725825e-02
8.5999999999999999e-01	5.1458070422455493e-01	2.0425745685298560e-01	5.3482297206997473e-02
8.6499999999999999e-01	5.1707733958632673e-01	2.0378364852549441e-01	5.4014284005652918e-02
8.7000000000000000e-01	5.1956733630733909e-01	2.0330857463703139e-01	5.4547657266279158e-02
8.7500000000000000e-01	5.2205068066168270e-01	2.0283223746690204e-01	5.5082395326867012e-02
8.8000000000000000e-01	5.2452735901575376e-01	2.0235463930745362e-01	5.5618476509371989e-02
8.8500000000000001e-01	5.2699735782816137e-01	2.0187578246401369e-01	5.6155879120276073e-02
8.9000000000000001e-01	5.2946066364963129e-01	2.0139566925500008e-01	5.6694581451150201e-02
8.9500000000000002e-01	5.3191726312290755e-01	2.0091430201174498e-01	5.7234561779218603e-02
9.0000000000000002e-01	5.3436714298264454e-01	2.0043168307858319e-01	5.7775798367922189e-02
9.0500000000000003e-01	5.3681029005530401e-01	1.9994781481284285e-01	5.8318269467485188e-02
9.1000000000000003e-01	5.3924669125903879e-01	1.9946269958476678e-01	5.8861953315480400e-02
9.1500000000000004e-01	5.4167633360358058e-01	1.9897633977756932e-01	5.9406828137397116e-02
9.2000000000000004e-01	5.4409920419011804e-01	1.9848873778724782e-01	5.9952872147208465e-02
9.2500000000000004e-01	5.4651529021117240e-01	1.9799989602280196e-01	6.0500063547940082e-02
9.3000000000000005e-01	5.4892457895047364e-01	1.9750981690612837e-01	6.1048380532240265e-02
9.3500000000000005e-01	5.5132705778282642e-01	1.9701850287188916e-01	6.1597801282949789e-02
9.4000000000000006e-01	5.5372271417397534e-01	1.9652595636760381e-01	6.2148303973672971e-02
9.4500000000000006e-01	5.5611153568046656e-01	1.9603217985364510e-01	6.2699866769349508e-02
9.5000000000000007e-01	5.5849350994950553e-01	1.9553717580318178e-01	6.3252467826827211e-02
9.5500000000000007e-01	5.6086862471881005e-01	1.9504094670210415e-01	6.3806085295434939e-02
9.5999999999999996e-01	5.6323686781645876e-01	1.9454349504914686e-01	6.4360697317556462e-02
9.6499999999999997e-01	5.6559822716074093e-01	1.9404482335571777e-01	6.4916282029205602e-02
9.6999999999999997e-01	5.6795269075999333e-01	1.9354493414596374e-01	6.5472817560600444e-02
9.7499999999999998e-01	5.7030024671244417e-01	1.9304382995680150e-01	6.6030282036740315e-02
9.7999999999999998e-01	5.7264088320604478e-01	1.9254151333771555e-01	6.6588653577981577e-02
9.8499999999999999e-01	5.7497458851830119e-01	1.9203798685093387e-01	6.7147910300614705e-02
9.8999999999999999e-01	5.7730135101610280e-01	1.9153325307132257e-01	6.7708030317442436e-02
9.9500000000000000e-01	5.7962115915554535e-01	1.9102731458631569e-01	6.8268991738357487e-02
1.0000000000000000e+00	5.8193400148175090e-01	1.9052017399598531e-01	6.8830772670921497e-02
1.0050000000000001e+00	5.8423986662868521e-01	1.9001183391302851e-01	6.9393351220944421e-02
1.0100000000000000e+00	5.8653874331897138e-01	1.8950229696263998e-01	6.9956705493064486e-02
1.0150000000000001e+00	5.8883062036369749e-01	1.8899156578255610e-01	7.0520813591328030e-02
1.0200000000000000e+00	5.9111548666222391e-01	1.8847964302307668e-01	7.1085653619770761e-02
1.0249999999999999e+00	5.9339333120198545e-01	1.8796653134693342e-01	7.1651203682998849e-02
1.0300000000000000e+00	5.9566414305828941e-01	1.8745223342941275e-01	7.2217441886770345e-02
1.0349999999999999e+00	5.9792791139411328e-01	1.8693675195817588e-01	7.2784346338578054e-02
1.0400000000000000e+00	6.0018462545989226e-01	1.8642008963334672e-01	7.3351895148230858e-02
1.0449999999999999e+00	6.0243427459331322e-01	1.8590224916749845e-01	7.3920066428437972e-02
1.0500000000000000e+00	6.0467684821909484e-01	1.8538323328552211e-01	7.4488838295391144e-02
1.0549999999999999e+00	6.0691233584877247e-01	1.8486304472468795e-01	7.5058188869348966e-02
1.0600000000000001e+00	6.0914072708047362e-01	1.8434168623465413e-01	7.5628096275220227e-02
1.0649999999999999e+00	6.1136201159869619e-01	1.8381916057738790e-01	7.6198538643149044e-02
1.0700000000000001e+00	6.1357617917407636e-01	1.8329547052704695e-01	7.6769494109098571e-02
1.0750000000000000e+00	6.1578321966315797e-01	1.8277061887021212e-01	7.7340940815436132e-02
1.0800000000000001e+00	6.1798312300815939e-01	1.8224460840563270e-01	7.7912856911518891e-02
1.0850000000000000e+00	6.2017587923673101e-01	1.8171744194427500e-01	7.8485220554278201e-02
1.0900000000000001e+00	6.2236147846171774e-01	1.8118912230933518e-01	7.9058009908806209e-02
1.0950000000000000e+00	6.2453991088090988e-01	1.8065965233615175e-01	7.9631203148940691e-02
1.1000000000000001e+00	6.2671116677679839e-01	1.8012903487229753e-01	8.0204778457851844e-02
1.1050000000000000e+00	6.2887523651632204e-01	1.7959727277737353e-01	8.0778714028628185e-02
1.1100000000000001e+00	6.3103211055061170e-01	1.7906436892312305e-01	8.1352988064862367e-02
1.1150000000000000e+00	6.3318177941473441e-01	1.7853032619337447e-01	8.1927578781238353e-02
1.1200000000000001e+00	6.3532423372743085e-01	1.7799514748402825e-01	8.2502464404117307e-02
1.1250000000000000e+00	6.3745946419085353e-01	1.7745883570300869e-01	8.3077623172125040e-02
1.1300000000000001e+00	6.3958746159029722e-01	1.7692139377017158e-01	8.3653033336737834e-02
1.1350000000000000e+00	6.4170821679392975e-01	1.7638282461744481e-01	8.4228673162869680e-02
1.1400000000000001e+00	6.4382172075251953e-01	1.7584313118869657e-01	8.4804520929459254e-02
1.1450000000000000e+00	6.4592796449915868e-01	1.7530231643964783e-01	8.5380554930056557e-02
1.1500000000000001e+00	6.4802693914898302e-01	1.7476038333798169e-01	8.5956753473409489e-02
1.1550000000000000e+00	6.5011863589889152e-01	1.7421733486329105e-01	8.6533094884051281e-02
1.1599999999999999e+00	6.5220304602726065e-01	1.7367317400693361e-01	8.7109557502887097e-02
1.1650000000000000e+00	6.5428016089365515e-01	1.7312790377214166e-01	8.7686119687780326e-02
1.1699999999999999e+00	6.5634997193853928e-01	1.7258152717392106e-01	8.8262759814140071e-02
1.1750000000000000e+00	6.5841247068298037e-01	1.7203404723904261e-01	8.8839456275506878e-02
1.1799999999999999e+00	6.6046764872835495e-01	1.7148546700606820e-01	8.9416187484140014e-02
1.1850000000000001e+00	6.6251549775604757e-01	1.7093578952522373e-01	8.9992931871603413e-02
1.1899999999999999e+00	6.6455600952714944e-01	1.7038501785840773e-01	9.0569667889351960e-02
1.1950000000000001e+00	6.6658917588215183e-01	1.6983315507922220e-01	9.1146374009317355e-02
1.2000000000000000e+00	6.6861498874064129e-01	1.6928020427290233e-01	9.1723028724494546e-02
1.2050000000000001e+00	6.7063344010098647e-01	1.6872616853625505e-01	9.2299610549526873e-02
1.2100000000000000e+00	6.7264452204002667e-01	1.6817105097768104e-01	9.2876098021291792e-02
1.2150000000000001e+00	6.7464822671275526e-01	1.6761485471712642e-01	9.3452469699485979e-02
1.2200000000000000e+00	6.7664454635200166e-01	1.6705758288603445e-01	9.4028704167210403e-02
1.2250000000000001e+00	6.7863347326810985e-01	1.6649923862738072e-01	9.4604780031554758e-02
1.2300000000000000e+00	6.8061499984861640e-01	1.6593982509558092e-01	9.5180675924182431e-02
1.2350000000000001e+00	6.8258911855792181e-01	1.6537934545648642e-01	9.5756370501913893e-02
1.2400000000000000e+00	6.8455582193696496e-01	1.6481780288736686e-01	9.6331842447311120e-02
1.2450000000000001e+00	6.8651510260288917e-01	1.6425520057681348e-01	9.6907070469260420e-02
1.2500000000000000e+00	6.8846695324871032e-01	1.6369154172480935e-01	9.7482033303555829e-02
1.2550000000000001e+00	6.9041136664298020e-01	1.6312682954265048e-01	9.8056709713481627e-02
1.2600000000000000e+00	6.9234833562944875e-01	1.6256106725292374e-01	9.8631078490394639e-02
1.2650000000000001e+00	6.9427785312672285e-01	1.6199425808944548e-01	9.9205118454306226e-02
1.2700000000000000e+00	6.9619991212792298e-01	1.6142640529728355e-01	9.9778808454463241e-02
1.2750000000000001e+00	6.9811450570033884e-01	1.6085751213268254e-01	1.0035212736992946e-01
1.2800000000000000e+00	7.0002162698507964e-01	1.6028758186306394e-01	1.0092505411016554e-01
1.2849999999999999e+00	7.0192126919672693e-01	1.5971661776697782e-01	1.0149756761560945e-01
1.2900000000000000e+00	7.0381342562297955e-01	1.5914462313406758e-01	1.0206964685825534e-01
1.2949999999999999e+00	7.0569808962430125e-01	1.5857160126510095e-01	1.0264127084223303e-01
1.3000000000000000e+00	7.0757525463356385e-01	1.5799755547179856e-01	1.0321241860438599e-01
1.3049999999999999e+00	7.0944491415568656e-01	1.5742248907694820e-01	1.0378306921484887e-01
1.3100000000000001e+00	7.1130706176727831e-01	1.5684640541434783e-01	1.0435320177762532e-01
1.3149999999999999e+00	7.1316169111627292e-01	1.5626930782868248e-01	1.0492279543116409e-01
1.3200000000000001e+00	7.1500879592156408e-01	1.5569119967555078e-01	1.0549182934893504e-01
1.3250000000000000e+00	7.1684836997263868e-01	1.5511208432150003e-01	1.0606028274000427e-01
1.3300000000000001e+00	7.1868040712920933e-01	1.5453196514385936e-01	1.0662813484960937e-01
1.3350000000000000e+00	7.2050490132084022e-01	1.5395084553079688e-01	1.0719536495973220e-01
1.3400000000000001e+00	7.2232184654657761e-01	1.5336872888133279e-01	1.0776195238967338e-01
1.3450000000000000e+00	7.2413123687457370e-01	1.5278561860512435e-01	1.0832787649662405e-01
1.3500000000000001e+00	7.2593306644170885e-01	1.5220151812259755e-01	1.0889311667623751e-01
1.3550000000000000e+00	7.2772732945321483e-01	1.5161643086493840e-01	1.0945765236320062e-01
1.3600000000000001e+00	7.2951402018229516e-01	1.5103036027393033e-01	1.1002146303180418e-01
1.3650000000000000e+00	7.3129313296974086e-01	1.5044330980191500e-01	1.1058452819651178e-01
1.3700000000000001e+00	7.3306466222354760e-01	1.4985528291190189e-01	1.1114682741252846e-01
1.3750000000000000e+00	7.3482860241853110e-01	1.4926628307750228e-01	1.1170834027636899e-01
1.3800000000000001e+00	7.3658494809594033e-01	1.4867631378273213e-01	1.1226904642642468e-01
1.3850000000000000e+00	7.3833369386306580e-01	1.4808537852215659e-01	1.1282892554352865e-01
1.3900000000000001e+00	7.4007483439285315e-01	1.4749348080082877e-01	1.1338795735152221e-01
1.3950000000000000e+00	7.4180836442350828e-01	1.4690062413411409e-01	1.1394612161781809e-01
1.4000000000000001e+00	7.4353427875810452e-01	1.4630681204785703e-01	1.1450339815396397e-01
1.4050000000000000e+00	7.4525257226418862e-01	1.4571204807823210e-01	1.1505976681620546e-01
1.4099999999999999e+00	7.4696323987338287e-01	1.4511633577171723e-01	1.1561520750604658e-01
1.4150000000000000e+00	7.4866627658098850e-01	1.4451967868508089e-01	1.1616970017081110e-01
1.4199999999999999e+00	7.5036167744558468e-01	1.4392208038532917e-01	1.1672322480420111e-01
1.4250000000000000e+00	7.5204943758862963e-01	1.4332354444970161e-01	1.1727576144685618e-01
1.4299999999999999e+00	7.5372955219405691e-01	1.4272407446557017e-01	1.1782729018691018e-01
1.4350000000000001e+00	7.5540201650787264e-01	1.4212367403045678e-01	1.1837779116054777e-01
1.4399999999999999e+00	7.5706682583775020e-01	1.4152234675201139e-01	1.1892724455255949e-01
1.4450000000000001e+00	7.5872397555262550e-01	1.4092009624799445e-01	1.1947563059689623e-01
1.4500000000000000e+00	7.6037346108228954e-01	1.4031692614611899e-01	1.2002292957722228e-01
1.4550000000000001e+00	7.6201527791697821e-01	1.3971284008409871e-01	1.2056912182746661e-01
1.4600000000000000e+00	7.6364942160696470e-01	1.3910784170966134e-01	1.2111418773237420e-01
1.4650000000000001e+00	7.6527588776214817e-01	1.3850193468042127e-01	1.2165810772805541e-01
1.4700000000000000e+00	7.6689467205164175e-01	1.3789512266389714e-01	1.2220086230253438e-01
1.4750000000000001e+00	7.6850577020336042e-01	1.3728740933747235e-01	1.2274243199629632e-01
1.4800000000000000e+00	7.7010917800360656e-01	1.3667879838828972e-01	1.2328279740283349e-01
1.4850000000000001e+00	7.7170489129665465e-01	1.3606929351331287e-01	1.2382193916918950e-01
1.4900000000000000e+00	7.7329290598433720e-01	1.3545889841926501e-01	1.2435983799650355e-01
1.4950000000000001e+00	7.7487321802562625e-01	1.3484761682252333e-01	1.2489647464055199e-01
1.5000000000000000e+00	7.7644582343621682e-01	1.3423545244916740e-01	1.2543182991228957e-01
1.5050000000000001e+00	7.7801071828810819e-01	1.3362240903487396e-01	1.2596588467838887e-01
1.5100000000000000e+00	7.7956789870918430e-01	1.3300849032492548e-01	1.2649861986177860e-01
1.5150000000000001e+00	7.8111736088279449e-01	1.3239370007417528e-01	1.2703001644218057e-01
1.5200000000000000e+00	7.8265910104733194e-01	1.3177804204696830e-01	1.2756005545664523e-01
1.5250000000000001e+00	7.8419311549581272e-01	1.3116152001711062e-01	1.2808871800008581e-01
1.5300000000000000e+00	7.8571940057545275e-01	1.3054413776790000e-01	1.2861598522581100e-01
1.5350000000000001e+00	7.8723795268724672e-01	1.2992589909199870e-01	1.2914183834605675e-01
1.5400000000000000e+00	7.8874876828554230e-01	1.2930680779138087e-01	1.2966625863251552e-01
1.5449999999999999e+00	7.9025184387761727e-01	1.2868686767746410e-01	1.3018922741686498e-01
1.5500000000000000e+00	7.9174717602325650e-01	1.2806608257085489e-01	1.3071072609129564e-01
1.5549999999999999e+00	7.9323476133432302e-01	1.2744445630140580e-01	1.3123073610903516e-01
1.5600000000000001e+00	7.9471459647433651e-01	1.2682199270823738e-01	1.3174923898487342e-01
1.5649999999999999e+00	7.9618667815804445e-01	1.2619869563954936e-01	1.3226621629568441e-01
1.5700000000000001e+00	7.9765100315099646e-01	1.2557456895275235e-01	1.3278164968094708e-01
1.5750000000000000e+00	7.9910756826911900e-01	1.2494961651431877e-01	1.3329552084326537e-01
1.5800000000000001e+00	8.0055637037828575e-01	1.2432384219971246e-01	1.3380781154888530e-01
1.5850000000000000e+00	8.0199740639389150e-01	1.2369724989348527e-01	1.3431850362821135e-01
1.5900000000000001e+00	8.0343067328042506e-01	1.2306984348911917e-01	1.3482757897632139e-01
1.5950000000000000e+00	8.0485616805103932e-01	1.2244162688902613e-01	1.3533501955347915e-01
1.6000000000000001e+00	8.0627388776712539e-01	1.2181260400448678e-01	1.3584080738564602e-01
1.6050000000000000e+00	8.0768382953788165e-01	1.2118277875562838e-01	1.3634492456498998e-01
1.6100000000000001e+00	8.0908599051988772e-01	1.2055215507144247e-01	1.3684735325039429e-01
1.6150000000000000e+00	8.1048036791667466e-01	1.1992073688963999e-01	1.3734807566796356e-01
1.6200000000000001e+00	8.1186695897829653e-01	1.1928852815667322e-01	1.3784707411152813e-01
1.6250000000000000e+00	8.1324576100090196e-01	1.1865553282765245e-01	1.3834433094314713e-01
1.6300000000000001e+00	8.1461677132630450e-01	1.1802175486631966e-01	1.3883982859360919e-01
1.6350000000000000e+00	8.1597998734155464e-01	1.1738719824508788e-01	1.3933354956293201e-01
1.6400000000000001e+00	8.1733540647851222e-01	1.1675186694487902e-01	1.3982547642086010e-01
1.6450000000000000e+00	8.1868302621341593e-01	1.1611576495512810e-01	1.4031559180735997e-01
1.6500000000000001e+00	8.2002284406645676e-01	1.1547889627375701e-01	1.4080387843311457e-01
1.6550000000000000e+00	8.2135485760134808e-01	1.1484126490714817e-01	1.4129031908001474e-01
1.6600000000000001e+00	8.2267906442490002e-01	1.1420287487007429e-01	1.4177489660165044e-01
1.6650000000000000e+00	8.2399546218658970e-01	1.1356373018560181e-01	1.4225759392379805e-01
1.6699999999999999e+00	8.2530404857813444e-01	1.1292383488517435e-01	1.4273839404490737e-01
1.6750000000000000e+00	8.2660482133306501e-01	1.1228319300846344e-01	1.4321728003658632e-01
1.6799999999999999e+00	8.2789777822629795e-01	1.1164180860335979e-01	1.4369423504408313e-01
1.6850000000000001e+00	8.2918291707371006e-01	1.1099968572600394e-01	1.4416924228676750e-01
1.6899999999999999e+00	8.3046023573171268e-01	1.1035682844061090e-01	1.4464228505860952e-01
1.6950000000000001e+00	8.3172973209682466e-01	1.0971324081949180e-01	1.4511334672865581e-01
1.7000000000000000e+00	8.3299140410524841e-01	1.0906892694305860e-01	1.4558241074150505e-01
1.7050000000000001e+00	8.3424524973244540e-01	1.0842389089966149e-01	1.4604946061778057e-01
1.7100000000000000e+00	8.3549126699271059e-01	1.0777813678568553e-01	1.4651447995460071e-01
1.7150000000000001e+00	8.3672945393875175e-01	1.0713166870545410e-01	1.4697745242604879e-01
1.7200000000000000e+00	8.3795980866126463e-01	1.0648449077110164e-01	1.4743836178363875e-01
1.7250000000000001e+00	8.3918232928851066e-01	1.0583660710264826e-01	1.4789719185678035e-01
1.7300000000000000e+00	8.4039701398589683e-01	1.0518802182786806e-01	1.4835392655324176e-01
1.7350000000000001e+00	8.4160386095555295e-01	1.0453873908230227e-01	1.4880854985960973e-01
1.7400000000000000e+00	8.4280286843591334e-01	1.0388876300929009e-01	1.4926104584174851e-01
1.7450000000000001e+00	8.4399403470129841e-01	1.0323809775970526e-01	1.4971139864525648e-01
1.7500000000000000e+00	8.4517735806149230e-01	1.0258674749204393e-01	1.5015959249591890e-01
1.7550000000000001e+00	8.4635283686132934e-01	1.0193471637249915e-01	1.5060561170016123e-01
1.7600000000000000e+00	8.4752046948027604e-01	1.0128200857468891e-01	1.5104944064549883e-01
1.7650000000000001e+00	8.4868025433201411e-01	1.0062862827973067e-01	1.5149106380098379e-01
1.7700000000000000e+00	8.4983218986402720e-01	9.9974579676206307e-02	1.5193046571765129e-01
1.7750000000000001e+00	8.5097627455718605e-01	9.9319866960083006e-02	1.5236763102896222e-01
1.7800000000000000e+00	8.5211250692533624e-01	9.8664494334695901e-02	1.5280254445124464e-01
1.7850000000000001e+00	8.5324088551488608e-01	9.8008466010668913e-02	1.5323519078413217e-01
1.7900000000000000e+00	8.5436140890439616e-01	9.7351786205866583e-02	1.5366555491100078e-01
1.7949999999999999e+00	8.5547407570416856e-01	9.6694459145420353e-02	1.5409362179940250e-01
1.8000000000000000e+00	8.5657888455584053e-01	9.6036489061614494e-02	1.5451937650149830e-01
1.8049999999999999e+00	8.5767583413197523e-01	9.5377880193850975e-02	1.5494280415448664e-01
1.8100000000000001e+00	8.5876492313565700e-01	9.4718636788601221e-02	1.5536388998103171e-01
1.8149999999999999e+00	8.5984615030008471e-01	9.4058763099375373e-02	1.5578261928968734e-01
1.8200000000000001e+00	8.6091951438817060e-01	9.3398263386739885e-02	1.5619897747532080e-01
1.8250000000000000e+00	8.6198501419213691e-01	9.2737141918115565e-02	1.5661295001953243e-01
1.8300000000000001e+00	8.6304264853311363e-01	9.2075402967843528e-02	1.5702452249107335e-01
1.8350000000000000e+00	8.6409241626074096e-01	9.1413050817136854e-02	1.5743368054626128e-01
1.8400000000000001e+00	8.6513431625276993e-01	9.0750089754001576e-02	1.5784040992939349e-01
1.8450000000000000e+00	8.6616834741466631e-01	9.0086524073201599e-02	1.5824469647315756e-01
1.8500000000000001e+00	8.6719450867921455e-01	8.9422358076254385e-02	1.5864652609903920e-01
1.8550000000000000e+00	8.6821279900612569e-01	8.8757596071294798e-02	1.5904588481772908e-01
1.8600000000000001e+00	8.6922321738164254e-01	8.8092242373061999e-02	1.5944275872952457e-01
1.8650000000000000e+00	8.7022576281815101e-01	8.7426301302938936e-02	1.5983713402473182e-01
1.8700000000000001e+00	8.7122043435379048e-01	8.6759777188772438e-02	1.6022899698406368e-01
1.8750000000000000e+00	8.7220723105206555e-01	8.6092674364908292e-02	1.6061833397903533e-01
1.8800000000000001e+00	8.7318615200146144e-01	8.5424997172147410e-02	1.6100513147235795e-01
1.8850000000000000e+00	8.7415719631505895e-01	8.4756749957684299e-02	1.6138937601832928e-01
1.8900000000000001e+00	8.7512036313015285e-01	8.4087937074997468e-02	1.6177105426322227e-01
1.8950000000000000e+00	8.7607565160786938e-01	8.3418562883862513e-02	1.6215015294566984e-01
1.9000000000000001e+00	8.7702306093278914e-01	8.2748631750360929e-02	1.6252665889704884e-01
1.9050000000000000e+00	8.7796259031256940e-01	8.2078148046722157e-02	1.6290055904186040e-01
1.9100000000000001e+00	8.7889423897756824e-01	8.1407116151349823e-02	1.6327184039810752e-01
1.9150000000000000e+00	8.7981800618047235e-01	8.0735540448747228e-02	1.6364049007767095e-01
1.9199999999999999e+00	8.8073389119592382e-01	8.0063425329433960e-02	1.6400649528668129e-01
1.9250000000000000e+00	8.8164189332015130e-01	7.9390775189985330e-02	1.6436984332588930e-01
1.9299999999999999e+00	8.8254201187060310e-01	7.8717594432909585e-02	1.6473052159103349e-01
1.9350000000000001e+00	8.8343424618557964e-01	7.8043887466621470e-02	1.6508851757320436e-01
1.9399999999999999e+00	8.8431859562387138e-01	7.7369658705411654e-02	1.6544381885920703e-01
1.9450000000000001e+00	8.8519505956439604e-01	7.6694912569385140e-02	1.6579641313192012e-01
1.9500000000000000e+00	8.8606363740583982e-01	7.6019653484404343e-02	1.6614628817065286e-01
1.9550000000000001e+00	8.8692432856629899e-01	7.5343885882040773e-02	1.6649343185149867e-01
1.9600000000000000e+00	8.8777713248292534e-01	7.4667614199579374e-02	1.6683783214768663e-01
1.9650000000000001e+00	8.8862204861157246e-01	7.3990842879878171e-02	1.6717947712993009e-01
1.9700000000000000e+00	8.8945907642644439e-01	7.3313576371359490e-02	1.6751835496677192e-01
1.9750000000000001e+00	8.9028821541974712e-01	7.2635819128031853e-02	1.6785445392492795e-01
1.9800000000000000e+00	8.9110946510134226e-01	7.1957575609336411e-02	1.6818776236962732e-01
1.9850000000000001e+00	8.9192282499840181e-01	7.1278850280103084e-02	1.6851826876494932e-01
1.9900000000000000e+00	8.9272829465506587e-01	7.0599647610598795e-02	1.6884596167415836e-01
1.9950000000000001e+00	8.9352587363210434e-01	6.9919972076409029e-02	1.6917082976003595e-01
2.0000000000000000e+00	8.9431556150657798e-01	6.9239828158367572e-02	1.6949286178520945e-01
2.0049999999999999e+00	8.9509735787150380e-01	6.8559220342578497e-02	1.6981204661247828e-01
2.0100000000000002e+00	8.9587126233552272e-01	6.7878153120288873e-02	1.7012837320513763e-01
2.0150000000000001e+00	8.9663727452256825e-01	6.7196630987875636e-02	1.7044183062729812e-01
2.0200000000000000e+00	8.9739539407153979e-01	6.6514658446819211e-02	1.7075240804420419e-01
2.0249999999999999e+00	8.9814562063597625e-01	6.5832240003650871e-02	1.7106009472254843e-01
2.0300000000000002e+00	8.9888795388373466e-01	6.5149380169834320e-02	1.7136488003078398e-01
2.0350000000000001e+00	8.9962239349666728e-01	6.4466083461783119e-02	1.7166675343943233e-01
2.0400000000000000e+00	9.0034893917030678e-01	6.3782354400816921e-02	1.7196570452139079e-01
2.0449999999999999e+00	9.0106759061354835e-01	6.3098197513056106e-02	1.7226172295223441e-01
2.0499999999999998e+00	9.0177834754833885e-01	6.2413617329439300e-02	1.7255479851051708e-01
2.0550000000000002e+00	9.0248120970936607e-01	6.1728618385569832e-02	1.7284492107806820e-01
2.0600000000000001e+00	9.0317617684375029e-01	6.1043205221803516e-02	1.7313208064028696e-01
2.0649999999999999e+00	9.0386324871074231e-01	6.0357382383143289e-02	1.7341626728643431e-01
2.0699999999999998e+00	9.0454242508141902e-01	5.9671154419085611e-02	1.7369747120992085e-01
2.0750000000000002e+00	9.0521370573838411e-01	5.8984525883725852e-02	1.7397568270859196e-01
2.0800000000000001e+00	9.0587709047547349e-01	5.8297501335613434e-02	1.7425089218501105e-01
2.0850000000000000e+00	9.0653257909745866e-01	5.7610085337764953e-02	1.7452309014673784e-01
2.0899999999999999e+00	9.0718017141975904e-01	5.6922282457550204e-02	1.7479226720660618e-01
2.0950000000000002e+00	9.0781986726815034e-01	5.6234097266648166e-02	1.7505841408299574e-01
2.1000000000000001e+00	9.0845166647848175e-01	5.5545534341051493e-02	1.7532152160010395e-01
2.1050000000000000e+00	9.0907556889639141e-01	5.4856598260961120e-02	1.7558158068821203e-01
2.1099999999999999e+00	9.0969157437702908e-01	5.4167293610808270e-02	1.7583858238395003e-01
2.1150000000000002e+00	9.1029968278477746e-01	5.3477624979078875e-02	1.7609251783055810e-01
2.1200000000000001e+00	9.1089989399297888e-01	5.2787596958366260e-02	1.7634337827814373e-01
2.1250000000000000e+00	9.1149220788366503e-01	5.2097214145274608e-02	1.7659115508393788e-01
2.1299999999999999e+00	9.1207662434728742e-01	5.1406481140405740e-02	1.7683583971254593e-01
2.1350000000000002e+00	9.1265314328245495e-01	5.0715402548293376e-02	1.7707742373619770e-01
2.1400000000000001e+00	9.1322176459566973e-01	5.0023982977315327e-02	1.7731589883499216e-01
2.1450000000000000e+00	9.1378248820106966e-01	4.9332227039667130e-02	1.7755125679714087e-01
2.1499999999999999e+00	9.1433531402017110e-01	4.8640139351331414e-02	1.7778348951920686e-01
2.1550000000000002e+00	9.1488024198161799e-01	4.7947724532047112e-02	1.7801258900634179e-01
2.1600000000000001e+00	9.1541727202093082e-01	4.7254987205103217e-02	1.7823854737251879e-01
2.1650000000000000e+00	9.1594640408025896e-01	4.6561931997501221e-02	1.7846135684076209e-01
2.1699999999999999e+00	9.1646763810814058e-01	4.5868563539832138e-02	1.7868100974337528e-01
2.1750000000000003e+00	9.1698097405925916e-01	4.5174886466096666e-02	1.7889749852216422e-01
2.1800000000000002e+00	9.1748641189420732e-01	4.4480905413832421e-02	1.7911081572865767e-01
2.1850000000000001e+00	9.1798395157925394e-01	4.3786625023964722e-02	1.7932095402432538e-01
2.1899999999999999e+00	9.1847359308611121e-01	4.3092049940762725e-02	1.7952790618079167e-01
2.1949999999999998e+00	9.1895533639170923e-01	4.2397184811821878e-02	1.7973166508004726e-01
2.2000000000000002e+00	9.1942918147797004e-01	4.1702034287998076e-02	1.7993222371465650e-01
2.2050000000000001e+00	9.1989512833158815e-01	4.1006603023319904e-02	1.8012957518796283e-01
2.2100000000000000e+00	9.2035317694381091e-01	4.0310895674993033e-02	1.8032371271428937e-01
2.2149999999999999e+00	9.2080332731022596e-01	3.9614916903255415e-02	1.8051462961913825e-01
2.2200000000000002e+00	9.2124557943054686e-01	3.8918671371500110e-02	1.8070231933938408e-01
2.2250000000000001e+00	9.2167993330841080e-01	3.8222163746073498e-02	1.8088677542346829e-01
2.2300000000000000e+00	9.2210638895116748e-01	3.7525398696174279e-02	1.8106799153158487e-01
2.2349999999999999e+00	9.2252494636968274e-01	3.6828380894033438e-02	1.8124596143586771e-01
2.2400000000000002e+00	9.2293560557813892e-01	3.6131115014628991e-02	1.8142067902057193e-01
2.2450000000000001e+00	9.2333836659384017e-01	3.5433605735734258e-02	1.8159213828225271e-01
2.2500000000000000e+00	9.2373322943702230e-01	3.4735857737865201e-02	1.8176033332994096e-01
2.2549999999999999e+00	9.2412019413066426e-01	3.4037875704240945e-02	1.8192525838531534e-01
2.2600000000000002e+00	9.2449926070030530e-01	3.3339664320665270e-02	1.8208690778287198e-01
2.2650000000000001e+00	9.2487042917386209e-01	3.2641228275548585e-02	1.8224527597008905e-01
2.2700000000000000e+00	9.2523369958145418e-01	3.1942572259820126e-02	1.8240035750759057e-01
2.2749999999999999e+00	9.2558907195522766e-01	3.1243700966844600e-02	1.8255214706930417e-01
2.2800000000000002e+00	9.2593654632918632e-01	3.0544619092492412e-02	1.8270063944261794e-01
2.2850000000000001e+00	9.2627612273902538e-01	2.9845331334928994e-02	1.8284582952853282e-01
2.2900000000000000e+00	9.2660780122196629e-01	2.9145842394575343e-02	1.8298771234181124e-01
2.2949999999999999e+00	9.2693158181659741e-01	2.8446156974257203e-02	1.8312628301112316e-01
2.3000000000000003e+00	9.2724746456272056e-01	2.7746279778946163e-02	1.8326153677918972e-01
2.3050000000000002e+00	9.2755544950119451e-01	2.7046215515685059e-02	1.8339346900292094e-01
2.3100000000000001e+00	9.2785553667378740e-01	2.6345968893724012e-02	1.8352207515355248e-01
2.3149999999999999e+00	9.2814772612303220e-01	2.5645544624353662e-02	1.8364735081677824e-01
2.3199999999999998e+00	9.2843201789208396e-01	2.4944947420813039e-02	1.8376929169287964e-01
2.3250000000000002e+00	9.2870841202458054e-01	2.4244181998302694e-02	1.8388789359685087e-01
2.3300000000000001e+00	9.2897690856450965e-01	2.3543253073923305e-02	1.8400315245852239e-01
2.3350000000000000e+00	9.2923750755607615e-01	2.2842165366614205e-02	1.8411506432267924e-01
2.3399999999999999e+00	9.2949020904357604e-01	2.2140923597096351e-02	1.8422362534917769e-01
2.3450000000000002e+00	9.2973501307127104e-01	2.1439532487824060e-02	1.8432883181305695e-01
2.3500000000000001e+00	9.2997191968327009e-01	2.0737996762910386e-02	1.8443068010464905e-01
2.3550000000000000e+00	9.3020092892341077e-01	2.0036321148109600e-02	1.8452916672968364e-01
2.3599999999999999e+00	9.3042204083514857e-01	1.9334510370764505e-02	1.8462428830939126e-01
2.3650000000000002e+00	9.3063525546144632e-01	1.8632569159727455e-02	1.8471604158060179e-01
2.3700000000000001e+00	9.3084057284466937e-01	1.7930502245303313e-02	1.8480442339584038e-01
2.3750000000000000e+00	9.3103799302648294e-01	1.7228314359205559e-02	1.8488943072341915e-01
2.3799999999999999e+00	9.3122751604775522e-01	1.6526010234516813e-02	1.8497106064752666e-01
2.3850000000000002e+00	9.3140914194846125e-01	1.5823594605675641e-02	1.8504931036831265e-01
2.3900000000000001e+00	9.3158287076759527e-01	1.5121072208305454e-02	1.8512417720197125e-01
2.3950000000000000e+00	9.3174870254307951e-01	1.4418447779249572e-02	1.8519565858081788e-01
2.3999999999999999e+00	9.3190663731168544e-01	1.3715726056527376e-02	1.8526375205336648e-01
2.4050000000000002e+00	9.3205667510895041e-01	1.3012911779185085e-02	1.8532845528439948e-01
2.4100000000000001e+00	9.3219881596910437e-01	1.2310009687383532e-02	1.8538976605503754e-01
2.4150000000000000e+00	9.3233305992499682e-01	1.1607024522257739e-02	1.8544768226280409e-01
2.4199999999999999e+00	9.3245940700802987e-01	1.0903961025855478e-02	1.8550220192168720e-01
2.4250000000000003e+00	9.3257785724809150e-01	1.0200823941093394e-02	1.8555332316219736e-01
2.4300000000000002e+00	9.3268841067349684e-01	9.4976180117306696e-03	1.8560104423142271e-01
2.4350000000000001e+00	9.3279106731093009e-01	8.7943479823339235e-03	1.8564536349307997e-01
2.4399999999999999e+00	9.3288582718539259e-01	8.0910185981236272e-03	1.8568627942756322e-01
2.4449999999999998e+00	9.3297269032015118e-01	7.3876346050486853e-03	1.8572379063198710e-01
2.4500000000000002e+00	9.3305165673669599e-01	6.6842007496811457e-03	1.8575789582022978e-01
2.4550000000000001e+00	9.3312272645469563e-01	5.9807217790625901e-03	1.8578859382296889e-01
2.4600000000000000e+00	9.3318589949195996e-01	5.2772024408226223e-03	1.8581588358771670e-01
2.4649999999999999e+00	9.3324117586440680e-01	4.5736474830560033e-03	1.8583976417885090e-01
2.4700000000000002e+00	9.3328855558603119e-01	3.8700616541822198e-03	1.8586023477764221e-01
2.4750000000000001e+00	9.3332803866887681e-01	3.1664497030244789e-03	1.8587729468227746e-01
2.4800000000000000e+00	9.3335962512301685e-01	2.4628163786912199e-03	1.8589094330788156e-01
2.4849999999999999e+00	9.3338331495653093e-01	1.7591664305322372e-03	1.8590118018653332e-01
2.4900000000000002e+00	9.3339910817549387e-01	1.0555046080860180e-03	1.8590800496728030e-01
2.4950000000000001e+00	9.3340700478396033e-01	3.5183566098759115e-04	1.8591141741614817e-01
2.5000000000000000e+00	9.3340700478396033e-01	-3.5183566098759115e-04	1.8591141741614817e-01
2.5049999999999999e+00	9.3339910817549387e-01	-1.0555046080640768e-03	1.8590800496728030e-01
2.5100000000000002e+00	9.3338331495653148e-01	-1.7591664305190726e-03	1.8590118018653351e-01
2.5150000000000001e+00	9.3335962512301718e-01	-2.4628163786868315e-03	1.8589094330788172e-01
2.5200000000000000e+00	9.3332803866887748e-01	-3.1664497030200905e-03	1.8587729468227773e-01
2.5249999999999999e+00	9.3328855558603163e-01	-3.8700616541690550e-03	1.8586023477764238e-01
2.5300000000000002e+00	9.3324117586440769e-01	-4.5736474830340617e-03	1.8583976417885131e-01
2.5350000000000001e+00	9.3318589949196085e-01	-5.2772024408270102e-03	1.8581588358771708e-01
2.5400000000000000e+00	9.3312272645469641e-01	-5.9807217790538133e-03	1.8578859382296922e-01
2.5449999999999999e+00	9.3305165673669710e-01	-6.6842007496592049e-03	1.8575789582023025e-01
2.5500000000000003e+00	9.3297269032015240e-01	-7.3876346050574622e-03	1.8572379063198763e-01
2.5550000000000002e+00	9.3288582718539348e-01	-8.0910185981324032e-03	1.8568627942756358e-01
2.5600000000000001e+00	9.3279106731093109e-01	-8.7943479823163733e-03	1.8564536349308045e-01
2.5649999999999999e+00	9.3268841067349806e-01	-9.4976180117131159e-03	1.8560104423142323e-01
2.5699999999999998e+00	9.3257785724809295e-01	-1.0200823941080229e-02	1.8555332316219800e-01
2.5750000000000002e+00	9.3245940700803143e-01	-1.0903961025855478e-02	1.8550220192168787e-01
2.5800000000000001e+00	9.3233305992499838e-01	-1.1607024522257739e-02	1.8544768226280473e-01
2.5850000000000000e+00	9.3219881596910592e-01	-1.2310009687387921e-02	1.8538976605503821e-01
2.5899999999999999e+00	9.3205667510895174e-01	-1.3012911779163144e-02	1.8532845528440006e-01
2.5950000000000002e+00	9.3190663731168755e-01	-1.3715726056492272e-02	1.8526375205336737e-01
2.6000000000000001e+00	9.3174870254308162e-01	-1.4418447779253961e-02	1.8519565858081885e-01
2.6050000000000000e+00	9.3158287076759716e-01	-1.5121072208292289e-02	1.8512417720197208e-01
2.6099999999999999e+00	9.3140914194846369e-01	-1.5823594605666867e-02	1.8504931036831368e-01
2.6150000000000002e+00	9.3122751604775733e-01	-1.6526010234521198e-02	1.8497106064752761e-01
2.6200000000000001e+00	9.3103799302648538e-01	-1.7228314359196785e-02	1.8488943072342018e-01
2.6250000000000000e+00	9.3084057284467170e-01	-1.7930502245281373e-02	1.8480442339584141e-01
2.6299999999999999e+00	9.3063525546144910e-01	-1.8632569159705514e-02	1.8471604158060301e-01
2.6350000000000002e+00	9.3042204083515145e-01	-1.9334510370760116e-02	1.8462428830939248e-01
2.6400000000000001e+00	9.3020092892341366e-01	-2.0036321148113989e-02	1.8452916672968492e-01
2.6450000000000000e+00	9.2997191968327286e-01	-2.0737996762905997e-02	1.8443068010465025e-01
2.6499999999999999e+00	9.2973501307127404e-01	-2.1439532487810893e-02	1.8432883181305826e-01
2.6550000000000002e+00	9.2949020904357904e-01	-2.2140923597096351e-02	1.8422362534917897e-01
2.6600000000000001e+00	9.2923750755607926e-01	-2.2842165366614205e-02	1.8411506432268054e-01
2.6650000000000000e+00	9.2897690856451276e-01	-2.3543253073918920e-02	1.8400315245852369e-01
2.6699999999999999e+00	9.2870841202458376e-01	-2.4244181998285142e-02	1.8388789359685226e-01
2.6750000000000003e+00	9.2843201789208740e-01	-2.4944947420777932e-02	1.8376929169288111e-01
2.6800000000000002e+00	9.2814772612303620e-01	-2.5645544624344888e-02	1.8364735081677996e-01
2.6850000000000001e+00	9.2785553667379106e-01	-2.6345968893741564e-02	1.8352207515355404e-01
2.6899999999999999e+00	9.2755544950119806e-01	-2.7046215515680667e-02	1.8339346900292244e-01
2.6949999999999998e+00	9.2724746456272433e-01	-2.7746279778911056e-02	1.8326153677919133e-01
2.7000000000000002e+00	9.2693158181660174e-01	-2.8446156974248425e-02	1.8312628301112499e-01
2.7050000000000001e+00	9.2660780122197017e-01	-2.9145842394575343e-02	1.8298771234181294e-01
2.7100000000000000e+00	9.2627612273902971e-01	-2.9845331334911442e-02	1.8284582952853468e-01
2.7149999999999999e+00	9.2593654632919065e-01	-3.0544619092492412e-02	1.8270063944261980e-01
2.7200000000000002e+00	9.2558907195523199e-01	-3.1243700966853374e-02	1.8255214706930603e-01
2.7250000000000001e+00	9.2523369958145829e-01	-3.1942572259802571e-02	1.8240035750759234e-01
2.7300000000000000e+00	9.2487042917386686e-01	-3.2641228275522252e-02	1.8224527597009108e-01
2.7349999999999999e+00	9.2449926070031008e-01	-3.3339664320656492e-02	1.8208690778287401e-01
2.7400000000000002e+00	9.2412019413066926e-01	-3.4037875704232168e-02	1.8192525838531742e-01
2.7450000000000001e+00	9.2373322943702729e-01	-3.4735857737869594e-02	1.8176033332994304e-01
2.7500000000000000e+00	9.2333836659384505e-01	-3.5433605735729866e-02	1.8159213828225479e-01
2.7549999999999999e+00	9.2293560557814391e-01	-3.6131115014611435e-02	1.8142067902057407e-01
2.7600000000000002e+00	9.2252494636968796e-01	-3.6828380894015883e-02	1.8124596143586993e-01
2.7650000000000001e+00	9.2210638895117292e-01	-3.7525398696169894e-02	1.8106799153158717e-01
2.7700000000000000e+00	9.2167993330841613e-01	-3.8222163746073498e-02	1.8088677542347056e-01
2.7749999999999999e+00	9.2124557943055230e-01	-3.8918671371504503e-02	1.8070231933938638e-01
2.7800000000000002e+00	9.2080332731023118e-01	-3.9614916903237860e-02	1.8051462961914047e-01
2.7850000000000001e+00	9.2035317694381680e-01	-4.0310895674957929e-02	1.8032371271429185e-01
2.7900000000000000e+00	9.1989512833159426e-01	-4.1006603023319904e-02	1.8012957518796541e-01
2.7949999999999999e+00	9.1942918147797592e-01	-4.1702034288006853e-02	1.7993222371465897e-01
2.8000000000000003e+00	9.1895533639171501e-01	-4.2397184811813100e-02	1.7973166508004970e-01
2.8050000000000002e+00	9.1847359308611731e-01	-4.3092049940753954e-02	1.7952790618079426e-01
2.8100000000000001e+00	9.1798395157925994e-01	-4.3786625023973499e-02	1.7932095402432791e-01
2.8149999999999999e+00	9.1748641189421321e-01	-4.4480905413828035e-02	1.7911081572866011e-01
2.8199999999999998e+00	9.1698097405926526e-01	-4.5174886466074725e-02	1.7889749852216680e-01
2.8250000000000002e+00	9.1646763810814691e-01	-4.5868563539814583e-02	1.7868100974337797e-01
2.8300000000000001e+00	9.1594640408026551e-01	-4.6561931997518777e-02	1.7846135684076483e-01
2.8350000000000000e+00	9.1541727202093681e-01	-4.7254987205081277e-02	1.7823854737252132e-01
2.8399999999999999e+00	9.1488024198162499e-01	-4.7947724532012001e-02	1.7801258900634473e-01
2.8450000000000002e+00	9.1433531402017787e-01	-4.8640139351344577e-02	1.7778348951920966e-01
2.8500000000000001e+00	9.1378248820107644e-01	-4.9332227039653974e-02	1.7755125679714368e-01
2.8550000000000000e+00	9.1322176459567672e-01	-5.0023982977306543e-02	1.7731589883499510e-01
2.8599999999999999e+00	9.1265314328246183e-01	-5.0715402548284598e-02	1.7707742373620058e-01
2.8650000000000002e+00	9.1207662434729464e-01	-5.1406481140383792e-02	1.7683583971254899e-01
2.8700000000000001e+00	9.1149220788367247e-01	-5.2097214145265823e-02	1.7659115508394096e-01
2.8750000000000000e+00	9.1089989399298632e-01	-5.2787596958366260e-02	1.7634337827814683e-01
2.8799999999999999e+00	9.1029968278478490e-01	-5.3477624979061326e-02	1.7609251783056121e-01
2.8850000000000002e+00	9.0969157437703685e-01	-5.4167293610808270e-02	1.7583858238395333e-01
2.8900000000000001e+00	9.0907556889639896e-01	-5.4856598260978669e-02	1.7558158068821511e-01
2.8950000000000000e+00	9.0845166647848918e-01	-5.5545534341029545e-02	1.7532152160010708e-01
2.8999999999999999e+00	9.0781986726815822e-01	-5.6234097266626225e-02	1.7505841408299908e-01
2.9050000000000002e+00	9.0718017141976703e-01	-5.6922282457537041e-02	1.7479226720660945e-01
2.9100000000000001e+00	9.0653257909746687e-01	-5.7610085337764953e-02	1.7452309014674125e-01
2.9150000000000000e+00	9.0587709047548148e-01	-5.8297501335604650e-02	1.7425089218501436e-01
2.9199999999999999e+00	9.0521370573839255e-01	-5.8984525883699533e-02	1.7397568270859548e-01
2.9250000000000003e+00	9.0454242508142757e-01	-5.9671154419072447e-02	1.7369747120992438e-01
2.9300000000000002e+00	9.0386324871075108e-01	-6.0357382383147667e-02	1.7341626728643794e-01
2.9350000000000001e+00	9.0317617684375873e-01	-6.1043205221821072e-02	1.7313208064029045e-01
2.9399999999999999e+00	9.0248120970937440e-01	-6.1728618385556669e-02	1.7284492107807167e-01
2.9449999999999998e+00	9.0177834754834763e-01	-6.2413617329408574e-02	1.7255479851052066e-01
2.9500000000000002e+00	9.0106759061355735e-01	-6.3098197513056106e-02	1.7226172295223813e-01
2.9550000000000001e+00	9.0034893917031555e-01	-6.3782354400803765e-02	1.7196570452139437e-01
2.9600000000000000e+00	8.9962239349667672e-01	-6.4466083461769963e-02	1.7166675343943616e-01
2.9649999999999999e+00	8.9888795388374376e-01	-6.5149380169834320e-02	1.7136488003078770e-01
2.9700000000000002e+00	8.9814562063598558e-01	-6.5832240003633316e-02	1.7106009472255229e-01
2.9750000000000001e+00	8.9739539407154933e-01	-6.6514658446814812e-02	1.7075240804420808e-01
2.9800000000000000e+00	8.9663727452257780e-01	-6.7196630987875636e-02	1.7044183062730198e-01
2.9849999999999999e+00	8.9587126233553216e-01	-6.7878153120262560e-02	1.7012837320514149e-01
2.9900000000000002e+00	8.9509735787151379e-01	-6.8559220342560942e-02	1.6981204661248239e-01
2.9950000000000001e+00	8.9431556150658786e-01	-6.9239828158367572e-02	1.6949286178521347e-01
3.0000000000000000e+00	8.9352587363211444e-01	-6.9919972076409029e-02	1.6917082976004003e-01
3.0049999999999999e+00	8.9272829465507575e-01	-7.0599647610594410e-02	1.6884596167416238e-01
3.0100000000000002e+00	8.9192282499841191e-01	-7.1278850280085529e-02	1.6851826876495346e-01
3.0150000000000001e+00	8.9110946510135258e-01	-7.1957575609332011e-02	1.6818776236963148e-01
3.0200000000000000e+00	8.9028821541975733e-01	-7.2635819128027454e-02	1.6785445392493209e-01
3.0249999999999999e+00	8.8945907642645483e-01	-7.3313576371359490e-02	1.6751835496677611e-01
3.0300000000000002e+00	8.8862204861158267e-01	-7.3990842879860616e-02	1.6717947712993422e-01
3.0350000000000001e+00	8.8777713248293610e-01	-7.4667614199566204e-02	1.6683783214769096e-01
3.0400000000000000e+00	8.8692432856630965e-01	-7.5343885882049544e-02	1.6649343185150295e-01
3.0449999999999999e+00	8.8606363740585037e-01	-7.6019653484386801e-02	1.6614628817065713e-01
3.0500000000000003e+00	8.8519505956440703e-01	-7.6694912569363199e-02	1.6579641313192453e-01
3.0550000000000002e+00	8.8431859562388249e-01	-7.7369658705407254e-02	1.6544381885921147e-01
3.0600000000000001e+00	8.8343424618559074e-01	-7.8043887466617085e-02	1.6508851757320883e-01
3.0649999999999999e+00	8.8254201187061432e-01	-7.8717594432887630e-02	1.6473052159103799e-01
3.0700000000000003e+00	8.8164189332016296e-01	-7.9390775189967774e-02	1.6436984332589394e-01
3.0750000000000002e+00	8.8073389119593537e-01	-8.0063425329433960e-02	1.6400649528668595e-01
3.0800000000000001e+00	8.7981800618048389e-01	-8.0735540448755999e-02	1.6364049007767559e-01
3.0850000000000000e+00	8.7889423897757968e-01	-8.1407116151362979e-02	1.6327184039811207e-01
3.0899999999999999e+00	8.7796259031258073e-01	-8.2078148046709001e-02	1.6290055904186490e-01
3.0950000000000002e+00	8.7702306093280080e-01	-8.2748631750343388e-02	1.6252665889705348e-01
3.1000000000000001e+00	8.7607565160788103e-01	-8.3418562883853728e-02	1.6215015294567450e-01
3.1050000000000000e+00	8.7512036313016472e-01	-8.4087937074966743e-02	1.6177105426322699e-01
3.1099999999999999e+00	8.7415719631507138e-01	-8.4756749957666744e-02	1.6138937601833420e-01
3.1150000000000002e+00	8.7318615200147376e-01	-8.5424997172147410e-02	1.6100513147236281e-01
3.1200000000000001e+00	8.7220723105207798e-01	-8.6092674364917077e-02	1.6061833397904024e-01
3.1250000000000000e+00	8.7122043435380259e-01	-8.6759777188772438e-02	1.6022899698406848e-01
3.1299999999999999e+00	8.7022576281816344e-01	-8.7426301302921380e-02	1.5983713402473670e-01
3.1350000000000002e+00	8.6922321738165509e-01	-8.8092242373048829e-02	1.5944275872952948e-01
3.1400000000000001e+00	8.6821279900613846e-01	-8.8757596071268471e-02	1.5904588481773410e-01
3.1450000000000000e+00	8.6719450867922765e-01	-8.9422358076267555e-02	1.5864652609904437e-01
3.1499999999999999e+00	8.6616834741467874e-01	-9.0086524073214769e-02	1.5824469647316242e-01
3.1550000000000002e+00	8.6513431625278281e-01	-9.0750089753984020e-02	1.5784040992939852e-01
3.1600000000000001e+00	8.6409241626075384e-01	-9.1413050817119298e-02	1.5743368054626630e-01
3.1650000000000000e+00	8.6304264853312684e-01	-9.2075402967817216e-02	1.5702452249107848e-01
3.1699999999999999e+00	8.6198501419215035e-01	-9.2737141918098009e-02	1.5661295001953768e-01
3.1750000000000003e+00	8.6091951438818426e-01	-9.3398263386739885e-02	1.5619897747532607e-01
3.1800000000000002e+00	8.5984615030009826e-01	-9.4058763099392928e-02	1.5578261928969256e-01
3.1850000000000001e+00	8.5876492313567021e-01	-9.4718636788605606e-02	1.5536388998103684e-01
3.1899999999999999e+00	8.5767583413198856e-01	-9.5377880193829034e-02	1.5494280415449180e-01
3.1950000000000003e+00	8.5657888455585440e-01	-9.6036489061592553e-02	1.5451937650150360e-01
3.2000000000000002e+00	8.5547407570418244e-01	-9.6694459145420353e-02	1.5409362179940786e-01
3.2050000000000001e+00	8.5436140890440992e-01	-9.7351786205866583e-02	1.5366555491100606e-01
3.2100000000000000e+00	8.5324088551490007e-01	-9.8008466010642586e-02	1.5323519078413750e-01
3.2149999999999999e+00	8.5211250692535057e-01	-9.8664494334678332e-02	1.5280254445125016e-01
3.2200000000000002e+00	8.5097627455720026e-01	-9.9319866960091777e-02	1.5236763102896769e-01
3.2250000000000001e+00	8.4983218986404141e-01	-9.9974579676206307e-02	1.5193046571765670e-01
3.2300000000000000e+00	8.4868025433202843e-01	-1.0062862827972191e-01	1.5149106380098926e-01
3.2349999999999999e+00	8.4752046948029047e-01	-1.0128200857466697e-01	1.5104944064550430e-01
3.2400000000000002e+00	8.4635283686134422e-01	-1.0193471637249915e-01	1.5060561170016687e-01
3.2450000000000001e+00	8.4517735806150673e-01	-1.0258674749204393e-01	1.5015959249592437e-01
3.2500000000000000e+00	8.4399403470131329e-01	-1.0323809775968772e-01	1.4971139864526212e-01
3.2549999999999999e+00	8.4280286843592822e-01	-1.0388876300929446e-01	1.4926104584175412e-01
3.2600000000000002e+00	8.4160386095556772e-01	-1.0453873908231104e-01	1.4880854985961528e-01
3.2650000000000001e+00	8.4039701398591149e-01	-1.0518802182784173e-01	1.4835392655324728e-01
3.2700000000000000e+00	8.3918232928852610e-01	-1.0583660710260878e-01	1.4789719185678613e-01
3.2749999999999999e+00	8.3795980866128017e-01	-1.0648449077108410e-01	1.4743836178364458e-01
3.2800000000000002e+00	8.3672945393876752e-01	-1.0713166870545410e-01	1.4697745242605470e-01
3.2850000000000001e+00	8.3549126699272613e-01	-1.0777813678569428e-01	1.4651447995460654e-01
3.2900000000000000e+00	8.3424524973246095e-01	-1.0842389089966149e-01	1.4604946061778637e-01
3.2949999999999999e+00	8.3299140410526396e-01	-1.0906892694305860e-01	1.4558241074151085e-01
3.3000000000000003e+00	8.3172973209684020e-01	-1.0971324081948304e-01	1.4511334672866161e-01
3.3050000000000002e+00	8.3046023573172856e-01	-1.1035682844060211e-01	1.4464228505861537e-01
3.3100000000000001e+00	8.2918291707372593e-01	-1.1099968572599957e-01	1.4416924228677336e-01
3.3149999999999999e+00	8.2789777822631383e-01	-1.1164180860335979e-01	1.4369423504408901e-01
3.3200000000000003e+00	8.2660482133308077e-01	-1.1228319300843712e-01	1.4321728003659215e-01
3.3250000000000002e+00	8.2530404857815098e-01	-1.1292383488514363e-01	1.4273839404491345e-01
3.3300000000000001e+00	8.2399546218660624e-01	-1.1356373018560621e-01	1.4225759392380410e-01
3.3350000000000000e+00	8.2267906442491645e-01	-1.1420287487006113e-01	1.4177489660165646e-01
3.3399999999999999e+00	8.2135485760136484e-01	-1.1484126490715257e-01	1.4129031908002090e-01
3.3450000000000002e+00	8.2002284406647308e-01	-1.1547889627376580e-01	1.4080387843312053e-01
3.3500000000000001e+00	8.1868302621343259e-01	-1.1611576495511054e-01	1.4031559180736605e-01
3.3550000000000000e+00	8.1733540647852898e-01	-1.1675186694486586e-01	1.3982547642086618e-01
3.3599999999999999e+00	8.1597998734157162e-01	-1.1738719824508788e-01	1.3933354956293817e-01
3.3650000000000002e+00	8.1461677132632127e-01	-1.1802175486631088e-01	1.3883982859361527e-01
3.3700000000000001e+00	8.1324576100091917e-01	-1.1865553282763051e-01	1.3834433094315332e-01
3.3750000000000000e+00	8.1186695897831385e-01	-1.1928852815666885e-01	1.3784707411153435e-01
3.3799999999999999e+00	8.1048036791669198e-01	-1.1992073688963999e-01	1.3734807566796975e-01
3.3850000000000002e+00	8.0908599051990504e-01	-1.2055215507144686e-01	1.3684735325040048e-01
3.3900000000000001e+00	8.0768382953789886e-01	-1.2118277875563276e-01	1.3634492456499614e-01
3.3950000000000000e+00	8.0627388776714259e-01	-1.2181260400446045e-01	1.3584080738565216e-01
3.3999999999999999e+00	8.0485616805105709e-01	-1.2244162688899102e-01	1.3533501955348551e-01
3.4050000000000002e+00	8.0343067328044304e-01	-1.2306984348909723e-01	1.3482757897632780e-01
3.4100000000000001e+00	8.0199740639390993e-01	-1.2369724989348088e-01	1.3431850362821784e-01
3.4150000000000000e+00	8.0055637037830396e-01	-1.2432384219971683e-01	1.3380781154889171e-01
3.4199999999999999e+00	7.9910756826913720e-01	-1.2494961651431877e-01	1.3329552084327181e-01
3.4250000000000003e+00	7.9765100315101456e-01	-1.2557456895275673e-01	1.3278164968095346e-01
3.4300000000000002e+00	7.9618667815806254e-01	-1.2619869563953617e-01	1.3226621629569080e-01
3.4350000000000001e+00	7.9471459647435494e-01	-1.2682199270821545e-01	1.3174923898487992e-01
3.4399999999999999e+00	7.9323476133434179e-01	-1.2744445630139706e-01	1.3123073610904171e-01
3.4450000000000003e+00	7.9174717602327516e-01	-1.2806608257085489e-01	1.3071072609130219e-01
3.4500000000000002e+00	7.9025184387763603e-01	-1.2868686767746848e-01	1.3018922741687147e-01
3.4550000000000001e+00	7.8874876828556095e-01	-1.2930680779136772e-01	1.2966625863252199e-01
3.4600000000000000e+00	7.8723795268726582e-01	-1.2992589909198116e-01	1.2914183834606335e-01
3.4649999999999999e+00	7.8571940057547185e-01	-1.3054413776790000e-01	1.2861598522581758e-01
3.4700000000000002e+00	7.8419311549583182e-01	-1.3116152001711062e-01	1.2808871800009239e-01
3.4750000000000001e+00	7.8265910104735104e-01	-1.3177804204695512e-01	1.2756005545665178e-01
3.4800000000000000e+00	7.8111736088281380e-01	-1.3239370007416210e-01	1.2703001644218723e-01
3.4849999999999999e+00	7.7956789870920373e-01	-1.3300849032491674e-01	1.2649861986178523e-01
3.4900000000000002e+00	7.7801071828812773e-01	-1.3362240903485204e-01	1.2596588467839559e-01
3.4950000000000001e+00	7.7644582343623669e-01	-1.3423545244915863e-01	1.2543182991229634e-01
3.5000000000000000e+00	7.7487321802564602e-01	-1.3484761682252333e-01	1.2489647464055874e-01
3.5049999999999999e+00	7.7329290598435707e-01	-1.3545889841925624e-01	1.2435983799651031e-01
3.5100000000000002e+00	7.7170489129667474e-01	-1.3606929351330851e-01	1.2382193916919627e-01
3.5150000000000001e+00	7.7010917800362666e-01	-1.3667879838827657e-01	1.2328279740284027e-01
3.5200000000000000e+00	7.6850577020338073e-01	-1.3728740933746358e-01	1.2274243199630318e-01
3.5249999999999999e+00	7.6689467205166206e-01	-1.3789512266389276e-01	1.2220086230254118e-01
3.5300000000000002e+00	7.6527588776216859e-01	-1.3850193468042127e-01	1.2165810772806225e-01
3.5350000000000001e+00	7.6364942160698490e-01	-1.3910784170965695e-01	1.2111418773238099e-01
3.5400000000000000e+00	7.6201527791699875e-01	-1.3971284008409432e-01	1.2056912182747347e-01
3.5449999999999999e+00	7.6037346108230985e-01	-1.4031692614611460e-01	1.2002292957722907e-01
3.5500000000000003e+00	7.5872397555264615e-01	-1.4092009624798568e-01	1.1947563059690308e-01
3.5550000000000002e+00	7.5706682583777085e-01	-1.4152234675201578e-01	1.1892724455256629e-01
3.5600000000000001e+00	7.5540201650789318e-01	-1.4212367403044801e-01	1.1837779116055457e-01
3.5649999999999999e+00	7.5372955219407778e-01	-1.4272407446554825e-01	1.1782729018691704e-01
3.5700000000000003e+00	7.5204943758865073e-01	-1.4332354444968406e-01	1.1727576144686311e-01
3.5750000000000002e+00	7.5036167744560589e-01	-1.4392208038532917e-01	1.1672322480420806e-01
3.5800000000000001e+00	7.4866627658100959e-01	-1.4451967868508525e-01	1.1616970017081800e-01
3.5850000000000000e+00	7.4696323987340407e-01	-1.4511633577171285e-01	1.1561520750605346e-01
3.5899999999999999e+00	7.4525257226420993e-01	-1.4571204807821014e-01	1.1505976681621234e-01
3.5950000000000002e+00	7.4353427875812617e-01	-1.4630681204786145e-01	1.1450339815397098e-01
3.6000000000000001e+00	7.4180836442352949e-01	-1.4690062413410090e-01	1.1394612161782491e-01
3.6050000000000000e+00	7.4007483439287514e-01	-1.4749348080078925e-01	1.1338795735152928e-01
3.6099999999999999e+00	7.3833369386308789e-01	-1.4808537852216536e-01	1.1282892554353574e-01
3.6150000000000002e+00	7.3658494809596220e-01	-1.4867631378273649e-01	1.1226904642643165e-01
3.6200000000000001e+00	7.3482860241855319e-01	-1.4926628307750667e-01	1.1170834027637601e-01
3.6250000000000000e+00	7.3306466222356925e-01	-1.4985528291190189e-01	1.1114682741253537e-01
3.6299999999999999e+00	7.3129313296976295e-01	-1.5044330980188431e-01	1.1058452819651879e-01
3.6350000000000002e+00	7.2951402018231759e-01	-1.5103036027390840e-01	1.1002146303181130e-01
3.6400000000000001e+00	7.2772732945323748e-01	-1.5161643086495155e-01	1.0945765236320776e-01
3.6450000000000000e+00	7.2593306644173106e-01	-1.5220151812259755e-01	1.0889311667624448e-01
3.6499999999999999e+00	7.2413123687459635e-01	-1.5278561860508488e-01	1.0832787649663113e-01
3.6550000000000002e+00	7.2232184654660081e-01	-1.5336872888131522e-01	1.0776195238968060e-01
3.6600000000000001e+00	7.2050490132086320e-01	-1.5395084553082319e-01	1.0719536495973936e-01
3.6650000000000000e+00	7.1868040712923187e-01	-1.5453196514385936e-01	1.0662813484961638e-01
3.6699999999999999e+00	7.1684836997266177e-01	-1.5511208432147808e-01	1.0606028274001142e-01
3.6750000000000003e+00	7.1500879592158706e-01	-1.5569119967555517e-01	1.0549182934894218e-01
3.6800000000000002e+00	7.1316169111629579e-01	-1.5626930782867807e-01	1.0492279543117117e-01
3.6850000000000001e+00	7.1130706176730152e-01	-1.5684640541434344e-01	1.0435320177763244e-01
3.6899999999999999e+00	7.0944491415570965e-01	-1.5742248907696138e-01	1.0378306921485592e-01
3.6950000000000003e+00	7.0757525463358673e-01	-1.5799755547178537e-01	1.0321241860439297e-01
3.7000000000000002e+00	7.0569808962432468e-01	-1.5857160126506145e-01	1.0264127084224015e-01
3.7050000000000001e+00	7.0381342562300342e-01	-1.5914462313406758e-01	1.0206964685826257e-01
3.7100000000000000e+00	7.0192126919675035e-01	-1.5971661776697343e-01	1.0149756761561653e-01
3.7149999999999999e+00	7.0002162698510362e-01	-1.6028758186304204e-01	1.0092505411017273e-01
3.7200000000000002e+00	6.9811450570036282e-01	-1.6085751213268695e-01	1.0035212736993665e-01
3.7250000000000001e+00	6.9619991212794685e-01	-1.6142640529728355e-01	9.9778808454470375e-02
3.7300000000000000e+00	6.9427785312674695e-01	-1.6199425808944110e-01	9.9205118454313387e-02
3.7349999999999999e+00	6.9234833562947273e-01	-1.6256106725292813e-01	9.8631078490401772e-02
3.7400000000000002e+00	6.9041136664300418e-01	-1.6312682954265048e-01	9.8056709713488704e-02
3.7450000000000001e+00	6.8846695324873430e-01	-1.6369154172478742e-01	9.7482033303562921e-02
3.7500000000000000e+00	6.8651510260291360e-01	-1.6425520057677837e-01	9.6907070469267609e-02
3.7549999999999999e+00	6.8455582193698983e-01	-1.6481780288734932e-01	9.6331842447318405e-02
3.7600000000000002e+00	6.8258911855794668e-01	-1.6537934545648642e-01	9.5756370501921165e-02
3.7650000000000001e+00	6.8061499984864127e-01	-1.6593982509558530e-01	9.5180675924189689e-02
3.7700000000000000e+00	6.7863347326813472e-01	-1.6649923862738072e-01	9.4604780031561961e-02
3.7749999999999999e+00	6.7664454635202664e-01	-1.6705758288601691e-01	9.4028704167217605e-02
3.7800000000000002e+00	6.7464822671278046e-01	-1.6761485471711324e-01	9.3452469699493251e-02
3.7850000000000001e+00	6.7264452204005198e-01	-1.6817105097768104e-01	9.2876098021299050e-02
3.7900000000000000e+00	6.7063344010101178e-01	-1.6872616853625066e-01	9.2299610549534117e-02
3.7949999999999999e+00	6.6861498874066672e-01	-1.6928020427289794e-01	9.1723028724501776e-02
3.8000000000000003e+00	6.6658917588217725e-01	-1.6983315507922658e-01	9.1146374009324571e-02
3.8050000000000002e+00	6.6455600952717464e-01	-1.7038501785839458e-01	9.0569667889359107e-02
3.8100000000000001e+00	6.6251549775607332e-01	-1.7093578952520619e-01	8.9992931871610671e-02
3.8149999999999999e+00	6.6046764872838060e-01	-1.7148546700606820e-01	8.9416187484147244e-02
3.8200000000000003e+00	6.5841247068300612e-01	-1.7203404723903820e-01	8.8839456275514081e-02
3.8250000000000002e+00	6.5634997193856504e-01	-1.7258152717391667e-01	8.8262759814147274e-02
3.8300000000000001e+00	6.5428016089368102e-01	-1.7312790377214166e-01	8.7686119687787514e-02
3.8350000000000000e+00	6.5220304602728651e-01	-1.7367317400692045e-01	8.7109557502894258e-02
3.8399999999999999e+00	6.5011863589891772e-01	-1.7421733486327790e-01	8.6533094884058512e-02
3.8450000000000002e+00	6.4802693914900922e-01	-1.7476038333798169e-01	8.5956753473416692e-02
3.8500000000000001e+00	6.4592796449918488e-01	-1.7530231643963026e-01	8.5380554930063746e-02
3.8550000000000000e+00	6.4382172075254618e-01	-1.7584313118867903e-01	8.4804520929466526e-02
3.8599999999999999e+00	6.4170821679395640e-01	-1.7638282461744040e-01	8.4228673162876924e-02
3.8650000000000002e+00	6.3958746159032398e-01	-1.7692139377017158e-01	8.3653033336745092e-02
3.8700000000000001e+00	6.3745946419088018e-01	-1.7745883570300869e-01	8.3077623172132242e-02
3.8750000000000000e+00	6.3532423372745761e-01	-1.7799514748403267e-01	8.2502464404124509e-02
3.8799999999999999e+00	6.3318177941476095e-01	-1.7853032619337447e-01	8.1927578781245472e-02
3.8850000000000002e+00	6.3103211055063846e-01	-1.7906436892310551e-01	8.1352988064869514e-02
3.8900000000000001e+00	6.2887523651634913e-01	-1.7959727277735599e-01	8.0778714028635373e-02
3.8950000000000000e+00	6.2671116677682559e-01	-1.8012903487229753e-01	8.0204778457859061e-02
3.8999999999999999e+00	6.2453991088093697e-01	-1.8065965233616052e-01	7.9631203148947824e-02
3.9050000000000002e+00	6.2236147846174472e-01	-1.8118912230933079e-01	7.9058009908813301e-02
3.9100000000000001e+00	6.2017587923675821e-01	-1.8171744194426623e-01	7.8485220554285307e-02
3.9150000000000000e+00	6.1798312300818670e-01	-1.8224460840561515e-01	7.7912856911526010e-02
3.9199999999999999e+00	6.1578321966318561e-01	-1.8277061887019894e-01	7.7340940815443293e-02
3.9250000000000003e+00	6.1357617917410401e-01	-1.8329547052704695e-01	7.6769494109105718e-02
3.9300000000000002e+00	6.1136201159872383e-01	-1.8381916057737033e-01	7.6198538643156150e-02
3.9350000000000001e+00	6.0914072708050171e-01	-1.8434168623465852e-01	7.5628096275227416e-02
3.9399999999999999e+00	6.0691233584880011e-01	-1.8486304472468795e-01	7.5058188869356002e-02
3.9450000000000003e+00	6.0467684821912293e-01	-1.8538323328550016e-01	7.4488838295398291e-02
3.9500000000000002e+00	6.0243427459334131e-01	-1.8590224916749845e-01	7.3920066428445078e-02
3.9550000000000001e+00	6.0018462545992046e-01	-1.8642008963334672e-01	7.3351895148237950e-02
3.9600000000000000e+00	5.9792791139414136e-01	-1.8693675195815396e-01	7.2784346338585118e-02
3.9650000000000003e+00	5.9566414305831816e-01	-1.8745223342939957e-01	7.2217441886777506e-02
3.9700000000000002e+00	5.9339333120201398e-01	-1.8796653134694219e-01	7.1651203683005940e-02
3.9750000000000001e+00	5.9111548666225233e-01	-1.8847964302307230e-01	7.1085653619777825e-02
3.9800000000000000e+00	5.8883062036372602e-01	-1.8899156578255172e-01	7.0520813591335080e-02
3.9849999999999999e+00	5.8653874331900002e-01	-1.8950229696263560e-01	6.9956705493071508e-02
3.9900000000000002e+00	5.8423986662871386e-01	-1.9001183391303286e-01	6.9393351220951444e-02
3.9950000000000001e+00	5.8193400148177932e-01	-1.9052017399598969e-01	6.8830772670928436e-02
4.0000000000000000e+00	5.7962115915557400e-01	-1.9102731458629815e-01	6.8268991738364426e-02
4.0049999999999999e+00	5.7730135101613178e-01	-1.9153325307130503e-01	6.7708030317449416e-02
4.0099999999999998e+00	5.7497458851833028e-01	-1.9203798685092946e-01	6.7147910300621685e-02
4.0149999999999997e+00	5.7264088320607387e-01	-1.9254151333770236e-01	6.6588653577988516e-02
4.0200000000000005e+00	5.7030024671247359e-01	-1.9304382995678396e-01	6.6030282036747309e-02
4.0250000000000004e+00	5.6795269076002286e-01	-1.9354493414596816e-01	6.5472817560607438e-02
4.0300000000000002e+00	5.6559822716077024e-01	-1.9404482335570022e-01	6.4916282029212513e-02
4.0350000000000001e+00	5.6323686781648874e-01	-1.9454349504912494e-01	6.4360697317563498e-02
4.0400000000000000e+00	5.6086862471883991e-01	-1.9504094670210415e-01	6.3806085295441919e-02
4.0449999999999999e+00	5.5849350994953562e-01	-1.9553717580317739e-01	6.3252467826834177e-02
4.0499999999999998e+00	5.5611153568049654e-01	-1.9603217985364949e-01	6.2699866769356460e-02
4.0549999999999997e+00	5.5372271417400520e-01	-1.9652595636759063e-01	6.2148303973679861e-02
4.0600000000000005e+00	5.5132705778285673e-01	-1.9701850287185402e-01	6.1597801282956749e-02
4.0650000000000004e+00	5.4892457895050450e-01	-1.9750981690612837e-01	6.1048380532247294e-02
4.0700000000000003e+00	5.4651529021120282e-01	-1.9799989602281953e-01	6.0500063547946972e-02
4.0750000000000002e+00	5.4409920419014846e-01	-1.9848873778722151e-01	5.9952872147215328e-02
4.0800000000000001e+00	5.4167633360361167e-01	-1.9897633977752982e-01	5.9406828137404090e-02
4.0850000000000000e+00	5.3924669125907021e-01	-1.9946269958477117e-01	5.8861953315487416e-02
4.0899999999999999e+00	5.3681029005533498e-01	-1.9994781481284285e-01	5.8318269467492079e-02
4.0949999999999998e+00	5.3436714298267596e-01	-2.0043168307856568e-01	5.7775798367929142e-02
4.0999999999999996e+00	5.3191726312293897e-01	-2.0091430201173185e-01	5.7234561779225521e-02
4.1050000000000004e+00	5.2946066364966293e-01	-2.0139566925497812e-01	5.6694581451157161e-02
4.1100000000000003e+00	5.2699735782819335e-01	-2.0187578246400931e-01	5.6155879120283039e-02
4.1150000000000002e+00	5.2452735901578551e-01	-2.0235463930746239e-01	5.5618476509378907e-02
4.1200000000000001e+00	5.2205068066171445e-01	-2.0283223746688453e-01	5.5082395326873868e-02
4.1250000000000000e+00	5.1956733630737140e-01	-2.0330857463700508e-01	5.4547657266286104e-02
4.1299999999999999e+00	5.1707733958635915e-01	-2.0378364852549441e-01	5.4014284005659843e-02
4.1349999999999998e+00	5.1458070422458724e-01	-2.0425745685297242e-01	5.3482297207004342e-02
4.1399999999999997e+00	5.1207744404035938e-01	-2.0472999735327213e-01	5.2951718515732757e-02
4.1450000000000005e+00	5.0956757294445476e-01	-2.0520126777326389e-01	5.2422569560101662e-02
4.1500000000000004e+00	5.0705110494021222e-01	-2.0567126587281162e-01	5.1894871950652940e-02
4.1550000000000002e+00	5.0452805412360469e-01	-2.0613998942500111e-01	5.1368647279655517e-02
4.1600000000000001e+00	5.0199843468331018e-01	-2.0660743621598612e-01	5.0843917120548171e-02
4.1650000000000000e+00	4.9946226090078288e-01	-2.0707360404506328e-01	5.0320703027384193e-02
4.1699999999999999e+00	4.9691954715031378e-01	-2.0753849072470712e-01	4.9799026534275891e-02
4.1749999999999998e+00	4.9437030789909359e-01	-2.0800209408052167e-01	4.9278909154841309e-02
4.1799999999999997e+00	4.9181455770726695e-01	-2.0846441195131737e-01	4.8760372381651151e-02
4.1850000000000005e+00	4.8925231122798529e-01	-2.0892544218907821e-01	4.8243437685677328e-02
4.1900000000000004e+00	4.8668358320745436e-01	-2.0938518265902956e-01	4.7728126515742375e-02
4.1950000000000003e+00	4.8410838848497734e-01	-2.0984363123960331e-01	4.7214460297969899e-02
4.2000000000000002e+00	4.8152674199299561e-01	-2.1030078582244854e-01	4.6702460435236501e-02
4.2050000000000001e+00	4.7893865875712355e-01	-2.1075664431249766e-01	4.6192148306624548e-02
4.2100000000000000e+00	4.7634415389617979e-01	-2.1121120462792892e-01	4.5683545266876152e-02
4.2149999999999999e+00	4.7374324262221512e-01	-2.1166446470021033e-01	4.5176672645848556e-02
4.2199999999999998e+00	4.7113594024053462e-01	-2.1211642247413037e-01	4.4671551747970301e-02
4.2249999999999996e+00	4.6852226214971693e-01	-2.1256707590770804e-01	4.4168203851699006e-02
4.2300000000000004e+00	4.6590222384163049e-01	-2.1301642297230255e-01	4.3666650208980445e-02
4.2350000000000003e+00	4.6327584090144219e-01	-2.1346446165267269e-01	4.3166912044708322e-02
4.2400000000000002e+00	4.6064312900762427e-01	-2.1391118994682959e-01	4.2669010556185660e-02
4.2450000000000001e+00	4.5800410393195834e-01	-2.1435660586617508e-01	4.2172966912587873e-02
4.2500000000000000e+00	4.5535878153953069e-01	-2.1480070743547766e-01	4.1678802254426127e-02
4.2549999999999999e+00	4.5270717778872926e-01	-2.1524349269289419e-01	4.1186537693013149e-02
4.2599999999999998e+00	4.5004930873123011e-01	-2.1568495968993287e-01	4.0696194309929219e-02
4.2649999999999997e+00	4.4738519051198694e-01	-2.1612510649152536e-01	4.0207793156490847e-02
4.2700000000000005e+00	4.4471483936920808e-01	-2.1656393117606434e-01	3.9721355253219189e-02
4.2750000000000004e+00	4.4203827163433668e-01	-2.1700143183523662e-01	3.9236901589311278e-02
4.2800000000000002e+00	4.3935550373202387e-01	-2.1743760657423811e-01	3.8754453122112065e-02
4.2850000000000001e+00	4.3666655218009520e-01	-2.1787245351178935e-01	3.8274030776587475e-02
4.2900000000000000e+00	4.3397143358951540e-01	-2.1830597077994446e-01	3.7795655444799243e-02
4.2949999999999999e+00	4.3127016466435153e-01	-2.1873815652426243e-01	3.7319347985381703e-02
4.2999999999999998e+00	4.2856276220172485e-01	-2.1916900890376526e-01	3.6845129223018788e-02
4.3049999999999997e+00	4.2584924309176719e-01	-2.1959852609095346e-01	3.6373019947923968e-02
4.3100000000000005e+00	4.2312962431756418e-01	-2.2002670627186741e-01	3.5903040915320095e-02
4.3150000000000004e+00	4.2040392295510154e-01	-2.2045354764599523e-01	3.5435212844922133e-02
4.3200000000000003e+00	4.1767215617320258e-01	-2.2087904842641543e-01	3.4969556420420406e-02
4.3250000000000002e+00	4.1493434123346279e-01	-2.2130320683964105e-01	3.4506092288965770e-02
4.3300000000000001e+00	4.1219049549018283e-01	-2.2172602112572729e-01	3.4044841060656618e-02
4.3350000000000000e+00	4.0944063639029205e-01	-2.2214748953828231e-01	3.3585823308026688e-02
4.3399999999999999e+00	4.0668478147327303e-01	-2.2256761034452444e-01	3.3129059565535170e-02
4.3449999999999998e+00	4.0392294837107562e-01	-2.2298638182515926e-01	3.2674570329057441e-02
4.3500000000000005e+00	4.0115515480803582e-01	-2.2340380227440365e-01	3.2222376055378879e-02
4.3550000000000004e+00	3.9838141860078108e-01	-2.2381987000017464e-01	3.1772497161688701e-02
4.3600000000000003e+00	3.9560175765813638e-01	-2.2423458332391594e-01	3.1324954025076270e-02
4.3650000000000002e+00	3.9281618998102524e-01	-2.2464794058061768e-01	3.0879766982028885e-02
4.3700000000000001e+00	3.9002473366236717e-01	-2.2505994011887581e-01	3.0436956327931312e-02
4.3750000000000000e+00	3.8722740688696877e-01	-2.2547058030094250e-01	2.9996542316566698e-02
4.3799999999999999e+00	3.8442422793141168e-01	-2.2587985950264033e-01	2.9558545159619198e-02
4.3849999999999998e+00	3.8161521516393748e-01	-2.2628777611339340e-01	2.9122985026178619e-02
4.3899999999999997e+00	3.7880038704432639e-01	-2.2669432853627533e-01	2.8689882042246352e-02
4.3950000000000005e+00	3.7597976212377276e-01	-2.2709951518796767e-01	2.8259256290243239e-02
4.4000000000000004e+00	3.7315335904475655e-01	-2.2750333449877741e-01	2.7831127808519110e-02
4.4050000000000002e+00	3.7032119654091000e-01	-2.2790578491270724e-01	2.7405516590864085e-02
4.4100000000000001e+00	3.6748329343687874e-01	-2.2830686488736995e-01	2.6982442586021328e-02
4.4150000000000000e+00	3.6463966864818259e-01	-2.2870657289399721e-01	2.6561925697202185e-02
4.4199999999999999e+00	3.6179034118106806e-01	-2.2910490741752079e-01	2.6143985781602527e-02
4.4249999999999998e+00	3.5893533013235873e-01	-2.2950186695652633e-01	2.5728642649921109e-02
4.4299999999999997e+00	3.5607465468930055e-01	-2.2989745002325365e-01	2.5315916065879667e-02
4.4350000000000005e+00	3.5320833412940383e-01	-2.3029165514365338e-01	2.4905825745744962e-02
4.4400000000000004e+00	3.5033638782027887e-01	-2.3068448085732596e-01	2.4498391357852298e-02
4.4450000000000003e+00	3.4745883521947113e-01	-2.3107592571754987e-01	2.4093632522131460e-02
4.4500000000000002e+00	3.4457569587428794e-01	-2.3146598829127721e-01	2.3691568809633846e-02
4.4550000000000001e+00	3.4168698942162534e-01	-2.3185466715916472e-01	2.3292219742062109e-02
4.4600000000000000e+00	3.3879273558778550e-01	-2.3224196091558447e-01	2.2895604791300980e-02
4.4649999999999999e+00	3.3589295418829540e-01	-2.3262786816859102e-01	2.2501743378950605e-02
4.4699999999999998e+00	3.3298766512771649e-01	-2.3301238753996759e-01	2.2110654875861294e-02
4.4750000000000005e+00	3.3007688839945398e-01	-2.3339551766511402e-01	2.1722358601670540e-02
4.4800000000000004e+00	3.2716064408556111e-01	-2.3377725719319828e-01	2.1336873824341948e-02
4.4850000000000003e+00	3.2423895235653610e-01	-2.3415760478715636e-01	2.0954219759705621e-02
4.4900000000000002e+00	3.2131183347111836e-01	-2.3453655912356736e-01	2.0574415571001006e-02
4.4950000000000001e+00	3.1837930777608031e-01	-2.3491411889270380e-01	2.0197480368421592e-02
4.5000000000000000e+00	3.1544139570601409e-01	-2.3529028279863257e-01	1.9823433208661489e-02
4.5049999999999999e+00	3.1249811778311237e-01	-2.3566504955908124e-01	1.9452293094463811e-02
4.5099999999999998e+00	3.0954949461695042e-01	-2.3603841790553007e-01	1.9084078974171633e-02
4.5149999999999997e+00	3.0659554690425617e-01	-2.3641038658318778e-01	1.8718809741280071e-02
4.5200000000000005e+00	3.0363629542868487e-01	-2.3678095435096774e-01	1.8356504233991357e-02
4.5250000000000004e+00	3.0067176106058158e-01	-2.3715011998155128e-01	1.7997181234771033e-02
4.5300000000000002e+00	2.9770196475674565e-01	-2.3751788226130882e-01	1.7640859469906896e-02
4.5350000000000001e+00	2.9472692756018753e-01	-2.3788423999034167e-01	1.7287557609069529e-02
4.5400000000000000e+00	2.9174667059988363e-01	-2.3824919198249930e-01	1.6937294264875200e-02
4.5449999999999999e+00	2.8876121509052471e-01	-2.3861273706539723e-01	1.6590087992450500e-02
4.5499999999999998e+00	2.8577058233226221e-01	-2.3897487408033563e-01	1.6245957288999319e-02
4.5549999999999997e+00	2.8277479371045033e-01	-2.3933560188234979e-01	1.5904920593371921e-02
4.5600000000000005e+00	2.7977387069538329e-01	-2.3969491934023221e-01	1.5566996285635940e-02
4.5650000000000004e+00	2.7676783484202849e-01	-2.4005282533649730e-01	1.5232202686649600e-02
4.5700000000000003e+00	2.7375670778975658e-01	-2.4040931876740121e-01	1.4900558057637084e-02
4.5750000000000002e+00	2.7074051126206627e-01	-2.4076439854292445e-01	1.4572080599765900e-02
4.5800000000000001e+00	2.6771926706630672e-01	-2.4111806358678695e-01	1.4246788453726601e-02
4.5850000000000000e+00	2.6469299709339378e-01	-2.4147031283645254e-01	1.3924699699314409e-02
4.5899999999999999e+00	2.6166172331752430e-01	-2.4182114524307430e-01	1.3605832355013208e-02
4.5949999999999998e+00	2.5862546779588608e-01	-2.4217055977157545e-01	1.3290204377581665e-02
4.6000000000000005e+00	2.5558425266836160e-01	-2.4251855540060133e-01	1.2977833661641364e-02
4.6050000000000004e+00	2.5253810015723155e-01	-2.4286513112251923e-01	1.2668738039267406e-02
4.6100000000000003e+00	2.4948703256687083e-01	-2.4321028594340957e-01	1.2362935279580940e-02
4.6150000000000002e+00	2.4643107228344394e-01	-2.4355401888311776e-01	1.2060443088344206e-02
4.6200000000000001e+00	2.4337024177459207e-01	-2.4389632897521221e-01	1.1761279107557350e-02
4.6250000000000000e+00	2.4030456358912153e-01	-2.4423721526687903e-01	1.1465460915058011e-02
4.6299999999999999e+00	2.3723406035668573e-01	-2.4457667681910439e-01	1.1173006024122877e-02
4.6349999999999998e+00	2.3415875478746120e-01	-2.4491471270664242e-01	1.0883931883071287e-02
4.6399999999999997e+00	2.3107866967182250e-01	-2.4525132201785854e-01	1.0598255874871386e-02
4.6450000000000005e+00	2.2799382788001440e-01	-2.4558650385488504e-01	1.0315995316748606e-02
4.6500000000000004e+00	2.2490425236181510e-01	-2.4592025733353245e-01	1.0037167459795987e-02
4.6550000000000002e+00	2.2180996614620305e-01	-2.4625258158328830e-01	9.7617894885874239e-03
4.6600000000000001e+00	2.1871099234101232e-01	-2.4658347574743997e-01	9.4898785207925551e-03
4.6650000000000000e+00	2.1560735413258864e-01	-2.4691293898288169e-01	9.2214516067943217e-03
4.6699999999999999e+00	2.1249907478544211e-01	-2.4724097046023735e-01	8.9565257293088892e-03
4.6749999999999998e+00	2.0938617764189235e-01	-2.4756756936379476e-01	8.6951178030075602e-03
4.6799999999999997e+00	2.0626868612171539e-01	-2.4789273489152083e-01	8.4372446741414666e-03
4.6850000000000005e+00	2.0314662372178077e-01	-2.4821646625512328e-01	8.1829231201681098e-03
4.6900000000000004e+00	2.0002001401568931e-01	-2.4853876267989242e-01	7.9321698493805964e-03
4.6950000000000003e+00	1.9688888065340671e-01	-2.4885962340486689e-01	7.6850015005391851e-03
4.7000000000000002e+00	1.9375324736088964e-01	-2.4917904768270863e-01	7.4414346425048846e-03
4.7050000000000001e+00	1.9061313793971499e-01	-2.4949703477975324e-01	7.2014857738759751e-03
4.7100000000000000e+00	1.8746857626669722e-01	-2.4981358397601461e-01	6.9651713226262426e-03
4.7149999999999999e+00	1.8431958629351022e-01	-2.5012869456509901e-01	6.7325076457462269e-03
4.7199999999999998e+00	1.8116619204629930e-01	-2.5044236585431290e-01	6.5035110288863976e-03
4.7250000000000005e+00	1.7800841762529296e-01	-2.5075459716454307e-01	6.2781976860029672e-03
4.7300000000000004e+00	1.7484628720441064e-01	-2.5106538783036886e-01	6.0565837590060845e-03
4.7350000000000003e+00	1.7167982503086443e-01	-2.5137473719997971e-01	5.8386853174102532e-03
4.7400000000000002e+00	1.6850905542476155e-01	-2.5168264463514206e-01	5.6245183579874966e-03
4.7450000000000001e+00	1.6533400277869961e-01	-2.5198910951130732e-01	5.4140988044226708e-03
4.7500000000000000e+00	1.6215469155735934e-01	-2.5229413121747857e-01	5.2074425069712901e-03
4.7549999999999999e+00	1.5897114629709591e-01	-2.5259770915623747e-01	5.0045652421199325e-03
4.7599999999999998e+00	1.5578339160552382e-01	-2.5289984274383159e-01	4.8054827122488968e-03
4.7649999999999997e+00	1.5259145216109907e-01	-2.5320053141006266e-01	4.6102105452973611e-03
4.7700000000000005e+00	1.4939535271269971e-01	-2.5349977459829309e-01	4.4187642944311248e-03
4.7750000000000004e+00	1.4619511807920077e-01	-2.5379757176546597e-01	4.2311594377126742e-03
4.7800000000000002e+00	1.4299077314904743e-01	-2.5409392238205641e-01	4.0474113777738217e-03
4.7850000000000001e+00	1.3978234287982411e-01	-2.5438882593217377e-01	3.8675354414907893e-03
4.7900000000000000e+00	1.3656985229781818e-01	-2.5468228191341918e-01	3.6915468796616608e-03
4.7949999999999999e+00	1.3335332649758574e-01	-2.5497428983691056e-01	3.5194608666866359e-03
4.7999999999999998e+00	1.3013279064150785e-01	-2.5526484922736270e-01	3.3512925002504323e-03
4.8049999999999997e+00	1.2690826995934754e-01	-2.5555395962291350e-01	3.1870568010074181e-03
4.8100000000000005e+00	1.2367978974780348e-01	-2.5584162057532406e-01	3.0267687122692553e-03
4.8150000000000004e+00	1.2044737537005537e-01	-2.5612783164979414e-01	2.8704430996947905e-03
4.8200000000000003e+00	1.1721105225531551e-01	-2.5641259242503395e-01	2.7180947509829619e-03
4.8250000000000002e+00	1.1397084589836561e-01	-2.5669590249321933e-01	2.5697383755676467e-03
4.8300000000000001e+00	1.1072678185910299e-01	-2.5697776146001750e-01	2.4253886043156610e-03
4.8350000000000000e+00	1.0747888576207010e-01	-2.5725816894458914e-01	2.2850599892266579e-03
4.8399999999999999e+00	1.0422718329599412e-01	-2.5753712457949257e-01	2.1487670031361799e-03
4.8449999999999998e+00	1.0097170021331239e-01	-2.5781462801079386e-01	2.0165240394207696e-03
4.8500000000000005e+00	9.7712462329702765e-02	-2.5809067889792980e-01	1.8883454117059816e-03
4.8550000000000004e+00	9.4449495523606028e-02	-2.5836527691382238e-01	1.7642453535767495e-03
4.8600000000000003e+00	9.1182825735747042e-02	-2.5863842174476220e-01	1.6442380182903964e-03
4.8650000000000002e+00	8.7912478968653673e-02	-2.5891011309049661e-01	1.5283374784922422e-03
4.8700000000000001e+00	8.4638481286169465e-02	-2.5918035066412276e-01	1.4165577259336679e-03
4.8750000000000000e+00	8.1360858812968992e-02	-2.5944913419210242e-01	1.3089126711929640e-03
4.8799999999999999e+00	7.8079637734063928e-02	-2.5971646341432142e-01	1.2054161433985369e-03
4.8849999999999998e+00	7.4794844294310658e-02	-2.5998233808401566e-01	1.1060818899548666e-03
4.8899999999999997e+00	7.1506504797912152e-02	-2.6024675796774971e-01	1.0109235762709569e-03
4.8950000000000005e+00	6.8214645607919996e-02	-2.6050972284544116e-01	9.1995478549148301e-04
4.9000000000000004e+00	6.4919293145729556e-02	-2.6077123251029238e-01	8.3318901823042121e-04
4.9050000000000002e+00	6.1620473890577815e-02	-2.6103128676883308e-01	7.5063969230743479e-04
4.9100000000000001e+00	5.8318214379031362e-02	-2.6128988544097964e-01	6.7232014248668653e-04
4.9150000000000000e+00	5.5012541204476906e-02	-2.6154702835982829e-01	5.9824362021840478e-04
4.9199999999999999e+00	5.1703481016608592e-02	-2.6180271537178657e-01	5.2842329338304971e-04
4.9249999999999998e+00	4.8391060520909329e-02	-2.6205694633652804e-01	4.6287224603802792e-04
4.9299999999999997e+00	4.5075306478133480e-02	-2.6230972112697298e-01	4.0160347816712205e-04
4.9350000000000005e+00	4.1756245703782918e-02	-2.6256103962928606e-01	3.4462990543246668e-04
4.9400000000000004e+00	3.8433905067584109e-02	-2.6281090174284438e-01	2.9196435892922903e-04
4.9450000000000003e+00	3.5108311492959288e-02	-2.6305930738027183e-01	2.4361958494286434e-04
4.9500000000000002e+00	3.1779491956497062e-02	-2.6330625646733408e-01	1.9960824470904818e-04
4.9550000000000001e+00	2.8447473487420716e-02	-2.6355174894300804e-01	1.5994291417624801e-04
4.9600000000000000e+00	2.5112283167051514e-02	-2.6379578475944698e-01	1.2463608377090936e-04
4.9649999999999999e+00	2.1773948128272415e-02	-2.6403836388192975e-01	9.3700158165326743e-05
4.9699999999999998e+00	1.8432495554987261e-02	-2.6427948628894660e-01	6.7147456048139464e-05
4.9750000000000005e+00	1.5087952681576934e-02	-2.6451915197202508e-01	4.4990209897481965e-05
4.9800000000000004e+00	1.1740346792357626e-02	-2.6475736093583546e-01	2.7240565756820485e-05
4.9850000000000003e+00	8.3897052210290379e-03	-2.6499411319820748e-01	1.3910583013395269e-05
4.9900000000000002e+00	5.0360553501270161e-03	-2.6522940878997353e-01	5.0122341793704825e-06
4.9950000000000001e+00	1.6794246104705262e-03	-2.6534669242287934e-01	5.5740467562392634e-07
