0.0000000000000000e+00	0.0000000000000000e+00	0.0000000000000000e+00	0.0000000000000000e+00
5.0000000000000001e-03	3.1837930777603779e-01	2.3491411889270816e-01	2.0197480368416145e-02
1.0000000000000000e-02	3.1837930777603779e-01	2.3491411889270816e-01	2.0197480368416145e-02
1.4999999999999999e-02	3.1837930777603779e-01	2.3491411889270816e-01	2.0197480368416145e-02
2.0000000000000000e-02	3.1837930777603779e-01	2.3491411889270816e-01	2.0197480368416145e-02
2.5000000000000001e-02	3.1837930777603779e-01	2.3491411889270816e-01	2.0197480368416145e-02
2.9999999999999999e-02	3.1837930777603779e-01	2.3491411889270816e-01	2.0197480368416145e-02
3.5000000000000003e-02	3.1837930777603779e-01	2.3491411889270816e-01	2.0197480368416145e-02
4.0000000000000001e-02	3.1837930777603779e-01	2.3491411889270816e-01	2.0197480368416145e-02
4.4999999999999998e-02	3.1837930777603779e-01	2.3491411889270816e-01	2.0197480368416145e-02
5.0000000000000003e-02	3.1837930777603779e-01	2.3491411889270816e-01	2.0197480368416145e-02
5.5000000000000000e-02	3.1837930777603779e-01	2.3491411889270816e-01	2.0197480368416145e-02
5.9999999999999998e-02	3.1837930777603779e-01	2.3491411889270816e-01	2.0197480368416145e-02
6.5000000000000002e-02	3.1837930777603779e-01	2.3491411889270816e-01	2.0197480368416145e-02
7.0000000000000007e-02	3.1837930777603779e-01	2.3491411889270816e-01	2.0197480368416145e-02
7.4999999999999997e-02	3.1837930777603779e-01	2.3491411889270816e-01	2.0197480368416145e-02
8.0000000000000002e-02	3.1837930777603779e-01	2.3491411889270816e-01	2.0197480368416145e-02
8.5000000000000006e-02	3.1837930777603779e-01	2.3491411889270816e-01	2.0197480368416145e-02
8.9999999999999997e-02	3.1837930777603779e-01	2.3491411889270816e-01	2.0197480368416145e-02
9.5000000000000001e-02	3.1837930777603779e-01	2.3491411889270816e-01	2.0197480368416145e-02
1.0000000000000001e-01	3.1837930777603779e-01	2.3491411889270816e-01	2.0197480368416145e-02
1.0500000000000000e-01	3.1837930777603779e-01	2.3491411889270816e-01	2.0197480368416145e-02
1.1000000000000000e-01	3.1837930777603779e-01	2.3491411889270816e-01	2.0197480368416145e-02
1.1500000000000000e-01	3.1837930777603779e-01	2.3491411889270816e-01	2.0197480368416145e-02
1.2000000000000000e-01	3.1837930777603779e-01	2.3491411889270816e-01	2.0197480368416145e-02
1.2500000000000000e-01	3.1837930777603779e-01	2.3491411889270816e-01	2.0197480368416145e-02
1.3000000000000000e-01	3.1837930777603779e-01	2.3491411889270816e-01	2.0197480368416145e-02
1.3500000000000001e-01	3.1837930777603779e-01	2.3491411889270816e-01	2.0197480368416145e-02
1.4000000000000001e-01	3.1837930777603779e-01	2.3491411889270816e-01	2.0197480368416145e-02
1.4499999999999999e-01	3.1837930777603779e-01	2.3491411889270816e-01	2.0197480368416145e-02
1.4999999999999999e-01	3.1837930777603779e-01	2.3491411889270816e-01	2.0197480368416145e-02
1.5500000000000000e-01	3.1837930777603779e-01	2.3491411889270816e-01	2.0197480368416145e-02
1.6000000000000000e-01	3.1837930777603779e-01	2.3491411889270816e-01	2.0197480368416145e-02
1.6500000000000001e-01	3.1837930777603779e-01	2.3491411889270816e-01	2.0197480368416145e-02
1.7000000000000001e-01	3.1837930777603779e-01	2.3491411889270816e-01	2.0197480368416145e-02
1.7500000000000002e-01	3.1837930777603779e-01	2.3491411889270816e-01	2.0197480368416145e-02
1.7999999999999999e-01	3.1837930777603779e-01	2.3491411889270816e-01	2.0197480368416145e-02
1.8500000000000000e-01	3.1837930777603779e-01	2.3491411889270816e-01	2.0197480368416145e-02
1.9000000000000000e-01	3.1837930777603779e-01	2.3491411889270816e-01	2.0197480368416145e-02
1.9500000000000001e-01	3.1837930777603779e-01	2.3491411889270816e-01	2.0197480368416145e-02
2.0000000000000001e-01	3.1837930777603779e-01	2.3491411889270816e-01	2.0197480368416145e-02
2.0500000000000002e-01	3.1837930777603779e-01	2.3491411889270816e-01	2.0197480368416145e-02
2.0999999999999999e-01	3.1837930777603779e-01	2.3491411889270816e-01	2.0197480368416145e-02
2.1500000000000000e-01	3.1837930777603779e-01	2.3491411889270816e-01	2.0197480368416145e-02
2.2000000000000000e-01	3.1837930777603779e-01	2.3491411889270816e-01	2.0197480368416145e-02
2.2500000000000001e-01	3.1837930777603779e-01	2.3491411889270816e-01	2.0197480368416145e-02
2.3000000000000001e-01	3.1837930777603779e-01	2.3491411889270816e-01	2.0197480368416145e-02
2.3500000000000001e-01	3.1837930777603779e-01	2.3491411889270816e-01	2.0197480368416145e-02
2.3999999999999999e-01	3.1837930777603779e-01	2.3491411889270816e-01	2.0197480368416145e-02
2.4500000000000000e-01	3.1837930777603779e-01	2.3491411889270816e-01	2.0197480368416145e-02
2.5000000000000000e-01	3.1837930777603779e-01	2.3491411889270816e-01	2.0197480368416145e-02
2.5500000000000000e-01	3.1837930777603779e-01	2.3491411889270816e-01	2.0197480368416145e-02
2.6000000000000001e-01	3.1837930777603779e-01	2.3491411889270816e-01	2.0197480368416145e-02
2.6500000000000001e-01	3.1837930777603779e-01	2.3491411889270816e-01	2.0197480368416145e-02
2.7000000000000002e-01	3.1837930777603779e-01	2.3491411889270816e-01	2.0197480368416145e-02
2.7500000000000002e-01	3.1837930777603779e-01	2.3491411889270816e-01	2.0197480368416145e-02
2.8000000000000003e-01	3.1837930777603779e-01	2.3491411889270816e-01	2.0197480368416145e-02
2.8500000000000003e-01	3.1837930777603779e-01	2.3491411889270816e-01	2.0197480368416145e-02
2.8999999999999998e-01	3.1837930777603779e-01	2.3491411889270816e-01	2.0197480368416145e-02
2.9499999999999998e-01	3.1837930777603779e-01	2.3491411889270816e-01	2.0197480368416145e-02
2.9999999999999999e-01	3.1837930777603779e-01	2.3491411889270816e-01	2.0197480368416145e-02
3.0499999999999999e-01	3.1837930777603779e-01	2.3491411889270816e-01	2.0197480368416145e-02
3.1000000000000000e-01	3.1837930777603779e-01	2.3491411889270816e-01	2.0197480368416145e-02
3.1500000000000000e-01	3.1837930777603779e-01	2.3491411889270816e-01	2.0197480368416145e-02
3.2000000000000001e-01	3.1837930777603779e-01	2.3491411889270816e-01	2.0197480368416145e-02
3.2500000000000001e-01	3.1837930777603779e-01	2.3491411889270816e-01	2.0197480368416145e-02
3.3000000000000002e-01	3.1837930777603779e-01	2.3491411889270816e-01	2.0197480368416145e-02
3.3500000000000002e-01	3.1837930777603779e-01	2.3491411889270816e-01	2.0197480368416145e-02
3.4000000000000002e-01	3.1837930777603779e-01	2.3491411889270816e-01	2.0197480368416145e-02
3.4500000000000003e-01	3.1837930777603779e-01	2.3491411889270816e-01	2.0197480368416145e-02
3.5000000000000003e-01	3.1837930777603779e-01	2.3491411889270816e-01	2.0197480368416145e-02
3.5499999999999998e-01	3.1837930777603779e-01	2.3491411889270816e-01	2.0197480368416145e-02
3.5999999999999999e-01	3.1837930777603779e-01	2.3491411889270816e-01	2.0197480368416145e-02
3.6499999999999999e-01	3.1837930777603779e-01	2.3491411889270816e-01	2.0197480368416145e-02
3.7000000000000000e-01	3.1837930777603779e-01	2.3491411889270816e-01	2.0197480368416145e-02
3.7500000000000000e-01	3.1837930777603779e-01	2.3491411889270816e-01	2.0197480368416145e-02
3.8000000000000000e-01	3.1837930777603779e-01	2.3491411889270816e-01	2.0197480368416145e-02
3.8500000000000001e-01	3.1837930777603779e-01	2.3491411889270816e-01	2.0197480368416145e-02
3.9000000000000001e-01	3.1837930777603779e-01	2.3491411889270816e-01	2.0197480368416145e-02
3.9500000000000002e-01	3.1837930777603779e-01	2.3491411889270816e-01	2.0197480368416145e-02
4.0000000000000002e-01	3.1837930777603779e-01	2.3491411889270816e-01	2.0197480368416145e-02
4.0500000000000003e-01	3.1837930777603779e-01	2.3491411889270816e-01	2.0197480368416145e-02
4.1000000000000003e-01	3.1837930777603779e-01	2.3491411889270816e-01	2.0197480368416145e-02
4.1500000000000004e-01	3.1837930777603779e-01	2.3491411889270816e-01	2.0197480368416145e-02
4.1999999999999998e-01	3.1837930777603779e-01	2.3491411889270816e-01	2.0197480368416145e-02
4.2499999999999999e-01	3.1837930777603779e-01	2.3491411889270816e-01	2.0197480368416145e-02
4.2999999999999999e-01	3.1837930777603779e-01	2.3491411889270816e-01	2.0197480368416145e-02
4.3500000000000000e-01	3.1837930777603779e-01	2.3491411889270816e-01	2.0197480368416145e-02
4.4000000000000000e-01	3.1837930777603779e-01	2.3491411889270816e-01	2.0197480368416145e-02
4.4500000000000001e-01	3.1837930777603779e-01	2.3491411889270816e-01	2.0197480368416145e-02
4.5000000000000001e-01	3.1837930777603779e-01	2.3491411889270816e-01	2.0197480368416145e-02
4.5500000000000002e-01	3.1837930777603779e-01	2.3491411889270816e-01	2.0197480368416145e-02
4.6000000000000002e-01	3.1837930777603779e-01	2.3491411889270816e-01	2.0197480368416145e-02
4.6500000000000002e-01	3.1837930777603779e-01	2.3491411889270816e-01	2.0197480368416145e-02
4.7000000000000003e-01	3.1837930777603779e-01	2.3491411889270816e-01	2.0197480368416145e-02
4.7500000000000003e-01	3.1837930777603779e-01	2.3491411889270816e-01	2.0197480368416145e-02
4.7999999999999998e-01	3.1837930777603779e-01	2.3491411889270816e-01	2.0197480368416145e-02
4.8499999999999999e-01	3.1837930777603779e-01	2.3491411889270816e-01	2.0197480368416145e-02
4.8999999999999999e-01	3.1837930777603779e-01	2.3491411889270816e-01	2.0197480368416145e-02
4.9500000000000000e-01	3.1837930777603779e-01	2.3491411889270816e-01	2.0197480368416145e-02
5.0000000000000000e-01	3.1837930777603779e-01	2.3491411889270816e-01	2.0197480368416145e-02
5.0500000000000000e-01	3.1837930777603779e-01	2.3491411889270816e-01	2.0197480368416145e-02
5.1000000000000001e-01	3.1837930777603779e-01	2.3491411889270816e-01	2.0197480368416145e-02
5.1500000000000001e-01	3.1837930777603779e-01	2.3491411889270816e-01	2.0197480368416145e-02
5.2000000000000002e-01	3.1837930777603779e-01	2.3491411889270816e-01	2.0197480368416145e-02
5.2500000000000002e-01	3.1837930777603779e-01	2.3491411889270816e-01	2.0197480368416145e-02
5.3000000000000003e-01	3.1837930777603779e-01	2.3491411889270816e-01	2.0197480368416145e-02
5.3500000000000003e-01	3.1837930777603779e-01	2.3491411889270816e-01	2.0197480368416145e-02
5.4000000000000004e-01	3.1837930777603779e-01	2.3491411889270816e-01	2.0197480368416145e-02
5.4500000000000004e-01	3.1837930777603779e-01	2.3491411889270816e-01	2.0197480368416145e-02
5.5000000000000004e-01	3.1837930777603779e-01	2.3491411889270816e-01	2.0197480368416145e-02
5.5500000000000005e-01	3.1837930777603779e-01	2.3491411889270816e-01	2.0197480368416145e-02
5.6000000000000005e-01	3.1837930777603779e-01	2.3491411889270816e-01	2.0197480368416145e-02
5.6500000000000006e-01	3.1837930777603779e-01	2.3491411889270816e-01	2.0197480368416145e-02
5.7000000000000006e-01	3.1837930777603779e-01	2.3491411889270816e-01	2.0197480368416145e-02
5.7500000000000007e-01	3.1837930777603779e-01	2.3491411889270816e-01	2.0197480368416145e-02
5.7999999999999996e-01	3.1837930777603779e-01	2.3491411889270816e-01	2.0197480368416145e-02
5.8499999999999996e-01	3.1837930777603779e-01	2.3491411889270816e-01	2.0197480368416145e-02
5.8999999999999997e-01	3.1837930777603779e-01	2.3491411889270816e-01	2.0197480368416145e-02
5.9499999999999997e-01	3.1837930777603779e-01	2.3491411889270816e-01	2.0197480368416145e-02
5.9999999999999998e-01	3.1837930777603779e-01	2.3491411889270816e-01	2.0197480368416145e-02
6.0499999999999998e-01	3.1837930777603779e-01	2.3491411889270816e-01	2.0197480368416145e-02
6.0999999999999999e-01	3.1837930777603779e-01	2.3491411889270816e-01	2.0197480368416145e-02
6.1499999999999999e-01	3.1837930777603779e-01	2.3491411889270816e-01	2.0197480368416145e-02
6.2000000000000000e-01	3.1837930777603779e-01	2.3491411889270816e-01	2.0197480368416145e-02
6.2500000000000000e-01	3.1837930777603779e-01	2.3491411889270816e-01	2.0197480368416145e-02
6.3000000000000000e-01	3.1837930777603779e-01	2.3491411889270816e-01	2.0197480368416145e-02
6.3500000000000001e-01	3.1837930777603779e-01	2.3491411889270816e-01	2.0197480368416145e-02
6.4000000000000001e-01	3.1837930777603779e-01	2.3491411889270816e-01	2.0197480368416145e-02
6.4500000000000002e-01	3.1837930777603779e-01	2.3491411889270816e-01	2.0197480368416145e-02
6.5000000000000002e-01	3.1837930777603779e-01	2.3491411889270816e-01	2.0197480368416145e-02
6.5500000000000003e-01	3.1837930777603779e-01	2.3491411889270816e-01	2.0197480368416145e-02
6.6000000000000003e-01	3.1837930777603779e-01	2.3491411889270816e-01	2.0197480368416145e-02
6.6500000000000004e-01	3.1837930777603779e-01	2.3491411889270816e-01	2.0197480368416145e-02
6.7000000000000004e-01	3.1837930777603779e-01	2.3491411889270816e-01	2.0197480368416145e-02
6.7500000000000004e-01	3.1837930777603779e-01	2.3491411889270816e-01	2.0197480368416145e-02
6.8000000000000005e-01	3.1837930777603779e-01	2.3491411889270816e-01	2.0197480368416145e-02
6.8500000000000005e-01	3.1837930777603779e-01	2.3491411889270816e-01	2.0197480368416145e-02
6.9000000000000006e-01	3.1837930777603779e-01	2.3491411889270816e-01	2.0197480368416145e-02
6.9500000000000006e-01	3.1837930777603779e-01	2.3491411889270816e-01	2.0197480368416145e-02
7.0000000000000007e-01	3.1837930777603779e-01	2.3491411889270816e-01	2.0197480368416145e-02
7.0499999999999996e-01	3.1837930777603779e-01	2.3491411889270816e-01	2.0197480368416145e-02
7.0999999999999996e-01	3.1837930777603779e-01	2.3491411889270816e-01	2.0197480368416145e-02
7.1499999999999997e-01	3.1837930777603779e-01	2.3491411889270816e-01	2.0197480368416145e-02
7.1999999999999997e-01	3.1837930777603779e-01	2.3491411889270816e-01	2.0197480368416145e-02
7.2499999999999998e-01	3.1837930777603779e-01	2.3491411889270816e-01	2.0197480368416145e-02
7.2999999999999998e-01	3.1837930777603779e-01	2.3491411889270816e-01	2.0197480368416145e-02
7.3499999999999999e-01	3.1837930777603779e-01	2.3491411889270816e-01	2.0197480368416145e-02
7.3999999999999999e-01	3.1837930777603779e-01	2.3491411889270816e-01	2.0197480368416145e-02
7.4500000000000000e-01	3.1837930777603779e-01	2.3491411889270816e-01	2.0197480368416145e-02
7.5000000000000000e-01	3.1837930777603779e-01	2.3491411889270816e-01	2.0197480368416145e-02
7.5500000000000000e-01	3.1837930777603779e-01	2.3491411889270816e-01	2.0197480368416145e-02
7.6000000000000001e-01	3.1837930777603779e-01	2.3491411889270816e-01	2.0197480368416145e-02
7.6500000000000001e-01	3.1837930777603779e-01	2.3491411889270816e-01	2.0197480368416145e-02
7.7000000000000002e-01	3.1837930777603779e-01	2.3491411889270816e-01	2.0197480368416145e-02
7.7500000000000002e-01	3.1837930777603779e-01	2.3491411889270816e-01	2.0197480368416145e-02
7.8000000000000003e-01	3.1837930777603779e-01	2.3491411889270816e-01	2.0197480368416145e-02
7.8500000000000003e-01	3.1837930777603779e-01	2.3491411889270816e-01	2.0197480368416145e-02
7.9000000000000004e-01	3.1837930777603779e-01	2.3491411889270816e-01	2.0197480368416145e-02
7.9500000000000004e-01	3.1837930777603779e-01	2.3491411889270816e-01	2.0197480368416145e-02
8.0000000000000004e-01	3.1837930777603779e-01	2.3491411889270816e-01	2.0197480368416145e-02
8.0500000000000005e-01	3.1837930777603779e-01	2.3491411889270816e-01	2.0197480368416145e-02
8.1000000000000005e-01	3.1837930777603779e-01	2.3491411889270816e-01	2.0197480368416145e-02
8.1500000000000006e-01	3.1837930777603779e-01	2.3491411889270816e-01	2.0197480368416145e-02
8.2000000000000006e-01	3.1837930777603779e-01	2.3491411889270816e-01	2.0197480368416145e-02
8.2500000000000007e-01	3.1837930777603779e-01	2.3491411889270816e-01	2.0197480368416145e-02
8.3000000000000007e-01	3.1837930777603779e-01	2.3491411889270816e-01	2.0197480368416145e-02
8.3499999999999996e-01	3.1837930777603779e-01	2.3491411889270816e-01	2.0197480368416145e-02
8.3999999999999997e-01	3.1837930777603779e-01	2.3491411889270816e-01	2.0197480368416145e-02
8.4499999999999997e-01	3.1837930777603779e-01	2.3491411889270816e-01	2.0197480368416145e-02
8.4999999999999998e-01	3.1837930777603779e-01	2.3491411889270816e-01	2.0197480368416145e-02
8.5499999999999998e-01	3.1837930777603779e-01	2.3491411889270816e-01	2.0197480368416145e-02
8.5999999999999999e-01	3.1837930777603779e-01	2.3491411889270816e-01	2.0197480368416145e-02
8.6499999999999999e-01	3.1837930777603779e-01	2.3491411889270816e-01	2.0197480368416145e-02
8.7000000000000000e-01	3.1837930777603779e-01	2.3491411889270816e-01	2.0197480368416145e-02
8.7500000000000000e-01	3.1837930777603779e-01	2.3491411889270816e-01	2.0197480368416145e-02
8.8000000000000000e-01	3.1837930777603779e-01	2.3491411889270816e-01	2.0197480368416145e-02
8.8500000000000001e-01	3.1837930777603779e-01	2.3491411889270816e-01	2.0197480368416145e-02
8.9000000000000001e-01	3.1837930777603779e-01	2.3491411889270816e-01	2.0197480368416145e-02
8.9500000000000002e-01	3.1837930777603779e-01	2.3491411889270816e-01	2.0197480368416145e-02
9.0000000000000002e-01	3.1837930777603779e-01	2.3491411889270816e-01	2.0197480368416145e-02
9.0500000000000003e-01	3.1837930777603779e-01	2.3491411889270816e-01	2.0197480368416145e-02
9.1000000000000003e-01	3.1837930777603779e-01	2.3491411889270816e-01	2.0197480368416145e-02
9.1500000000000004e-01	3.1837930777603779e-01	2.3491411889270816e-01	2.0197480368416145e-02
9.2000000000000004e-01	3.1837930777603779e-01	2.3491411889270816e-01	2.0197480368416145e-02
9.2500000000000004e-01	3.1837930777603779e-01	2.3491411889270816e-01	2.0197480368416145e-02
9.3000000000000005e-01	3.1837930777603779e-01	2.3491411889270816e-01	2.0197480368416145e-02
9.3500000000000005e-01	3.1837930777603779e-01	2.3491411889270816e-01	2.0197480368416145e-02
9.4000000000000006e-01	3.1837930777603779e-01	2.3491411889270816e-01	2.0197480368416145e-02
9.4500000000000006e-01	3.1837930777603779e-01	2.3491411889270816e-01	2.0197480368416145e-02
9.5000000000000007e-01	3.1837930777603779e-01	2.3491411889270816e-01	2.0197480368416145e-02
9.5500000000000007e-01	3.1837930777603779e-01	2.3491411889270816e-01	2.0197480368416145e-02
9.5999999999999996e-01	3.1837930777603779e-01	2.3491411889270816e-01	2.0197480368416145e-02
9.6499999999999997e-01	3.1837930777603779e-01	2.3491411889270816e-01	2.0197480368416145e-02
9.6999999999999997e-01	3.1837930777603779e-01	2.3491411889270816e-01	2.0197480368416145e-02
9.7499999999999998e-01	3.1837930777603779e-01	2.3491411889270816e-01	2.0197480368416145e-02
9.7999999999999998e-01	3.1837930777603779e-01	2.3491411889270816e-01	2.0197480368416145e-02
9.8499999999999999e-01	3.1837930777603779e-01	2.3491411889270816e-01	2.0197480368416145e-02
9.8999999999999999e-01	3.1837930777603779e-01	2.3491411889270816e-01	2.0197480368416145e-02
9.9500000000000000e-01	3.1837930777603779e-01	2.3491411889270816e-01	2.0197480368416145e-02
1.0000000000000000e+00	7.7644582343621682e-01	1.3423545244916740e-01	1.2543182991228957e-01
1.0050000000000001e+00	7.7644582343621682e-01	1.3423545244916740e-01	1.2543182991228957e-01
1.0100000000000000e+00	7.7644582343621682e-01	1.3423545244916740e-01	1.2543182991228957e-01
1.0150000000000001e+00	7.7644582343621682e-01	1.3423545244916740e-01	1.2543182991228957e-01
1.0200000000000000e+00	7.7644582343621682e-01	1.3423545244916740e-01	1.2543182991228957e-01
1.0249999999999999e+00	7.7644582343621682e-01	1.3423545244916740e-01	1.2543182991228957e-01
1.0300000000000000e+00	7.7644582343621682e-01	1.3423545244916740e-01	1.2543182991228957e-01
1.0349999999999999e+00	7.7644582343621682e-01	1.3423545244916740e-01	1.2543182991228957e-01
1.0400000000000000e+00	7.7644582343621682e-01	1.3423545244916740e-01	1.2543182991228957e-01
1.0449999999999999e+00	7.7644582343621682e-01	1.3423545244916740e-01	1.2543182991228957e-01
1.0500000000000000e+00	7.7644582343621682e-01	1.3423545244916740e-01	1.2543182991228957e-01
1.0549999999999999e+00	7.7644582343621682e-01	1.3423545244916740e-01	1.2543182991228957e-01
1.0600000000000001e+00	7.7644582343621682e-01	1.3423545244916740e-01	1.2543182991228957e-01
1.0649999999999999e+00	7.7644582343621682e-01	1.3423545244916740e-01	1.2543182991228957e-01
1.0700000000000001e+00	7.7644582343621682e-01	1.3423545244916740e-01	1.2543182991228957e-01
1.0750000000000000e+00	7.7644582343621682e-01	1.3423545244916740e-01	1.2543182991228957e-01
1.0800000000000001e+00	7.7644582343621682e-01	1.3423545244916740e-01	1.2543182991228957e-01
1.0850000000000000e+00	7.7644582343621682e-01	1.3423545244916740e-01	1.2543182991228957e-01
1.0900000000000001e+00	7.7644582343621682e-01	1.3423545244916740e-01	1.2543182991228957e-01
1.0950000000000000e+00	7.7644582343621682e-01	1.3423545244916740e-01	1.2543182991228957e-01
1.1000000000000001e+00	7.7644582343621682e-01	1.3423545244916740e-01	1.2543182991228957e-01
1.1050000000000000e+00	7.7644582343621682e-01	1.3423545244916740e-01	1.2543182991228957e-01
1.1100000000000001e+00	7.7644582343621682e-01	1.3423545244916740e-01	1.2543182991228957e-01
1.1150000000000000e+00	7.7644582343621682e-01	1.3423545244916740e-01	1.2543182991228957e-01
1.1200000000000001e+00	7.7644582343621682e-01	1.3423545244916740e-01	1.2543182991228957e-01
1.1250000000000000e+00	7.7644582343621682e-01	1.3423545244916740e-01	1.2543182991228957e-01
1.1300000000000001e+00	7.7644582343621682e-01	1.3423545244916740e-01	1.2543182991228957e-01
1.1350000000000000e+00	7.7644582343621682e-01	1.3423545244916740e-01	1.2543182991228957e-01
1.1400000000000001e+00	7.7644582343621682e-01	1.3423545244916740e-01	1.2543182991228957e-01
1.1450000000000000e+00	7.7644582343621682e-01	1.3423545244916740e-01	1.2543182991228957e-01
1.1500000000000001e+00	7.7644582343621682e-01	1.3423545244916740e-01	1.2543182991228957e-01
1.1550000000000000e+00	7.7644582343621682e-01	1.3423545244916740e-01	1.2543182991228957e-01
1.1599999999999999e+00	7.7644582343621682e-01	1.3423545244916740e-01	1.2543182991228957e-01
1.1650000000000000e+00	7.7644582343621682e-01	1.3423545244916740e-01	1.2543182991228957e-01
1.1699999999999999e+00	7.7644582343621682e-01	1.3423545244916740e-01	1.2543182991228957e-01
1.1750000000000000e+00	7.7644582343621682e-01	1.3423545244916740e-01	1.2543182991228957e-01
1.1799999999999999e+00	7.7644582343621682e-01	1.3423545244916740e-01	1.2543182991228957e-01
1.1850000000000001e+00	7.7644582343621682e-01	1.3423545244916740e-01	1.2543182991228957e-01
1.1899999999999999e+00	7.7644582343621682e-01	1.3423545244916740e-01	1.2543182991228957e-01
1.1950000000000001e+00	7.7644582343621682e-01	1.3423545244916740e-01	1.2543182991228957e-01
1.2000000000000000e+00	7.7644582343621682e-01	1.3423545244916740e-01	1.2543182991228957e-01
1.2050000000000001e+00	7.7644582343621682e-01	1.3423545244916740e-01	1.2543182991228957e-01
1.2100000000000000e+00	7.7644582343621682e-01	1.3423545244916740e-01	1.2543182991228957e-01
1.2150000000000001e+00	7.7644582343621682e-01	1.3423545244916740e-01	1.2543182991228957e-01
1.2200000000000000e+00	7.7644582343621682e-01	1.3423545244916740e-01	1.2543182991228957e-01
1.2250000000000001e+00	7.7644582343621682e-01	1.3423545244916740e-01	1.2543182991228957e-01
1.2300000000000000e+00	7.7644582343621682e-01	1.3423545244916740e-01	1.2543182991228957e-01
1.2350000000000001e+00	7.7644582343621682e-01	1.3423545244916740e-01	1.2543182991228957e-01
1.2400000000000000e+00	7.7644582343621682e-01	1.3423545244916740e-01	1.2543182991228957e-01
1.2450000000000001e+00	7.7644582343621682e-01	1.3423545244916740e-01	1.2543182991228957e-01
1.2500000000000000e+00	7.7644582343621682e-01	1.3423545244916740e-01	1.2543182991228957e-01
1.2550000000000001e+00	7.7644582343621682e-01	1.3423545244916740e-01	1.2543182991228957e-01
1.2600000000000000e+00	7.7644582343621682e-01	1.3423545244916740e-01	1.2543182991228957e-01
1.2650000000000001e+00	7.7644582343621682e-01	1.3423545244916740e-01	1.2543182991228957e-01
1.2700000000000000e+00	7.7644582343621682e-01	1.3423545244916740e-01	1.2543182991228957e-01
1.2750000000000001e+00	7.7644582343621682e-01	1.3423545244916740e-01	1.2543182991228957e-01
1.2800000000000000e+00	7.7644582343621682e-01	1.3423545244916740e-01	1.2543182991228957e-01
1.2849999999999999e+00	7.7644582343621682e-01	1.3423545244916740e-01	1.2543182991228957e-01
1.2900000000000000e+00	7.7644582343621682e-01	1.3423545244916740e-01	1.2543182991228957e-01
1.2949999999999999e+00	7.7644582343621682e-01	1.3423545244916740e-01	1.2543182991228957e-01
1.3000000000000000e+00	7.7644582343621682e-01	1.3423545244916740e-01	1.2543182991228957e-01
1.3049999999999999e+00	7.7644582343621682e-01	1.3423545244916740e-01	1.2543182991228957e-01
1.3100000000000001e+00	7.7644582343621682e-01	1.3423545244916740e-01	1.2543182991228957e-01
1.3149999999999999e+00	7.7644582343621682e-01	1.3423545244916740e-01	1.2543182991228957e-01
1.3200000000000001e+00	7.7644582343621682e-01	1.3423545244916740e-01	1.2543182991228957e-01
1.3250000000000000e+00	7.7644582343621682e-01	1.3423545244916740e-01	1.2543182991228957e-01
1.3300000000000001e+00	7.7644582343621682e-01	1.3423545244916740e-01	1.2543182991228957e-01
1.3350000000000000e+00	7.7644582343621682e-01	1.3423545244916740e-01	1.2543182991228957e-01
1.3400000000000001e+00	7.7644582343621682e-01	1.3423545244916740e-01	1.2543182991228957e-01
1.3450000000000000e+00	7.7644582343621682e-01	1.3423545244916740e-01	1.2543182991228957e-01
1.3500000000000001e+00	7.7644582343621682e-01	1.3423545244916740e-01	1.2543182991228957e-01
1.3550000000000000e+00	7.7644582343621682e-01	1.3423545244916740e-01	1.2543182991228957e-01
1.3600000000000001e+00	7.7644582343621682e-01	1.3423545244916740e-01	1.2543182991228957e-01
1.3650000000000000e+00	7.7644582343621682e-01	1.3423545244916740e-01	1.2543182991228957e-01
1.3700000000000001e+00	7.7644582343621682e-01	1.3423545244916740e-01	1.2543182991228957e-01
1.3750000000000000e+00	7.7644582343621682e-01	1.3423545244916740e-01	1.2543182991228957e-01
1.3800000000000001e+00	7.7644582343621682e-01	1.3423545244916740e-01	1.2543182991228957e-01
1.3850000000000000e+00	7.7644582343621682e-01	1.3423545244916740e-01	1.2543182991228957e-01
1.3900000000000001e+00	7.7644582343621682e-01	1.3423545244916740e-01	1.2543182991228957e-01
1.3950000000000000e+00	7.7644582343621682e-01	1.3423545244916740e-01	1.2543182991228957e-01
1.4000000000000001e+00	7.7644582343621682e-01	1.3423545244916740e-01	1.2543182991228957e-01
1.4050000000000000e+00	7.7644582343621682e-01	1.3423545244916740e-01	1.2543182991228957e-01
1.4099999999999999e+00	7.7644582343621682e-01	1.3423545244916740e-01	1.2543182991228957e-01
1.4150000000000000e+00	7.7644582343621682e-01	1.3423545244916740e-01	1.2543182991228957e-01
1.4199999999999999e+00	7.7644582343621682e-01	1.3423545244916740e-01	1.2543182991228957e-01
1.4250000000000000e+00	7.7644582343621682e-01	1.3423545244916740e-01	1.2543182991228957e-01
1.4299999999999999e+00	7.7644582343621682e-01	1.3423545244916740e-01	1.2543182991228957e-01
1.4350000000000001e+00	7.7644582343621682e-01	1.3423545244916740e-01	1.2543182991228957e-01
1.4399999999999999e+00	7.7644582343621682e-01	1.3423545244916740e-01	1.2543182991228957e-01
1.4450000000000001e+00	7.7644582343621682e-01	1.3423545244916740e-01	1.2543182991228957e-01
1.4500000000000000e+00	7.7644582343621682e-01	1.3423545244916740e-01	1.2543182991228957e-01
1.4550000000000001e+00	7.7644582343621682e-01	1.3423545244916740e-01	1.2543182991228957e-01
1.4600000000000000e+00	7.7644582343621682e-01	1.3423545244916740e-01	1.2543182991228957e-01
1.4650000000000001e+00	7.7644582343621682e-01	1.3423545244916740e-01	1.2543182991228957e-01
1.4700000000000000e+00	7.7644582343621682e-01	1.3423545244916740e-01	1.2543182991228957e-01
1.4750000000000001e+00	7.7644582343621682e-01	1.3423545244916740e-01	1.2543182991228957e-01
1.4800000000000000e+00	7.7644582343621682e-01	1.3423545244916740e-01	1.2543182991228957e-01
1.4850000000000001e+00	7.7644582343621682e-01	1.3423545244916740e-01	1.2543182991228957e-01
1.4900000000000000e+00	7.7644582343621682e-01	1.3423545244916740e-01	1.2543182991228957e-01
1.4950000000000001e+00	7.7644582343621682e-01	1.3423545244916740e-01	1.2543182991228957e-01
1.5000000000000000e+00	7.7644582343621682e-01	1.3423545244916740e-01	1.2543182991228957e-01
1.5050000000000001e+00	7.7644582343621682e-01	1.3423545244916740e-01	1.2543182991228957e-01
1.5100000000000000e+00	7.7644582343621682e-01	1.3423545244916740e-01	1.2543182991228957e-01
1.5150000000000001e+00	7.7644582343621682e-01	1.3423545244916740e-01	1.2543182991228957e-01
1.5200000000000000e+00	7.7644582343621682e-01	1.3423545244916740e-01	1.2543182991228957e-01
1.5250000000000001e+00	7.7644582343621682e-01	1.3423545244916740e-01	1.2543182991228957e-01
1.5300000000000000e+00	7.7644582343621682e-01	1.3423545244916740e-01	1.2543182991228957e-01
1.5350000000000001e+00	7.7644582343621682e-01	1.3423545244916740e-01	1.2543182991228957e-01
1.5400000000000000e+00	7.7644582343621682e-01	1.3423545244916740e-01	1.2543182991228957e-01
1.5449999999999999e+00	7.7644582343621682e-01	1.3423545244916740e-01	1.2543182991228957e-01
1.5500000000000000e+00	7.7644582343621682e-01	1.3423545244916740e-01	1.2543182991228957e-01
1.5549999999999999e+00	7.7644582343621682e-01	1.3423545244916740e-01	1.2543182991228957e-01
1.5600000000000001e+00	7.7644582343621682e-01	1.3423545244916740e-01	1.2543182991228957e-01
1.5649999999999999e+00	7.7644582343621682e-01	1.3423545244916740e-01	1.2543182991228957e-01
1.5700000000000001e+00	7.7644582343621682e-01	1.3423545244916740e-01	1.2543182991228957e-01
1.5750000000000000e+00	7.7644582343621682e-01	1.3423545244916740e-01	1.2543182991228957e-01
1.5800000000000001e+00	7.7644582343621682e-01	1.3423545244916740e-01	1.2543182991228957e-01
1.5850000000000000e+00	7.7644582343621682e-01	1.3423545244916740e-01	1.2543182991228957e-01
1.5900000000000001e+00	7.7644582343621682e-01	1.3423545244916740e-01	1.2543182991228957e-01
1.5950000000000000e+00	7.7644582343621682e-01	1.3423545244916740e-01	1.2543182991228957e-01
1.6000000000000001e+00	7.7644582343621682e-01	1.3423545244916740e-01	1.2543182991228957e-01
1.6050000000000000e+00	7.7644582343621682e-01	1.3423545244916740e-01	1.2543182991228957e-01
1.6100000000000001e+00	7.7644582343621682e-01	1.3423545244916740e-01	1.2543182991228957e-01
1.6150000000000000e+00	7.7644582343621682e-01	1.3423545244916740e-01	1.2543182991228957e-01
1.6200000000000001e+00	7.7644582343621682e-01	1.3423545244916740e-01	1.2543182991228957e-01
1.6250000000000000e+00	7.7644582343621682e-01	1.3423545244916740e-01	1.2543182991228957e-01
1.6300000000000001e+00	7.7644582343621682e-01	1.3423545244916740e-01	1.2543182991228957e-01
1.6350000000000000e+00	7.7644582343621682e-01	1.3423545244916740e-01	1.2543182991228957e-01
1.6400000000000001e+00	7.7644582343621682e-01	1.3423545244916740e-01	1.2543182991228957e-01
1.6450000000000000e+00	7.7644582343621682e-01	1.3423545244916740e-01	1.2543182991228957e-01
1.6500000000000001e+00	7.7644582343621682e-01	1.3423545244916740e-01	1.2543182991228957e-01
1.6550000000000000e+00	7.7644582343621682e-01	1.3423545244916740e-01	1.2543182991228957e-01
1.6600000000000001e+00	7.7644582343621682e-01	1.3423545244916740e-01	1.2543182991228957e-01
1.6650000000000000e+00	7.7644582343621682e-01	1.3423545244916740e-01	1.2543182991228957e-01
1.6699999999999999e+00	7.7644582343621682e-01	1.3423545244916740e-01	1.2543182991228957e-01
1.6750000000000000e+00	7.7644582343621682e-01	1.3423545244916740e-01	1.2543182991228957e-01
1.6799999999999999e+00	7.7644582343621682e-01	1.3423545244916740e-01	1.2543182991228957e-01
1.6850000000000001e+00	7.7644582343621682e-01	1.3423545244916740e-01	1.2543182991228957e-01
1.6899999999999999e+00	7.7644582343621682e-01	1.3423545244916740e-01	1.2543182991228957e-01
1.6950000000000001e+00	7.7644582343621682e-01	1.3423545244916740e-01	1.2543182991228957e-01
1.7000000000000000e+00	7.7644582343621682e-01	1.3423545244916740e-01	1.2543182991228957e-01
1.7050000000000001e+00	7.7644582343621682e-01	1.3423545244916740e-01	1.2543182991228957e-01
1.7100000000000000e+00	7.7644582343621682e-01	1.3423545244916740e-01	1.2543182991228957e-01
1.7150000000000001e+00	7.7644582343621682e-01	1.3423545244916740e-01	1.2543182991228957e-01
1.7200000000000000e+00	7.7644582343621682e-01	1.3423545244916740e-01	1.2543182991228957e-01
1.7250000000000001e+00	7.7644582343621682e-01	1.3423545244916740e-01	1.2543182991228957e-01
1.7300000000000000e+00	7.7644582343621682e-01	1.3423545244916740e-01	1.2543182991228957e-01
1.7350000000000001e+00	7.7644582343621682e-01	1.3423545244916740e-01	1.2543182991228957e-01
1.7400000000000000e+00	7.7644582343621682e-01	1.3423545244916740e-01	1.2543182991228957e-01
1.7450000000000001e+00	7.7644582343621682e-01	1.3423545244916740e-01	1.2543182991228957e-01
1.7500000000000000e+00	7.7644582343621682e-01	1.3423545244916740e-01	1.2543182991228957e-01
1.7550000000000001e+00	7.7644582343621682e-01	1.3423545244916740e-01	1.2543182991228957e-01
1.7600000000000000e+00	7.7644582343621682e-01	1.3423545244916740e-01	1.2543182991228957e-01
1.7650000000000001e+00	7.7644582343621682e-01	1.3423545244916740e-01	1.2543182991228957e-01
1.7700000000000000e+00	7.7644582343621682e-01	1.3423545244916740e-01	1.2543182991228957e-01
1.7750000000000001e+00	7.7644582343621682e-01	1.3423545244916740e-01	1.2543182991228957e-01
1.7800000000000000e+00	7.7644582343621682e-01	1.3423545244916740e-01	1.2543182991228957e-01
1.7850000000000001e+00	7.7644582343621682e-01	1.3423545244916740e-01	1.2543182991228957e-01
1.7900000000000000e+00	7.7644582343621682e-01	1.3423545244916740e-01	1.2543182991228957e-01
1.7949999999999999e+00	7.7644582343621682e-01	1.3423545244916740e-01	1.2543182991228957e-01
1.8000000000000000e+00	7.7644582343621682e-01	1.3423545244916740e-01	1.2543182991228957e-01
1.8049999999999999e+00	7.7644582343621682e-01	1.3423545244916740e-01	1.2543182991228957e-01
1.8100000000000001e+00	7.7644582343621682e-01	1.3423545244916740e-01	1.2543182991228957e-01
1.8149999999999999e+00	7.7644582343621682e-01	1.3423545244916740e-01	1.2543182991228957e-01
1.8200000000000001e+00	7.7644582343621682e-01	1.3423545244916740e-01	1.2543182991228957e-01
1.8250000000000000e+00	7.7644582343621682e-01	1.3423545244916740e-01	1.2543182991228957e-01
1.8300000000000001e+00	7.7644582343621682e-01	1.3423545244916740e-01	1.2543182991228957e-01
1.8350000000000000e+00	7.7644582343621682e-01	1.3423545244916740e-01	1.2543182991228957e-01
1.8400000000000001e+00	7.7644582343621682e-01	1.3423545244916740e-01	1.2543182991228957e-01
1.8450000000000000e+00	7.7644582343621682e-01	1.3423545244916740e-01	1.2543182991228957e-01
1.8500000000000001e+00	7.7644582343621682e-01	1.3423545244916740e-01	1.2543182991228957e-01
1.8550000000000000e+00	7.7644582343621682e-01	1.3423545244916740e-01	1.2543182991228957e-01
1.8600000000000001e+00	7.7644582343621682e-01	1.3423545244916740e-01	1.2543182991228957e-01
1.8650000000000000e+00	7.7644582343621682e-01	1.3423545244916740e-01	1.2543182991228957e-01
1.8700000000000001e+00	7.7644582343621682e-01	1.3423545244916740e-01	1.2543182991228957e-01
1.8750000000000000e+00	7.7644582343621682e-01	1.3423545244916740e-01	1.2543182991228957e-01
1.8800000000000001e+00	7.7644582343621682e-01	1.3423545244916740e-01	1.2543182991228957e-01
1.8850000000000000e+00	7.7644582343621682e-01	1.3423545244916740e-01	1.2543182991228957e-01
1.8900000000000001e+00	7.7644582343621682e-01	1.3423545244916740e-01	1.2543182991228957e-01
1.8950000000000000e+00	7.7644582343621682e-01	1.3423545244916740e-01	1.2543182991228957e-01
1.9000000000000001e+00	7.7644582343621682e-01	1.3423545244916740e-01	1.2543182991228957e-01
1.9050000000000000e+00	7.7644582343621682e-01	1.3423545244916740e-01	1.2543182991228957e-01
1.9100000000000001e+00	7.7644582343621682e-01	1.3423545244916740e-01	1.2543182991228957e-01
1.9150000000000000e+00	7.7644582343621682e-01	1.3423545244916740e-01	1.2543182991228957e-01
1.9199999999999999e+00	7.7644582343621682e-01	1.3423545244916740e-01	1.2543182991228957e-01
1.9250000000000000e+00	7.7644582343621682e-01	1.3423545244916740e-01	1.2543182991228957e-01
1.9299999999999999e+00	7.7644582343621682e-01	1.3423545244916740e-01	1.2543182991228957e-01
1.9350000000000001e+00	7.7644582343621682e-01	1.3423545244916740e-01	1.2543182991228957e-01
1.9399999999999999e+00	7.7644582343621682e-01	1.3423545244916740e-01	1.2543182991228957e-01
1.9450000000000001e+00	7.7644582343621682e-01	1.3423545244916740e-01	1.2543182991228957e-01
1.9500000000000000e+00	7.7644582343621682e-01	1.3423545244916740e-01	1.2543182991228957e-01
1.9550000000000001e+00	7.7644582343621682e-01	1.3423545244916740e-01	1.2543182991228957e-01
1.9600000000000000e+00	7.7644582343621682e-01	1.3423545244916740e-01	1.2543182991228957e-01
1.9650000000000001e+00	7.7644582343621682e-01	1.3423545244916740e-01	1.2543182991228957e-01
1.9700000000000000e+00	7.7644582343621682e-01	1.3423545244916740e-01	1.2543182991228957e-01
1.9750000000000001e+00	7.7644582343621682e-01	1.3423545244916740e-01	1.2543182991228957e-01
1.9800000000000000e+00	7.7644582343621682e-01	1.3423545244916740e-01	1.2543182991228957e-01
1.9850000000000001e+00	7.7644582343621682e-01	1.3423545244916740e-01	1.2543182991228957e-01
1.9900000000000000e+00	7.7644582343621682e-01	1.3423545244916740e-01	1.2543182991228957e-01
1.9950000000000001e+00	7.7644582343621682e-01	1.3423545244916740e-01	1.2543182991228957e-01
2.0000000000000000e+00	9.3340700478396033e-01	-3.5183566098759115e-04	1.8591141741614817e-01
2.0049999999999999e+00	9.3340700478396033e-01	-3.5183566098759115e-04	1.8591141741614817e-01
2.0100000000000002e+00	9.3340700478396033e-01	-3.5183566098759115e-04	1.8591141741614817e-01
2.0150000000000001e+00	9.3340700478396033e-01	-3.5183566098759115e-04	1.8591141741614817e-01
2.0200000000000000e+00	9.3340700478396033e-01	-3.5183566098759115e-04	1.8591141741614817e-01
2.0249999999999999e+00	9.3340700478396033e-01	-3.5183566098759115e-04	1.8591141741614817e-01
2.0300000000000002e+00	9.3340700478396033e-01	-3.5183566098759115e-04	1.8591141741614817e-01
2.0350000000000001e+00	9.3340700478396033e-01	-3.5183566098759115e-04	1.8591141741614817e-01
2.0400000000000000e+00	9.3340700478396033e-01	-3.5183566098759115e-04	1.8591141741614817e-01
2.0449999999999999e+00	9.3340700478396033e-01	-3.5183566098759115e-04	1.8591141741614817e-01
2.0499999999999998e+00	9.3340700478396033e-01	-3.5183566098759115e-04	1.8591141741614817e-01
2.0550000000000002e+00	9.3340700478396033e-01	-3.5183566098759115e-04	1.8591141741614817e-01
2.0600000000000001e+00	9.3340700478396033e-01	-3.5183566098759115e-04	1.8591141741614817e-01
2.0649999999999999e+00	9.3340700478396033e-01	-3.5183566098759115e-04	1.8591141741614817e-01
2.0699999999999998e+00	9.3340700478396033e-01	-3.5183566098759115e-04	1.8591141741614817e-01
2.0750000000000002e+00	9.3340700478396033e-01	-3.5183566098759115e-04	1.8591141741614817e-01
2.0800000000000001e+00	9.3340700478396033e-01	-3.5183566098759115e-04	1.8591141741614817e-01
2.0850000000000000e+00	9.3340700478396033e-01	-3.5183566098759115e-04	1.8591141741614817e-01
2.0899999999999999e+00	9.3340700478396033e-01	-3.5183566098759115e-04	1.8591141741614817e-01
2.0950000000000002e+00	9.3340700478396033e-01	-3.5183566098759115e-04	1.8591141741614817e-01
2.1000000000000001e+00	9.3340700478396033e-01	-3.5183566098759115e-04	1.8591141741614817e-01
2.1050000000000000e+00	9.3340700478396033e-01	-3.5183566098759115e-04	1.8591141741614817e-01
2.1099999999999999e+00	9.3340700478396033e-01	-3.5183566098759115e-04	1.8591141741614817e-01
2.1150000000000002e+00	9.3340700478396033e-01	-3.5183566098759115e-04	1.8591141741614817e-01
2.1200000000000001e+00	9.3340700478396033e-01	-3.5183566098759115e-04	1.8591141741614817e-01
2.1250000000000000e+00	9.3340700478396033e-01	-3.5183566098759115e-04	1.8591141741614817e-01
2.1299999999999999e+00	9.3340700478396033e-01	-3.5183566098759115e-04	1.8591141741614817e-01
2.1350000000000002e+00	9.3340700478396033e-01	-3.5183566098759115e-04	1.8591141741614817e-01
2.1400000000000001e+00	9.3340700478396033e-01	-3.5183566098759115e-04	1.8591141741614817e-01
2.1450000000000000e+00	9.3340700478396033e-01	-3.5183566098759115e-04	1.8591141741614817e-01
2.1499999999999999e+00	9.3340700478396033e-01	-3.5183566098759115e-04	1.8591141741614817e-01
2.1550000000000002e+00	9.3340700478396033e-01	-3.5183566098759115e-04	1.8591141741614817e-01
2.1600000000000001e+00	9.3340700478396033e-01	-3.5183566098759115e-04	1.8591141741614817e-01
2.1650000000000000e+00	9.3340700478396033e-01	-3.5183566098759115e-04	1.8591141741614817e-01
2.1699999999999999e+00	9.3340700478396033e-01	-3.5183566098759115e-04	1.8591141741614817e-01
2.1750000000000003e+00	9.3340700478396033e-01	-3.5183566098759115e-04	1.8591141741614817e-01
2.1800000000000002e+00	9.3340700478396033e-01	-3.5183566098759115e-04	1.8591141741614817e-01
2.1850000000000001e+00	9.3340700478396033e-01	-3.5183566098759115e-04	1.8591141741614817e-01
2.1899999999999999e+00	9.3340700478396033e-01	-3.5183566098759115e-04	1.8591141741614817e-01
2.1949999999999998e+00	9.3340700478396033e-01	-3.5183566098759115e-04	1.8591141741614817e-01
2.2000000000000002e+00	9.3340700478396033e-01	-3.5183566098759115e-04	1.8591141741614817e-01
2.2050000000000001e+00	9.3340700478396033e-01	-3.5183566098759115e-04	1.8591141741614817e-01
2.2100000000000000e+00	9.3340700478396033e-01	-3.5183566098759115e-04	1.8591141741614817e-01
2.2149999999999999e+00	9.3340700478396033e-01	-3.5183566098759115e-04	1.8591141741614817e-01
2.2200000000000002e+00	9.3340700478396033e-01	-3.5183566098759115e-04	1.8591141741614817e-01
2.2250000000000001e+00	9.3340700478396033e-01	-3.5183566098759115e-04	1.8591141741614817e-01
2.2300000000000000e+00	9.3340700478396033e-01	-3.5183566098759115e-04	1.8591141741614817e-01
2.2349999999999999e+00	9.3340700478396033e-01	-3.5183566098759115e-04	1.8591141741614817e-01
2.2400000000000002e+00	9.3340700478396033e-01	-3.5183566098759115e-04	1.8591141741614817e-01
2.2450000000000001e+00	9.3340700478396033e-01	-3.5183566098759115e-04	1.8591141741614817e-01
2.2500000000000000e+00	9.3340700478396033e-01	-3.5183566098759115e-04	1.8591141741614817e-01
2.2549999999999999e+00	9.3340700478396033e-01	-3.5183566098759115e-04	1.8591141741614817e-01
2.2600000000000002e+00	9.3340700478396033e-01	-3.5183566098759115e-04	1.8591141741614817e-01
2.2650000000000001e+00	9.3340700478396033e-01	-3.5183566098759115e-04	1.8591141741614817e-01
2.2700000000000000e+00	9.3340700478396033e-01	-3.5183566098759115e-04	1.8591141741614817e-01
2.2749999999999999e+00	9.3340700478396033e-01	-3.5183566098759115e-04	1.8591141741614817e-01
2.2800000000000002e+00	9.3340700478396033e-01	-3.5183566098759115e-04	1.8591141741614817e-01
2.2850000000000001e+00	9.3340700478396033e-01	-3.5183566098759115e-04	1.8591141741614817e-01
2.2900000000000000e+00	9.3340700478396033e-01	-3.5183566098759115e-04	1.8591141741614817e-01
2.2949999999999999e+00	9.3340700478396033e-01	-3.5183566098759115e-04	1.8591141741614817e-01
2.3000000000000003e+00	9.3340700478396033e-01	-3.5183566098759115e-04	1.8591141741614817e-01
2.3050000000000002e+00	9.3340700478396033e-01	-3.5183566098759115e-04	1.8591141741614817e-01
2.3100000000000001e+00	9.3340700478396033e-01	-3.5183566098759115e-04	1.8591141741614817e-01
2.3149999999999999e+00	9.3340700478396033e-01	-3.5183566098759115e-04	1.8591141741614817e-01
2.3199999999999998e+00	9.3340700478396033e-01	-3.5183566098759115e-04	1.8591141741614817e-01
2.3250000000000002e+00	9.3340700478396033e-01	-3.5183566098759115e-04	1.8591141741614817e-01
2.3300000000000001e+00	9.3340700478396033e-01	-3.5183566098759115e-04	1.8591141741614817e-01
2.3350000000000000e+00	9.3340700478396033e-01	-3.5183566098759115e-04	1.8591141741614817e-01
2.3399999999999999e+00	9.3340700478396033e-01	-3.5183566098759115e-04	1.8591141741614817e-01
2.3450000000000002e+00	9.3340700478396033e-01	-3.5183566098759115e-04	1.8591141741614817e-01
2.3500000000000001e+00	9.3340700478396033e-01	-3.5183566098759115e-04	1.8591141741614817e-01
2.3550000000000000e+00	9.3340700478396033e-01	-3.5183566098759115e-04	1.8591141741614817e-01
2.3599999999999999e+00	9.3340700478396033e-01	-3.5183566098759115e-04	1.8591141741614817e-01
2.3650000000000002e+00	9.3340700478396033e-01	-3.5183566098759115e-04	1.8591141741614817e-01
2.3700000000000001e+00	9.3340700478396033e-01	-3.5183566098759115e-04	1.8591141741614817e-01
2.3750000000000000e+00	9.3340700478396033e-01	-3.5183566098759115e-04	1.8591141741614817e-01
2.3799999999999999e+00	9.3340700478396033e-01	-3.5183566098759115e-04	1.8591141741614817e-01
2.3850000000000002e+00	9.3340700478396033e-01	-3.5183566098759115e-04	1.8591141741614817e-01
2.3900000000000001e+00	9.3340700478396033e-01	-3.5183566098759115e-04	1.8591141741614817e-01
2.3950000000000000e+00	9.3340700478396033e-01	-3.5183566098759115e-04	1.8591141741614817e-01
2.3999999999999999e+00	9.3340700478396033e-01	-3.5183566098759115e-04	1.8591141741614817e-01
2.4050000000000002e+00	9.3340700478396033e-01	-3.5183566098759115e-04	1.8591141741614817e-01
2.4100000000000001e+00	9.3340700478396033e-01	-3.5183566098759115e-04	1.8591141741614817e-01
2.4150000000000000e+00	9.3340700478396033e-01	-3.5183566098759115e-04	1.8591141741614817e-01
2.4199999999999999e+00	9.3340700478396033e-01	-3.5183566098759115e-04	1.8591141741614817e-01
2.4250000000000003e+00	9.3340700478396033e-01	-3.5183566098759115e-04	1.8591141741614817e-01
2.4300000000000002e+00	9.3340700478396033e-01	-3.5183566098759115e-04	1.8591141741614817e-01
2.4350000000000001e+00	9.3340700478396033e-01	-3.5183566098759115e-04	1.8591141741614817e-01
2.4399999999999999e+00	9.3340700478396033e-01	-3.5183566098759115e-04	1.8591141741614817e-01
2.4449999999999998e+00	9.3340700478396033e-01	-3.5183566098759115e-04	1.8591141741614817e-01
2.4500000000000002e+00	9.3340700478396033e-01	-3.5183566098759115e-04	1.8591141741614817e-01
2.4550000000000001e+00	9.3340700478396033e-01	-3.5183566098759115e-04	1.8591141741614817e-01
2.4600000000000000e+00	9.3340700478396033e-01	-3.5183566098759115e-04	1.8591141741614817e-01
2.4649999999999999e+00	9.3340700478396033e-01	-3.5183566098759115e-04	1.8591141741614817e-01
2.4700000000000002e+00	9.3340700478396033e-01	-3.5183566098759115e-04	1.8591141741614817e-01
2.4750000000000001e+00	9.3340700478396033e-01	-3.5183566098759115e-04	1.8591141741614817e-01
2.4800000000000000e+00	9.3340700478396033e-01	-3.5183566098759115e-04	1.8591141741614817e-01
2.4849999999999999e+00	9.3340700478396033e-01	-3.5183566098759115e-04	1.8591141741614817e-01
2.4900000000000002e+00	9.3340700478396033e-01	-3.5183566098759115e-04	1.8591141741614817e-01
2.4950000000000001e+00	9.3340700478396033e-01	-3.5183566098759115e-04	1.8591141741614817e-01
2.5000000000000000e+00	9.3340700478396033e-01	-3.5183566098759115e-04	1.8591141741614817e-01
2.5049999999999999e+00	9.3340700478396033e-01	-3.5183566098759115e-04	1.8591141741614817e-01
2.5100000000000002e+00	9.3340700478396033e-01	-3.5183566098759115e-04	1.8591141741614817e-01
2.5150000000000001e+00	9.3340700478396033e-01	-3.5183566098759115e-04	1.8591141741614817e-01
2.5200000000000000e+00	9.3340700478396033e-01	-3.5183566098759115e-04	1.8591141741614817e-01
2.5249999999999999e+00	9.3340700478396033e-01	-3.5183566098759115e-04	1.8591141741614817e-01
2.5300000000000002e+00	9.3340700478396033e-01	-3.5183566098759115e-04	1.8591141741614817e-01
2.5350000000000001e+00	9.3340700478396033e-01	-3.5183566098759115e-04	1.8591141741614817e-01
2.5400000000000000e+00	9.3340700478396033e-01	-3.5183566098759115e-04	1.8591141741614817e-01
2.5449999999999999e+00	9.3340700478396033e-01	-3.5183566098759115e-04	1.8591141741614817e-01
2.5500000000000003e+00	9.3340700478396033e-01	-3.5183566098759115e-04	1.8591141741614817e-01
2.5550000000000002e+00	9.3340700478396033e-01	-3.5183566098759115e-04	1.8591141741614817e-01
2.5600000000000001e+00	9.3340700478396033e-01	-3.5183566098759115e-04	1.8591141741614817e-01
2.5649999999999999e+00	9.3340700478396033e-01	-3.5183566098759115e-04	1.8591141741614817e-01
2.5699999999999998e+00	9.3340700478396033e-01	-3.5183566098759115e-04	1.8591141741614817e-01
2.5750000000000002e+00	9.3340700478396033e-01	-3.5183566098759115e-04	1.8591141741614817e-01
2.5800000000000001e+00	9.3340700478396033e-01	-3.5183566098759115e-04	1.8591141741614817e-01
2.5850000000000000e+00	9.3340700478396033e-01	-3.5183566098759115e-04	1.8591141741614817e-01
2.5899999999999999e+00	9.3340700478396033e-01	-3.5183566098759115e-04	1.8591141741614817e-01
2.5950000000000002e+00	9.3340700478396033e-01	-3.5183566098759115e-04	1.8591141741614817e-01
2.6000000000000001e+00	9.3340700478396033e-01	-3.5183566098759115e-04	1.8591141741614817e-01
2.6050000000000000e+00	9.3340700478396033e-01	-3.5183566098759115e-04	1.8591141741614817e-01
2.6099999999999999e+00	9.3340700478396033e-01	-3.5183566098759115e-04	1.8591141741614817e-01
2.6150000000000002e+00	9.3340700478396033e-01	-3.5183566098759115e-04	1.8591141741614817e-01
2.6200000000000001e+00	9.3340700478396033e-01	-3.5183566098759115e-04	1.8591141741614817e-01
2.6250000000000000e+00	9.3340700478396033e-01	-3.5183566098759115e-04	1.8591141741614817e-01
2.6299999999999999e+00	9.3340700478396033e-01	-3.5183566098759115e-04	1.8591141741614817e-01
2.6350000000000002e+00	9.3340700478396033e-01	-3.5183566098759115e-04	1.8591141741614817e-01
2.6400000000000001e+00	9.3340700478396033e-01	-3.5183566098759115e-04	1.8591141741614817e-01
2.6450000000000000e+00	9.3340700478396033e-01	-3.5183566098759115e-04	1.8591141741614817e-01
2.6499999999999999e+00	9.3340700478396033e-01	-3.5183566098759115e-04	1.8591141741614817e-01
2.6550000000000002e+00	9.3340700478396033e-01	-3.5183566098759115e-04	1.8591141741614817e-01
2.6600000000000001e+00	9.3340700478396033e-01	-3.5183566098759115e-04	1.8591141741614817e-01
2.6650000000000000e+00	9.3340700478396033e-01	-3.5183566098759115e-04	1.8591141741614817e-01
2.6699999999999999e+00	9.3340700478396033e-01	-3.5183566098759115e-04	1.8591141741614817e-01
2.6750000000000003e+00	9.3340700478396033e-01	-3.5183566098759115e-04	1.8591141741614817e-01
2.6800000000000002e+00	9.3340700478396033e-01	-3.5183566098759115e-04	1.8591141741614817e-01
2.6850000000000001e+00	9.3340700478396033e-01	-3.5183566098759115e-04	1.8591141741614817e-01
2.6899999999999999e+00	9.3340700478396033e-01	-3.5183566098759115e-04	1.8591141741614817e-01
2.6949999999999998e+00	9.3340700478396033e-01	-3.5183566098759115e-04	1.8591141741614817e-01
2.7000000000000002e+00	9.3340700478396033e-01	-3.5183566098759115e-04	1.8591141741614817e-01
2.7050000000000001e+00	9.3340700478396033e-01	-3.5183566098759115e-04	1.8591141741614817e-01
2.7100000000000000e+00	9.3340700478396033e-01	-3.5183566098759115e-04	1.8591141741614817e-01
2.7149999999999999e+00	9.3340700478396033e-01	-3.5183566098759115e-04	1.8591141741614817e-01
2.7200000000000002e+00	9.3340700478396033e-01	-3.5183566098759115e-04	1.8591141741614817e-01
2.7250000000000001e+00	9.3340700478396033e-01	-3.5183566098759115e-04	1.8591141741614817e-01
2.7300000000000000e+00	9.3340700478396033e-01	-3.5183566098759115e-04	1.8591141741614817e-01
2.7349999999999999e+00	9.3340700478396033e-01	-3.5183566098759115e-04	1.8591141741614817e-01
2.7400000000000002e+00	9.3340700478396033e-01	-3.5183566098759115e-04	1.8591141741614817e-01
2.7450000000000001e+00	9.3340700478396033e-01	-3.5183566098759115e-04	1.8591141741614817e-01
2.7500000000000000e+00	9.3340700478396033e-01	-3.5183566098759115e-04	1.8591141741614817e-01
2.7549999999999999e+00	9.3340700478396033e-01	-3.5183566098759115e-04	1.8591141741614817e-01
2.7600000000000002e+00	9.3340700478396033e-01	-3.5183566098759115e-04	1.8591141741614817e-01
2.7650000000000001e+00	9.3340700478396033e-01	-3.5183566098759115e-04	1.8591141741614817e-01
2.7700000000000000e+00	9.3340700478396033e-01	-3.5183566098759115e-04	1.8591141741614817e-01
2.7749999999999999e+00	9.3340700478396033e-01	-3.5183566098759115e-04	1.8591141741614817e-01
2.7800000000000002e+00	9.3340700478396033e-01	-3.5183566098759115e-04	1.8591141741614817e-01
2.7850000000000001e+00	9.3340700478396033e-01	-3.5183566098759115e-04	1.8591141741614817e-01
2.7900000000000000e+00	9.3340700478396033e-01	-3.5183566098759115e-04	1.8591141741614817e-01
2.7949999999999999e+00	9.3340700478396033e-01	-3.5183566098759115e-04	1.8591141741614817e-01
2.8000000000000003e+00	9.3340700478396033e-01	-3.5183566098759115e-04	1.8591141741614817e-01
2.8050000000000002e+00	9.3340700478396033e-01	-3.5183566098759115e-04	1.8591141741614817e-01
2.8100000000000001e+00	9.3340700478396033e-01	-3.5183566098759115e-04	1.8591141741614817e-01
2.8149999999999999e+00	9.3340700478396033e-01	-3.5183566098759115e-04	1.8591141741614817e-01
2.8199999999999998e+00	9.3340700478396033e-01	-3.5183566098759115e-04	1.8591141741614817e-01
2.8250000000000002e+00	9.3340700478396033e-01	-3.5183566098759115e-04	1.8591141741614817e-01
2.8300000000000001e+00	9.3340700478396033e-01	-3.5183566098759115e-04	1.8591141741614817e-01
2.8350000000000000e+00	9.3340700478396033e-01	-3.5183566098759115e-04	1.8591141741614817e-01
2.8399999999999999e+00	9.3340700478396033e-01	-3.5183566098759115e-04	1.8591141741614817e-01
2.8450000000000002e+00	9.3340700478396033e-01	-3.5183566098759115e-04	1.8591141741614817e-01
2.8500000000000001e+00	9.3340700478396033e-01	-3.5183566098759115e-04	1.8591141741614817e-01
2.8550000000000000e+00	9.3340700478396033e-01	-3.5183566098759115e-04	1.8591141741614817e-01
2.8599999999999999e+00	9.3340700478396033e-01	-3.5183566098759115e-04	1.8591141741614817e-01
2.8650000000000002e+00	9.3340700478396033e-01	-3.5183566098759115e-04	1.8591141741614817e-01
2.8700000000000001e+00	9.3340700478396033e-01	-3.5183566098759115e-04	1.8591141741614817e-01
2.8750000000000000e+00	9.3340700478396033e-01	-3.5183566098759115e-04	1.8591141741614817e-01
2.8799999999999999e+00	9.3340700478396033e-01	-3.5183566098759115e-04	1.8591141741614817e-01
2.8850000000000002e+00	9.3340700478396033e-01	-3.5183566098759115e-04	1.8591141741614817e-01
2.8900000000000001e+00	9.3340700478396033e-01	-3.5183566098759115e-04	1.8591141741614817e-01
2.8950000000000000e+00	9.3340700478396033e-01	-3.5183566098759115e-04	1.8591141741614817e-01
2.8999999999999999e+00	9.3340700478396033e-01	-3.5183566098759115e-04	1.8591141741614817e-01
2.9050000000000002e+00	9.3340700478396033e-01	-3.5183566098759115e-04	1.8591141741614817e-01
2.9100000000000001e+00	9.3340700478396033e-01	-3.5183566098759115e-04	1.8591141741614817e-01
2.9150000000000000e+00	9.3340700478396033e-01	-3.5183566098759115e-04	1.8591141741614817e-01
2.9199999999999999e+00	9.3340700478396033e-01	-3.5183566098759115e-04	1.8591141741614817e-01
2.9250000000000003e+00	9.3340700478396033e-01	-3.5183566098759115e-04	1.8591141741614817e-01
2.9300000000000002e+00	9.3340700478396033e-01	-3.5183566098759115e-04	1.8591141741614817e-01
2.9350000000000001e+00	9.3340700478396033e-01	-3.5183566098759115e-04	1.8591141741614817e-01
2.9399999999999999e+00	9.3340700478396033e-01	-3.5183566098759115e-04	1.8591141741614817e-01
2.9449999999999998e+00	9.3340700478396033e-01	-3.5183566098759115e-04	1.8591141741614817e-01
2.9500000000000002e+00	9.3340700478396033e-01	-3.5183566098759115e-04	1.8591141741614817e-01
2.9550000000000001e+00	9.3340700478396033e-01	-3.5183566098759115e-04	1.8591141741614817e-01
2.9600000000000000e+00	9.3340700478396033e-01	-3.5183566098759115e-04	1.8591141741614817e-01
2.9649999999999999e+00	9.3340700478396033e-01	-3.5183566098759115e-04	1.8591141741614817e-01
2.9700000000000002e+00	9.3340700478396033e-01	-3.5183566098759115e-04	1.8591141741614817e-01
2.9750000000000001e+00	9.3340700478396033e-01	-3.5183566098759115e-04	1.8591141741614817e-01
2.9800000000000000e+00	9.3340700478396033e-01	-3.5183566098759115e-04	1.8591141741614817e-01
2.9849999999999999e+00	9.3340700478396033e-01	-3.5183566098759115e-04	1.8591141741614817e-01
2.9900000000000002e+00	9.3340700478396033e-01	-3.5183566098759115e-04	1.8591141741614817e-01
2.9950000000000001e+00	9.3340700478396033e-01	-3.5183566098759115e-04	1.8591141741614817e-01
3.0000000000000000e+00	7.7487321802564602e-01	-1.3484761682252333e-01	1.2489647464055874e-01
3.0049999999999999e+00	7.7487321802564602e-01	-1.3484761682252333e-01	1.2489647464055874e-01
3.0100000000000002e+00	7.7487321802564602e-01	-1.3484761682252333e-01	1.2489647464055874e-01
3.0150000000000001e+00	7.7487321802564602e-01	-1.3484761682252333e-01	1.2489647464055874e-01
3.0200000000000000e+00	7.7487321802564602e-01	-1.3484761682252333e-01	1.2489647464055874e-01
3.0249999999999999e+00	7.7487321802564602e-01	-1.3484761682252333e-01	1.2489647464055874e-01
3.0300000000000002e+00	7.7487321802564602e-01	-1.3484761682252333e-01	1.2489647464055874e-01
3.0350000000000001e+00	7.7487321802564602e-01	-1.3484761682252333e-01	1.2489647464055874e-01
3.0400000000000000e+00	7.7487321802564602e-01	-1.3484761682252333e-01	1.2489647464055874e-01
3.0449999999999999e+00	7.7487321802564602e-01	-1.3484761682252333e-01	1.2489647464055874e-01
3.0500000000000003e+00	7.7487321802564602e-01	-1.3484761682252333e-01	1.2489647464055874e-01
3.0550000000000002e+00	7.7487321802564602e-01	-1.3484761682252333e-01	1.2489647464055874e-01
3.0600000000000001e+00	7.7487321802564602e-01	-1.3484761682252333e-01	1.2489647464055874e-01
3.0649999999999999e+00	7.7487321802564602e-01	-1.3484761682252333e-01	1.2489647464055874e-01
3.0700000000000003e+00	7.7487321802564602e-01	-1.3484761682252333e-01	1.2489647464055874e-01
3.0750000000000002e+00	7.7487321802564602e-01	-1.3484761682252333e-01	1.2489647464055874e-01
3.0800000000000001e+00	7.7487321802564602e-01	-1.3484761682252333e-01	1.2489647464055874e-01
3.0850000000000000e+00	7.7487321802564602e-01	-1.3484761682252333e-01	1.2489647464055874e-01
3.0899999999999999e+00	7.7487321802564602e-01	-1.3484761682252333e-01	1.2489647464055874e-01
3.0950000000000002e+00	7.7487321802564602e-01	-1.3484761682252333e-01	1.2489647464055874e-01
3.1000000000000001e+00	7.7487321802564602e-01	-1.3484761682252333e-01	1.2489647464055874e-01
3.1050000000000000e+00	7.7487321802564602e-01	-1.3484761682252333e-01	1.2489647464055874e-01
3.1099999999999999e+00	7.7487321802564602e-01	-1.3484761682252333e-01	1.2489647464055874e-01
3.1150000000000002e+00	7.7487321802564602e-01	-1.3484761682252333e-01	1.2489647464055874e-01
3.1200000000000001e+00	7.7487321802564602e-01	-1.3484761682252333e-01	1.2489647464055874e-01
3.1250000000000000e+00	7.7487321802564602e-01	-1.3484761682252333e-01	1.2489647464055874e-01
3.1299999999999999e+00	7.7487321802564602e-01	-1.3484761682252333e-01	1.2489647464055874e-01
3.1350000000000002e+00	7.7487321802564602e-01	-1.3484761682252333e-01	1.2489647464055874e-01
3.1400000000000001e+00	7.7487321802564602e-01	-1.3484761682252333e-01	1.2489647464055874e-01
3.1450000000000000e+00	7.7487321802564602e-01	-1.3484761682252333e-01	1.2489647464055874e-01
3.1499999999999999e+00	7.7487321802564602e-01	-1.3484761682252333e-01	1.2489647464055874e-01
3.1550000000000002e+00	7.7487321802564602e-01	-1.3484761682252333e-01	1.2489647464055874e-01
3.1600000000000001e+00	7.7487321802564602e-01	-1.3484761682252333e-01	1.2489647464055874e-01
3.1650000000000000e+00	7.7487321802564602e-01	-1.3484761682252333e-01	1.2489647464055874e-01
3.1699999999999999e+00	7.7487321802564602e-01	-1.3484761682252333e-01	1.2489647464055874e-01
3.1750000000000003e+00	7.7487321802564602e-01	-1.3484761682252333e-01	1.2489647464055874e-01
3.1800000000000002e+00	7.7487321802564602e-01	-1.3484761682252333e-01	1.2489647464055874e-01
3.1850000000000001e+00	7.7487321802564602e-01	-1.3484761682252333e-01	1.2489647464055874e-01
3.1899999999999999e+00	7.7487321802564602e-01	-1.3484761682252333e-01	1.2489647464055874e-01
3.1950000000000003e+00	7.7487321802564602e-01	-1.3484761682252333e-01	1.2489647464055874e-01
3.2000000000000002e+00	7.7487321802564602e-01	-1.3484761682252333e-01	1.2489647464055874e-01
3.2050000000000001e+00	7.7487321802564602e-01	-1.3484761682252333e-01	1.2489647464055874e-01
3.2100000000000000e+00	7.7487321802564602e-01	-1.3484761682252333e-01	1.2489647464055874e-01
3.2149999999999999e+00	7.7487321802564602e-01	-1.3484761682252333e-01	1.2489647464055874e-01
3.2200000000000002e+00	7.7487321802564602e-01	-1.3484761682252333e-01	1.2489647464055874e-01
3.2250000000000001e+00	7.7487321802564602e-01	-1.3484761682252333e-01	1.2489647464055874e-01
3.2300000000000000e+00	7.7487321802564602e-01	-1.3484761682252333e-01	1.2489647464055874e-01
3.2349999999999999e+00	7.7487321802564602e-01	-1.3484761682252333e-01	1.2489647464055874e-01
3.2400000000000002e+00	7.7487321802564602e-01	-1.3484761682252333e-01	1.2489647464055874e-01
3.2450000000000001e+00	7.7487321802564602e-01	-1.3484761682252333e-01	1.2489647464055874e-01
3.2500000000000000e+00	7.7487321802564602e-01	-1.3484761682252333e-01	1.2489647464055874e-01
3.2549999999999999e+00	7.7487321802564602e-01	-1.3484761682252333e-01	1.2489647464055874e-01
3.2600000000000002e+00	7.7487321802564602e-01	-1.3484761682252333e-01	1.2489647464055874e-01
3.2650000000000001e+00	7.7487321802564602e-01	-1.3484761682252333e-01	1.2489647464055874e-01
3.2700000000000000e+00	7.7487321802564602e-01	-1.3484761682252333e-01	1.2489647464055874e-01
3.2749999999999999e+00	7.7487321802564602e-01	-1.3484761682252333e-01	1.2489647464055874e-01
3.2800000000000002e+00	7.7487321802564602e-01	-1.3484761682252333e-01	1.2489647464055874e-01
3.2850000000000001e+00	7.7487321802564602e-01	-1.3484761682252333e-01	1.2489647464055874e-01
3.2900000000000000e+00	7.7487321802564602e-01	-1.3484761682252333e-01	1.2489647464055874e-01
3.2949999999999999e+00	7.7487321802564602e-01	-1.3484761682252333e-01	1.2489647464055874e-01
3.3000000000000003e+00	7.7487321802564602e-01	-1.3484761682252333e-01	1.2489647464055874e-01
3.3050000000000002e+00	7.7487321802564602e-01	-1.3484761682252333e-01	1.2489647464055874e-01
3.3100000000000001e+00	7.7487321802564602e-01	-1.3484761682252333e-01	1.2489647464055874e-01
3.3149999999999999e+00	7.7487321802564602e-01	-1.3484761682252333e-01	1.2489647464055874e-01
3.3200000000000003e+00	7.7487321802564602e-01	-1.3484761682252333e-01	1.2489647464055874e-01
3.3250000000000002e+00	7.7487321802564602e-01	-1.3484761682252333e-01	1.2489647464055874e-01
3.3300000000000001e+00	7.7487321802564602e-01	-1.3484761682252333e-01	1.2489647464055874e-01
3.3350000000000000e+00	7.7487321802564602e-01	-1.3484761682252333e-01	1.2489647464055874e-01
3.3399999999999999e+00	7.7487321802564602e-01	-1.3484761682252333e-01	1.2489647464055874e-01
3.3450000000000002e+00	7.7487321802564602e-01	-1.3484761682252333e-01	1.2489647464055874e-01
3.3500000000000001e+00	7.7487321802564602e-01	-1.3484761682252333e-01	1.2489647464055874e-01
3.3550000000000000e+00	7.7487321802564602e-01	-1.3484761682252333e-01	1.2489647464055874e-01
3.3599999999999999e+00	7.7487321802564602e-01	-1.3484761682252333e-01	1.2489647464055874e-01
3.3650000000000002e+00	7.7487321802564602e-01	-1.3484761682252333e-01	1.2489647464055874e-01
3.3700000000000001e+00	7.7487321802564602e-01	-1.3484761682252333e-01	1.2489647464055874e-01
3.3750000000000000e+00	7.7487321802564602e-01	-1.3484761682252333e-01	1.2489647464055874e-01
3.3799999999999999e+00	7.7487321802564602e-01	-1.3484761682252333e-01	1.2489647464055874e-01
3.3850000000000002e+00	7.7487321802564602e-01	-1.3484761682252333e-01	1.2489647464055874e-01
3.3900000000000001e+00	7.7487321802564602e-01	-1.3484761682252333e-01	1.2489647464055874e-01
3.3950000000000000e+00	7.7487321802564602e-01	-1.3484761682252333e-01	1.2489647464055874e-01
3.3999999999999999e+00	7.7487321802564602e-01	-1.3484761682252333e-01	1.2489647464055874e-01
3.4050000000000002e+00	7.7487321802564602e-01	-1.3484761682252333e-01	1.2489647464055874e-01
3.4100000000000001e+00	7.7487321802564602e-01	-1.3484761682252333e-01	1.2489647464055874e-01
3.4150000000000000e+00	7.7487321802564602e-01	-1.3484761682252333e-01	1.2489647464055874e-01
3.4199999999999999e+00	7.7487321802564602e-01	-1.3484761682252333e-01	1.2489647464055874e-01
3.4250000000000003e+00	7.7487321802564602e-01	-1.3484761682252333e-01	1.2489647464055874e-01
3.4300000000000002e+00	7.7487321802564602e-01	-1.3484761682252333e-01	1.2489647464055874e-01
3.4350000000000001e+00	7.7487321802564602e-01	-1.3484761682252333e-01	1.2489647464055874e-01
3.4399999999999999e+00	7.7487321802564602e-01	-1.3484761682252333e-01	1.2489647464055874e-01
3.4450000000000003e+00	7.7487321802564602e-01	-1.3484761682252333e-01	1.2489647464055874e-01
3.4500000000000002e+00	7.7487321802564602e-01	-1.3484761682252333e-01	1.2489647464055874e-01
3.4550000000000001e+00	7.7487321802564602e-01	-1.3484761682252333e-01	1.2489647464055874e-01
3.4600000000000000e+00	7.7487321802564602e-01	-1.3484761682252333e-01	1.2489647464055874e-01
3.4649999999999999e+00	7.7487321802564602e-01	-1.3484761682252333e-01	1.2489647464055874e-01
3.4700000000000002e+00	7.7487321802564602e-01	-1.3484761682252333e-01	1.2489647464055874e-01
3.4750000000000001e+00	7.7487321802564602e-01	-1.3484761682252333e-01	1.2489647464055874e-01
3.4800000000000000e+00	7.7487321802564602e-01	-1.3484761682252333e-01	1.2489647464055874e-01
3.4849999999999999e+00	7.7487321802564602e-01	-1.3484761682252333e-01	1.2489647464055874e-01
3.4900000000000002e+00	7.7487321802564602e-01	-1.3484761682252333e-01	1.2489647464055874e-01
3.4950000000000001e+00	7.7487321802564602e-01	-1.3484761682252333e-01	1.2489647464055874e-01
3.5000000000000000e+00	7.7487321802564602e-01	-1.3484761682252333e-01	1.2489647464055874e-01
3.5049999999999999e+00	7.7487321802564602e-01	-1.3484761682252333e-01	1.2489647464055874e-01
3.5100000000000002e+00	7.7487321802564602e-01	-1.3484761682252333e-01	1.2489647464055874e-01
3.5150000000000001e+00	7.7487321802564602e-01	-1.3484761682252333e-01	1.2489647464055874e-01
3.5200000000000000e+00	7.7487321802564602e-01	-1.3484761682252333e-01	1.2489647464055874e-01
3.5249999999999999e+00	7.7487321802564602e-01	-1.3484761682252333e-01	1.2489647464055874e-01
3.5300000000000002e+00	7.7487321802564602e-01	-1.3484761682252333e-01	1.2489647464055874e-01
3.5350000000000001e+00	7.7487321802564602e-01	-1.3484761682252333e-01	1.2489647464055874e-01
3.5400000000000000e+00	7.7487321802564602e-01	-1.3484761682252333e-01	1.2489647464055874e-01
3.5449999999999999e+00	7.7487321802564602e-01	-1.3484761682252333e-01	1.2489647464055874e-01
3.5500000000000003e+00	7.7487321802564602e-01	-1.3484761682252333e-01	1.2489647464055874e-01
3.5550000000000002e+00	7.7487321802564602e-01	-1.3484761682252333e-01	1.2489647464055874e-01
3.5600000000000001e+00	7.7487321802564602e-01	-1.3484761682252333e-01	1.2489647464055874e-01
3.5649999999999999e+00	7.7487321802564602e-01	-1.3484761682252333e-01	1.2489647464055874e-01
3.5700000000000003e+00	7.7487321802564602e-01	-1.3484761682252333e-01	1.2489647464055874e-01
3.5750000000000002e+00	7.7487321802564602e-01	-1.3484761682252333e-01	1.2489647464055874e-01
3.5800000000000001e+00	7.7487321802564602e-01	-1.3484761682252333e-01	1.2489647464055874e-01
3.5850000000000000e+00	7.7487321802564602e-01	-1.3484761682252333e-01	1.2489647464055874e-01
3.5899999999999999e+00	7.7487321802564602e-01	-1.3484761682252333e-01	1.2489647464055874e-01
3.5950000000000002e+00	7.7487321802564602e-01	-1.3484761682252333e-01	1.2489647464055874e-01
3.6000000000000001e+00	7.7487321802564602e-01	-1.3484761682252333e-01	1.2489647464055874e-01
3.6050000000000000e+00	7.7487321802564602e-01	-1.3484761682252333e-01	1.2489647464055874e-01
3.6099999999999999e+00	7.7487321802564602e-01	-1.3484761682252333e-01	1.2489647464055874e-01
3.6150000000000002e+00	7.7487321802564602e-01	-1.3484761682252333e-01	1.2489647464055874e-01
3.6200000000000001e+00	7.7487321802564602e-01	-1.3484761682252333e-01	1.2489647464055874e-01
3.6250000000000000e+00	7.7487321802564602e-01	-1.3484761682252333e-01	1.2489647464055874e-01
3.6299999999999999e+00	7.7487321802564602e-01	-1.3484761682252333e-01	1.2489647464055874e-01
3.6350000000000002e+00	7.7487321802564602e-01	-1.3484761682252333e-01	1.2489647464055874e-01
3.6400000000000001e+00	7.7487321802564602e-01	-1.3484761682252333e-01	1.2489647464055874e-01
3.6450000000000000e+00	7.7487321802564602e-01	-1.3484761682252333e-01	1.2489647464055874e-01
3.6499999999999999e+00	7.7487321802564602e-01	-1.3484761682252333e-01	1.2489647464055874e-01
3.6550000000000002e+00	7.7487321802564602e-01	-1.3484761682252333e-01	1.2489647464055874e-01
3.6600000000000001e+00	7.7487321802564602e-01	-1.3484761682252333e-01	1.2489647464055874e-01
3.6650000000000000e+00	7.7487321802564602e-01	-1.3484761682252333e-01	1.2489647464055874e-01
3.6699999999999999e+00	7.7487321802564602e-01	-1.3484761682252333e-01	1.2489647464055874e-01
3.6750000000000003e+00	7.7487321802564602e-01	-1.3484761682252333e-01	1.2489647464055874e-01
3.6800000000000002e+00	7.7487321802564602e-01	-1.3484761682252333e-01	1.2489647464055874e-01
3.6850000000000001e+00	7.7487321802564602e-01	-1.3484761682252333e-01	1.2489647464055874e-01
3.6899999999999999e+00	7.7487321802564602e-01	-1.3484761682252333e-01	1.2489647464055874e-01
3.6950000000000003e+00	7.7487321802564602e-01	-1.3484761682252333e-01	1.2489647464055874e-01
3.7000000000000002e+00	7.7487321802564602e-01	-1.3484761682252333e-01	1.2489647464055874e-01
3.7050000000000001e+00	7.7487321802564602e-01	-1.3484761682252333e-01	1.2489647464055874e-01
3.7100000000000000e+00	7.7487321802564602e-01	-1.3484761682252333e-01	1.2489647464055874e-01
3.7149999999999999e+00	7.7487321802564602e-01	-1.3484761682252333e-01	1.2489647464055874e-01
3.7200000000000002e+00	7.7487321802564602e-01	-1.3484761682252333e-01	1.2489647464055874e-01
3.7250000000000001e+00	7.7487321802564602e-01	-1.3484761682252333e-01	1.2489647464055874e-01
3.7300000000000000e+00	7.7487321802564602e-01	-1.3484761682252333e-01	1.2489647464055874e-01
3.7349999999999999e+00	7.7487321802564602e-01	-1.3484761682252333e-01	1.2489647464055874e-01
3.7400000000000002e+00	7.7487321802564602e-01	-1.3484761682252333e-01	1.2489647464055874e-01
3.7450000000000001e+00	7.7487321802564602e-01	-1.3484761682252333e-01	1.2489647464055874e-01
3.7500000000000000e+00	7.7487321802564602e-01	-1.3484761682252333e-01	1.2489647464055874e-01
3.7549999999999999e+00	7.7487321802564602e-01	-1.3484761682252333e-01	1.2489647464055874e-01
3.7600000000000002e+00	7.7487321802564602e-01	-1.3484761682252333e-01	1.2489647464055874e-01
3.7650000000000001e+00	7.7487321802564602e-01	-1.3484761682252333e-01	1.2489647464055874e-01
3.7700000000000000e+00	7.7487321802564602e-01	-1.3484761682252333e-01	1.2489647464055874e-01
3.7749999999999999e+00	7.7487321802564602e-01	-1.3484761682252333e-01	1.2489647464055874e-01
3.7800000000000002e+00	7.7487321802564602e-01	-1.3484761682252333e-01	1.2489647464055874e-01
3.7850000000000001e+00	7.7487321802564602e-01	-1.3484761682252333e-01	1.2489647464055874e-01
3.7900000000000000e+00	7.7487321802564602e-01	-1.3484761682252333e-01	1.2489647464055874e-01
3.7949999999999999e+00	7.7487321802564602e-01	-1.3484761682252333e-01	1.2489647464055874e-01
3.8000000000000003e+00	7.7487321802564602e-01	-1.3484761682252333e-01	1.2489647464055874e-01
3.8050000000000002e+00	7.7487321802564602e-01	-1.3484761682252333e-01	1.2489647464055874e-01
3.8100000000000001e+00	7.7487321802564602e-01	-1.3484761682252333e-01	1.2489647464055874e-01
3.8149999999999999e+00	7.7487321802564602e-01	-1.3484761682252333e-01	1.2489647464055874e-01
3.8200000000000003e+00	7.7487321802564602e-01	-1.3484761682252333e-01	1.2489647464055874e-01
3.8250000000000002e+00	7.7487321802564602e-01	-1.3484761682252333e-01	1.2489647464055874e-01
3.8300000000000001e+00	7.7487321802564602e-01	-1.3484761682252333e-01	1.2489647464055874e-01
3.8350000000000000e+00	7.7487321802564602e-01	-1.3484761682252333e-01	1.2489647464055874e-01
3.8399999999999999e+00	7.7487321802564602e-01	-1.3484761682252333e-01	1.2489647464055874e-01
3.8450000000000002e+00	7.7487321802564602e-01	-1.3484761682252333e-01	1.2489647464055874e-01
3.8500000000000001e+00	7.7487321802564602e-01	-1.3484761682252333e-01	1.2489647464055874e-01
3.8550000000000000e+00	7.7487321802564602e-01	-1.3484761682252333e-01	1.2489647464055874e-01
3.8599999999999999e+00	7.7487321802564602e-01	-1.3484761682252333e-01	1.2489647464055874e-01
3.8650000000000002e+00	7.7487321802564602e-01	-1.3484761682252333e-01	1.2489647464055874e-01
3.8700000000000001e+00	7.7487321802564602e-01	-1.3484761682252333e-01	1.2489647464055874e-01
3.8750000000000000e+00	7.7487321802564602e-01	-1.3484761682252333e-01	1.2489647464055874e-01
3.8799999999999999e+00	7.7487321802564602e-01	-1.3484761682252333e-01	1.2489647464055874e-01
3.8850000000000002e+00	7.7487321802564602e-01	-1.3484761682252333e-01	1.2489647464055874e-01
3.8900000000000001e+00	7.7487321802564602e-01	-1.3484761682252333e-01	1.2489647464055874e-01
3.8950000000000000e+00	7.7487321802564602e-01	-1.3484761682252333e-01	1.2489647464055874e-01
3.8999999999999999e+00	7.7487321802564602e-01	-1.3484761682252333e-01	1.2489647464055874e-01
3.9050000000000002e+00	7.7487321802564602e-01	-1.3484761682252333e-01	1.2489647464055874e-01
3.9100000000000001e+00	7.7487321802564602e-01	-1.3484761682252333e-01	1.2489647464055874e-01
3.9150000000000000e+00	7.7487321802564602e-01	-1.3484761682252333e-01	1.2489647464055874e-01
3.9199999999999999e+00	7.7487321802564602e-01	-1.3484761682252333e-01	1.2489647464055874e-01
3.9250000000000003e+00	7.7487321802564602e-01	-1.3484761682252333e-01	1.2489647464055874e-01
3.9300000000000002e+00	7.7487321802564602e-01	-1.3484761682252333e-01	1.2489647464055874e-01
3.9350000000000001e+00	7.7487321802564602e-01	-1.3484761682252333e-01	1.2489647464055874e-01
3.9399999999999999e+00	7.7487321802564602e-01	-1.3484761682252333e-01	1.2489647464055874e-01
3.9450000000000003e+00	7.7487321802564602e-01	-1.3484761682252333e-01	1.2489647464055874e-01
3.9500000000000002e+00	7.7487321802564602e-01	-1.3484761682252333e-01	1.2489647464055874e-01
3.9550000000000001e+00	7.7487321802564602e-01	-1.3484761682252333e-01	1.2489647464055874e-01
3.9600000000000000e+00	7.7487321802564602e-01	-1.3484761682252333e-01	1.2489647464055874e-01
3.9650000000000003e+00	7.7487321802564602e-01	-1.3484761682252333e-01	1.2489647464055874e-01
3.9700000000000002e+00	7.7487321802564602e-01	-1.3484761682252333e-01	1.2489647464055874e-01
3.9750000000000001e+00	7.7487321802564602e-01	-1.3484761682252333e-01	1.2489647464055874e-01
3.9800000000000000e+00	7.7487321802564602e-01	-1.3484761682252333e-01	1.2489647464055874e-01
3.9849999999999999e+00	7.7487321802564602e-01	-1.3484761682252333e-01	1.2489647464055874e-01
3.9900000000000002e+00	7.7487321802564602e-01	-1.3484761682252333e-01	1.2489647464055874e-01
3.9950000000000001e+00	7.7487321802564602e-01	-1.3484761682252333e-01	1.2489647464055874e-01
4.0000000000000000e+00	3.1544139570601409e-01	-2.3529028279863257e-01	1.9823433208661489e-02
4.0049999999999999e+00	3.1544139570601409e-01	-2.3529028279863257e-01	1.9823433208661489e-02
4.0099999999999998e+00	3.1544139570601409e-01	-2.3529028279863257e-01	1.9823433208661489e-02
4.0149999999999997e+00	3.1544139570601409e-01	-2.3529028279863257e-01	1.9823433208661489e-02
4.0200000000000005e+00	3.1544139570601409e-01	-2.3529028279863257e-01	1.9823433208661489e-02
4.0250000000000004e+00	3.1544139570601409e-01	-2.3529028279863257e-01	1.9823433208661489e-02
4.0300000000000002e+00	3.1544139570601409e-01	-2.3529028279863257e-01	1.9823433208661489e-02
4.0350000000000001e+00	3.1544139570601409e-01	-2.3529028279863257e-01	1.9823433208661489e-02
4.0400000000000000e+00	3.1544139570601409e-01	-2.3529028279863257e-01	1.9823433208661489e-02
4.0449999999999999e+00	3.1544139570601409e-01	-2.3529028279863257e-01	1.9823433208661489e-02
4.0499999999999998e+00	3.1544139570601409e-01	-2.3529028279863257e-01	1.9823433208661489e-02
4.0549999999999997e+00	3.1544139570601409e-01	-2.3529028279863257e-01	1.9823433208661489e-02
4.0600000000000005e+00	3.1544139570601409e-01	-2.3529028279863257e-01	1.9823433208661489e-02
4.0650000000000004e+00	3.1544139570601409e-01	-2.3529028279863257e-01	1.9823433208661489e-02
4.0700000000000003e+00	3.1544139570601409e-01	-2.3529028279863257e-01	1.9823433208661489e-02
4.0750000000000002e+00	3.1544139570601409e-01	-2.3529028279863257e-01	1.9823433208661489e-02
4.0800000000000001e+00	3.1544139570601409e-01	-2.3529028279863257e-01	1.9823433208661489e-02
4.0850000000000000e+00	3.1544139570601409e-01	-2.3529028279863257e-01	1.9823433208661489e-02
4.0899999999999999e+00	3.1544139570601409e-01	-2.3529028279863257e-01	1.9823433208661489e-02
4.0949999999999998e+00	3.1544139570601409e-01	-2.3529028279863257e-01	1.9823433208661489e-02
4.0999999999999996e+00	3.1544139570601409e-01	-2.3529028279863257e-01	1.9823433208661489e-02
4.1050000000000004e+00	3.1544139570601409e-01	-2.3529028279863257e-01	1.9823433208661489e-02
4.1100000000000003e+00	3.1544139570601409e-01	-2.3529028279863257e-01	1.9823433208661489e-02
4.1150000000000002e+00	3.1544139570601409e-01	-2.3529028279863257e-01	1.9823433208661489e-02
4.1200000000000001e+00	3.1544139570601409e-01	-2.3529028279863257e-01	1.9823433208661489e-02
4.1250000000000000e+00	3.1544139570601409e-01	-2.3529028279863257e-01	1.9823433208661489e-02
4.1299999999999999e+00	3.1544139570601409e-01	-2.3529028279863257e-01	1.9823433208661489e-02
4.1349999999999998e+00	3.1544139570601409e-01	-2.3529028279863257e-01	1.9823433208661489e-02
4.1399999999999997e+00	3.1544139570601409e-01	-2.3529028279863257e-01	1.9823433208661489e-02
4.1450000000000005e+00	3.1544139570601409e-01	-2.3529028279863257e-01	1.9823433208661489e-02
4.1500000000000004e+00	3.1544139570601409e-01	-2.3529028279863257e-01	1.9823433208661489e-02
4.1550000000000002e+00	3.1544139570601409e-01	-2.3529028279863257e-01	1.9823433208661489e-02
4.1600000000000001e+00	3.1544139570601409e-01	-2.3529028279863257e-01	1.9823433208661489e-02
4.1650000000000000e+00	3.1544139570601409e-01	-2.3529028279863257e-01	1.9823433208661489e-02
4.1699999999999999e+00	3.1544139570601409e-01	-2.3529028279863257e-01	1.9823433208661489e-02
4.1749999999999998e+00	3.1544139570601409e-01	-2.3529028279863257e-01	1.9823433208661489e-02
4.1799999999999997e+00	3.1544139570601409e-01	-2.3529028279863257e-01	1.9823433208661489e-02
4.1850000000000005e+00	3.1544139570601409e-01	-2.3529028279863257e-01	1.9823433208661489e-02
4.1900000000000004e+00	3.1544139570601409e-01	-2.3529028279863257e-01	1.9823433208661489e-02
4.1950000000000003e+00	3.1544139570601409e-01	-2.3529028279863257e-01	1.9823433208661489e-02
4.2000000000000002e+00	3.1544139570601409e-01	-2.3529028279863257e-01	1.9823433208661489e-02
4.2050000000000001e+00	3.1544139570601409e-01	-2.3529028279863257e-01	1.9823433208661489e-02
4.2100000000000000e+00	3.1544139570601409e-01	-2.3529028279863257e-01	1.9823433208661489e-02
4.2149999999999999e+00	3.1544139570601409e-01	-2.3529028279863257e-01	1.9823433208661489e-02
4.2199999999999998e+00	3.1544139570601409e-01	-2.3529028279863257e-01	1.9823433208661489e-02
4.2249999999999996e+00	3.1544139570601409e-01	-2.3529028279863257e-01	1.9823433208661489e-02
4.2300000000000004e+00	3.1544139570601409e-01	-2.3529028279863257e-01	1.9823433208661489e-02
4.2350000000000003e+00	3.1544139570601409e-01	-2.3529028279863257e-01	1.9823433208661489e-02
4.2400000000000002e+00	3.1544139570601409e-01	-2.3529028279863257e-01	1.9823433208661489e-02
4.2450000000000001e+00	3.1544139570601409e-01	-2.3529028279863257e-01	1.9823433208661489e-02
4.2500000000000000e+00	3.1544139570601409e-01	-2.3529028279863257e-01	1.9823433208661489e-02
4.2549999999999999e+00	3.1544139570601409e-01	-2.3529028279863257e-01	1.9823433208661489e-02
4.2599999999999998e+00	3.1544139570601409e-01	-2.3529028279863257e-01	1.9823433208661489e-02
4.2649999999999997e+00	3.1544139570601409e-01	-2.3529028279863257e-01	1.9823433208661489e-02
4.2700000000000005e+00	3.1544139570601409e-01	-2.3529028279863257e-01	1.9823433208661489e-02
4.2750000000000004e+00	3.1544139570601409e-01	-2.3529028279863257e-01	1.9823433208661489e-02
4.2800000000000002e+00	3.1544139570601409e-01	-2.3529028279863257e-01	1.9823433208661489e-02
4.2850000000000001e+00	3.1544139570601409e-01	-2.3529028279863257e-01	1.9823433208661489e-02
4.2900000000000000e+00	3.1544139570601409e-01	-2.3529028279863257e-01	1.9823433208661489e-02
4.2949999999999999e+00	3.1544139570601409e-01	-2.3529028279863257e-01	1.9823433208661489e-02
4.2999999999999998e+00	3.1544139570601409e-01	-2.3529028279863257e-01	1.9823433208661489e-02
4.3049999999999997e+00	3.1544139570601409e-01	-2.3529028279863257e-01	1.9823433208661489e-02
4.3100000000000005e+00	3.1544139570601409e-01	-2.3529028279863257e-01	1.9823433208661489e-02
4.3150000000000004e+00	3.1544139570601409e-01	-2.3529028279863257e-01	1.9823433208661489e-02
4.3200000000000003e+00	3.1544139570601409e-01	-2.3529028279863257e-01	1.9823433208661489e-02
4.3250000000000002e+00	3.1544139570601409e-01	-2.3529028279863257e-01	1.9823433208661489e-02
4.3300000000000001e+00	3.1544139570601409e-01	-2.3529028279863257e-01	1.9823433208661489e-02
4.3350000000000000e+00	3.1544139570601409e-01	-2.3529028279863257e-01	1.9823433208661489e-02
4.3399999999999999e+00	3.1544139570601409e-01	-2.3529028279863257e-01	1.9823433208661489e-02
4.3449999999999998e+00	3.1544139570601409e-01	-2.3529028279863257e-01	1.9823433208661489e-02
4.3500000000000005e+00	3.1544139570601409e-01	-2.3529028279863257e-01	1.9823433208661489e-02
4.3550000000000004e+00	3.1544139570601409e-01	-2.3529028279863257e-01	1.9823433208661489e-02
4.3600000000000003e+00	3.1544139570601409e-01	-2.3529028279863257e-01	1.9823433208661489e-02
4.3650000000000002e+00	3.1544139570601409e-01	-2.3529028279863257e-01	1.9823433208661489e-02
4.3700000000000001e+00	3.1544139570601409e-01	-2.3529028279863257e-01	1.9823433208661489e-02
4.3750000000000000e+00	3.1544139570601409e-01	-2.3529028279863257e-01	1.9823433208661489e-02
4.3799999999999999e+00	3.1544139570601409e-01	-2.3529028279863257e-01	1.9823433208661489e-02
4.3849999999999998e+00	3.1544139570601409e-01	-2.3529028279863257e-01	1.9823433208661489e-02
4.3899999999999997e+00	3.1544139570601409e-01	-2.3529028279863257e-01	1.9823433208661489e-02
4.3950000000000005e+00	3.1544139570601409e-01	-2.3529028279863257e-01	1.9823433208661489e-02
4.4000000000000004e+00	3.1544139570601409e-01	-2.3529028279863257e-01	1.9823433208661489e-02
4.4050000000000002e+00	3.1544139570601409e-01	-2.3529028279863257e-01	1.9823433208661489e-02
4.4100000000000001e+00	3.1544139570601409e-01	-2.3529028279863257e-01	1.9823433208661489e-02
4.4150000000000000e+00	3.1544139570601409e-01	-2.3529028279863257e-01	1.9823433208661489e-02
4.4199999999999999e+00	3.1544139570601409e-01	-2.3529028279863257e-01	1.9823433208661489e-02
4.4249999999999998e+00	3.1544139570601409e-01	-2.3529028279863257e-01	1.9823433208661489e-02
4.4299999999999997e+00	3.1544139570601409e-01	-2.3529028279863257e-01	1.9823433208661489e-02
4.4350000000000005e+00	3.1544139570601409e-01	-2.3529028279863257e-01	1.9823433208661489e-02
4.4400000000000004e+00	3.1544139570601409e-01	-2.3529028279863257e-01	1.9823433208661489e-02
4.4450000000000003e+00	3.1544139570601409e-01	-2.3529028279863257e-01	1.9823433208661489e-02
4.4500000000000002e+00	3.1544139570601409e-01	-2.3529028279863257e-01	1.9823433208661489e-02
4.4550000000000001e+00	3.1544139570601409e-01	-2.3529028279863257e-01	1.9823433208661489e-02
4.4600000000000000e+00	3.1544139570601409e-01	-2.3529028279863257e-01	1.9823433208661489e-02
4.4649999999999999e+00	3.1544139570601409e-01	-2.3529028279863257e-01	1.9823433208661489e-02
4.4699999999999998e+00	3.1544139570601409e-01	-2.3529028279863257e-01	1.9823433208661489e-02
4.4750000000000005e+00	3.1544139570601409e-01	-2.3529028279863257e-01	1.9823433208661489e-02
4.4800000000000004e+00	3.1544139570601409e-01	-2.3529028279863257e-01	1.9823433208661489e-02
4.4850000000000003e+00	3.1544139570601409e-01	-2.3529028279863257e-01	1.9823433208661489e-02
4.4900000000000002e+00	3.1544139570601409e-01	-2.3529028279863257e-01	1.9823433208661489e-02
4.4950000000000001e+00	3.1544139570601409e-01	-2.3529028279863257e-01	1.9823433208661489e-02
4.5000000000000000e+00	3.1544139570601409e-01	-2.3529028279863257e-01	1.9823433208661489e-02
4.5049999999999999e+00	3.1544139570601409e-01	-2.3529028279863257e-01	1.9823433208661489e-02
4.5099999999999998e+00	3.1544139570601409e-01	-2.3529028279863257e-01	1.9823433208661489e-02
4.5149999999999997e+00	3.1544139570601409e-01	-2.3529028279863257e-01	1.9823433208661489e-02
4.5200000000000005e+00	3.1544139570601409e-01	-2.3529028279863257e-01	1.9823433208661489e-02
4.5250000000000004e+00	3.1544139570601409e-01	-2.3529028279863257e-01	1.9823433208661489e-02
4.5300000000000002e+00	3.1544139570601409e-01	-2.3529028279863257e-01	1.9823433208661489e-02
4.5350000000000001e+00	3.1544139570601409e-01	-2.3529028279863257e-01	1.9823433208661489e-02
4.5400000000000000e+00	3.1544139570601409e-01	-2.3529028279863257e-01	1.9823433208661489e-02
4.5449999999999999e+00	3.1544139570601409e-01	-2.3529028279863257e-01	1.9823433208661489e-02
4.5499999999999998e+00	3.1544139570601409e-01	-2.3529028279863257e-01	1.9823433208661489e-02
4.5549999999999997e+00	3.1544139570601409e-01	-2.3529028279863257e-01	1.9823433208661489e-02
4.5600000000000005e+00	3.1544139570601409e-01	-2.3529028279863257e-01	1.9823433208661489e-02
4.5650000000000004e+00	3.1544139570601409e-01	-2.3529028279863257e-01	1.9823433208661489e-02
4.5700000000000003e+00	3.1544139570601409e-01	-2.3529028279863257e-01	1.9823433208661489e-02
4.5750000000000002e+00	3.1544139570601409e-01	-2.3529028279863257e-01	1.9823433208661489e-02
4.5800000000000001e+00	3.1544139570601409e-01	-2.3529028279863257e-01	1.9823433208661489e-02
4.5850000000000000e+00	3.1544139570601409e-01	-2.3529028279863257e-01	1.9823433208661489e-02
4.5899999999999999e+00	3.1544139570601409e-01	-2.3529028279863257e-01	1.9823433208661489e-02
4.5949999999999998e+00	3.1544139570601409e-01	-2.3529028279863257e-01	1.9823433208661489e-02
4.6000000000000005e+00	3.1544139570601409e-01	-2.3529028279863257e-01	1.9823433208661489e-02
4.6050000000000004e+00	3.1544139570601409e-01	-2.3529028279863257e-01	1.9823433208661489e-02
4.6100000000000003e+00	3.1544139570601409e-01	-2.3529028279863257e-01	1.9823433208661489e-02
4.6150000000000002e+00	3.1544139570601409e-01	-2.3529028279863257e-01	1.9823433208661489e-02
4.6200000000000001e+00	3.1544139570601409e-01	-2.3529028279863257e-01	1.9823433208661489e-02
4.6250000000000000e+00	3.1544139570601409e-01	-2.3529028279863257e-01	1.9823433208661489e-02
4.6299999999999999e+00	3.1544139570601409e-01	-2.3529028279863257e-01	1.9823433208661489e-02
4.6349999999999998e+00	3.1544139570601409e-01	-2.3529028279863257e-01	1.9823433208661489e-02
4.6399999999999997e+00	3.1544139570601409e-01	-2.3529028279863257e-01	1.9823433208661489e-02
4.6450000000000005e+00	3.1544139570601409e-01	-2.3529028279863257e-01	1.9823433208661489e-02
4.6500000000000004e+00	3.1544139570601409e-01	-2.3529028279863257e-01	1.9823433208661489e-02
4.6550000000000002e+00	3.1544139570601409e-01	-2.3529028279863257e-01	1.9823433208661489e-02
4.6600000000000001e+00	3.1544139570601409e-01	-2.3529028279863257e-01	1.9823433208661489e-02
4.6650000000000000e+00	3.1544139570601409e-01	-2.3529028279863257e-01	1.9823433208661489e-02
4.6699999999999999e+00	3.1544139570601409e-01	-2.3529028279863257e-01	1.9823433208661489e-02
4.6749999999999998e+00	3.1544139570601409e-01	-2.3529028279863257e-01	1.9823433208661489e-02
4.6799999999999997e+00	3.1544139570601409e-01	-2.3529028279863257e-01	1.9823433208661489e-02
4.6850000000000005e+00	3.1544139570601409e-01	-2.3529028279863257e-01	1.9823433208661489e-02
4.6900000000000004e+00	3.1544139570601409e-01	-2.3529028279863257e-01	1.9823433208661489e-02
4.6950000000000003e+00	3.1544139570601409e-01	-2.3529028279863257e-01	1.9823433208661489e-02
4.7000000000000002e+00	3.1544139570601409e-01	-2.3529028279863257e-01	1.9823433208661489e-02
4.7050000000000001e+00	3.1544139570601409e-01	-2.3529028279863257e-01	1.9823433208661489e-02
4.7100000000000000e+00	3.1544139570601409e-01	-2.3529028279863257e-01	1.9823433208661489e-02
4.7149999999999999e+00	3.1544139570601409e-01	-2.3529028279863257e-01	1.9823433208661489e-02
4.7199999999999998e+00	3.1544139570601409e-01	-2.3529028279863257e-01	1.9823433208661489e-02
4.7250000000000005e+00	3.1544139570601409e-01	-2.3529028279863257e-01	1.9823433208661489e-02
4.7300000000000004e+00	3.1544139570601409e-01	-2.3529028279863257e-01	1.9823433208661489e-02
4.7350000000000003e+00	3.1544139570601409e-01	-2.3529028279863257e-01	1.9823433208661489e-02
4.7400000000000002e+00	3.1544139570601409e-01	-2.3529028279863257e-01	1.9823433208661489e-02
4.7450000000000001e+00	3.1544139570601409e-01	-2.3529028279863257e-01	1.9823433208661489e-02
4.7500000000000000e+00	3.1544139570601409e-01	-2.3529028279863257e-01	1.9823433208661489e-02
4.7549999999999999e+00	3.1544139570601409e-01	-2.3529028279863257e-01	1.9823433208661489e-02
4.7599999999999998e+00	3.1544139570601409e-01	-2.3529028279863257e-01	1.9823433208661489e-02
4.7649999999999997e+00	3.1544139570601409e-01	-2.3529028279863257e-01	1.9823433208661489e-02
4.7700000000000005e+00	3.1544139570601409e-01	-2.3529028279863257e-01	1.9823433208661489e-02
4.7750000000000004e+00	3.1544139570601409e-01	-2.3529028279863257e-01	1.9823433208661489e-02
4.7800000000000002e+00	3.1544139570601409e-01	-2.3529028279863257e-01	1.9823433208661489e-02
4.7850000000000001e+00	3.1544139570601409e-01	-2.3529028279863257e-01	1.9823433208661489e-02
4.7900000000000000e+00	3.1544139570601409e-01	-2.3529028279863257e-01	1.9823433208661489e-02
4.7949999999999999e+00	3.1544139570601409e-01	-2.3529028279863257e-01	1.9823433208661489e-02
4.7999999999999998e+00	3.1544139570601409e-01	-2.3529028279863257e-01	1.9823433208661489e-02
4.8049999999999997e+00	3.1544139570601409e-01	-2.3529028279863257e-01	1.9823433208661489e-02
4.8100000000000005e+00	3.1544139570601409e-01	-2.3529028279863257e-01	1.9823433208661489e-02
4.8150000000000004e+00	3.1544139570601409e-01	-2.3529028279863257e-01	1.9823433208661489e-02
4.8200000000000003e+00	3.1544139570601409e-01	-2.3529028279863257e-01	1.9823433208661489e-02
4.8250000000000002e+00	3.1544139570601409e-01	-2.3529028279863257e-01	1.9823433208661489e-02
4.8300000000000001e+00	3.1544139570601409e-01	-2.3529028279863257e-01	1.9823433208661489e-02
4.8350000000000000e+00	3.1544139570601409e-01	-2.3529028279863257e-01	1.9823433208661489e-02
4.8399999999999999e+00	3.1544139570601409e-01	-2.3529028279863257e-01	1.9823433208661489e-02
4.8449999999999998e+00	3.1544139570601409e-01	-2.3529028279863257e-01	1.9823433208661489e-02
4.8500000000000005e+00	3.1544139570601409e-01	-2.3529028279863257e-01	1.9823433208661489e-02
4.8550000000000004e+00	3.1544139570601409e-01	-2.3529028279863257e-01	1.9823433208661489e-02
4.8600000000000003e+00	3.1544139570601409e-01	-2.3529028279863257e-01	1.9823433208661489e-02
4.8650000000000002e+00	3.1544139570601409e-01	-2.3529028279863257e-01	1.9823433208661489e-02
4.8700000000000001e+00	3.1544139570601409e-01	-2.3529028279863257e-01	1.9823433208661489e-02
4.8750000000000000e+00	3.1544139570601409e-01	-2.3529028279863257e-01	1.9823433208661489e-02
4.8799999999999999e+00	3.1544139570601409e-01	-2.3529028279863257e-01	1.9823433208661489e-02
4.8849999999999998e+00	3.1544139570601409e-01	-2.3529028279863257e-01	1.9823433208661489e-02
4.8899999999999997e+00	3.1544139570601409e-01	-2.3529028279863257e-01	1.9823433208661489e-02
4.8950000000000005e+00	3.1544139570601409e-01	-2.3529028279863257e-01	1.9823433208661489e-02
4.9000000000000004e+00	3.1544139570601409e-01	-2.3529028279863257e-01	1.9823433208661489e-02
4.9050000000000002e+00	3.1544139570601409e-01	-2.3529028279863257e-01	1.9823433208661489e-02
4.9100000000000001e+00	3.1544139570601409e-01	-2.3529028279863257e-01	1.9823433208661489e-02
4.9150000000000000e+00	3.1544139570601409e-01	-2.3529028279863257e-01	1.9823433208661489e-02
4.9199999999999999e+00	3.1544139570601409e-01	-2.3529028279863257e-01	1.9823433208661489e-02
4.9249999999999998e+00	3.1544139570601409e-01	-2.3529028279863257e-01	1.9823433208661489e-02
4.9299999999999997e+00	3.1544139570601409e-01	-2.3529028279863257e-01	1.9823433208661489e-02
4.9350000000000005e+00	3.1544139570601409e-01	-2.3529028279863257e-01	1.9823433208661489e-02
4.9400000000000004e+00	3.1544139570601409e-01	-2.3529028279863257e-01	1.9823433208661489e-02
4.9450000000000003e+00	3.1544139570601409e-01	-2.3529028279863257e-01	1.9823433208661489e-02
4.9500000000000002e+00	3.1544139570601409e-01	-2.3529028279863257e-01	1.9823433208661489e-02
4.9550000000000001e+00	3.1544139570601409e-01	-2.3529028279863257e-01	1.9823433208661489e-02
4.9600000000000000e+00	3.1544139570601409e-01	-2.3529028279863257e-01	1.9823433208661489e-02
4.9649999999999999e+00	3.1544139570601409e-01	-2.3529028279863257e-01	1.9823433208661489e-02
4.9699999999999998e+00	3.1544139570601409e-01	-2.3529028279863257e-01	1.9823433208661489e-02
4.9750000000000005e+00	3.1544139570601409e-01	-2.3529028279863257e-01	1.9823433208661489e-02
4.9800000000000004e+00	3.1544139570601409e-01	-2.3529028279863257e-01	1.9823433208661489e-02
4.9850000000000003e+00	3.1544139570601409e-01	-2.3529028279863257e-01	1.9823433208661489e-02
4.9900000000000002e+00	3.1544139570601409e-01	-2.3529028279863257e-01	1.9823433208661489e-02
4.9950000000000001e+00	0.0000000000000000e+00	0.0000000000000000e+00	0.0000000000000000e+00
