0.0000000000000000e+00	1.6794249893553716e-03	-0.0000000000000000e+00	-5.5740467558660681e-07
5.0000000000000001e-03	5.0360655679972891e-03	-0.0000000000000000e+00	-5.0122341792576992e-06
1.0000000000000000e-02	8.3897524635695164e-03	-0.0000000000000000e+00	-1.3910583013208830e-05
1.4999999999999999e-02	1.1740476253596857e-02	-0.0000000000000000e+00	-2.7240565756561648e-05
2.0000000000000000e-02	1.5088227466375335e-02	-0.0000000000000000e+00	-4.4990209897149332e-05
2.5000000000000001e-02	1.8432996580751246e-02	-0.0000000000000000e+00	-6.7147456047729907e-05
2.9999999999999999e-02	2.1774774025900983e-02	-0.0000000000000000e+00	-9.3700158164850467e-05
3.5000000000000003e-02	2.5113550181113515e-02	-0.0000000000000000e+00	-1.2463608377036008e-04
4.0000000000000001e-02	2.8449315375580698e-02	-0.0000000000000000e+00	-1.5994291417562579e-04
4.4999999999999998e-02	3.1782059888184160e-02	-0.0000000000000000e+00	-1.9960824470835299e-04
5.0000000000000003e-02	3.5111773947289225e-02	-0.0000000000000000e+00	-2.4361958494209640e-04
5.5000000000000000e-02	3.8438447730539747e-02	-0.0000000000000000e+00	-2.9196435892840173e-04
5.9999999999999998e-02	4.1762071364654395e-02	-0.0000000000000000e+00	-3.4462990543156793e-04
6.5000000000000002e-02	4.5082634925231804e-02	-0.0000000000000000e+00	-4.0160347816614388e-04
7.0000000000000007e-02	4.8400128436552371e-02	-0.0000000000000000e+00	-4.6287224603697782e-04
7.4999999999999997e-02	5.1714541871385446e-02	-0.0000000000000000e+00	-5.2842329338193689e-04
8.0000000000000002e-02	5.5025865150797625e-02	-0.0000000000000000e+00	-5.9824362021722050e-04
8.5000000000000006e-02	5.8334088143969988e-02	-0.0000000000000000e+00	-6.7232014248543124e-04
8.9999999999999997e-02	6.1639200668010298e-02	-0.0000000000000000e+00	-7.5063969230610859e-04
9.5000000000000001e-02	6.4941192487775606e-02	-0.0000000000000000e+00	-8.3318901822904612e-04
1.0000000000000001e-01	6.8240053315689345e-02	-0.0000000000000000e+00	-9.1995478549002682e-04
1.0500000000000000e-01	7.1535772811571918e-02	-0.0000000000000000e+00	-1.0109235762694303e-03
1.1000000000000000e-01	7.4828340582466790e-02	-0.0000000000000000e+00	-1.1060818899532696e-03
1.1500000000000000e-01	7.8117746182472178e-02	-0.0000000000000000e+00	-1.2054161433968965e-03
1.2000000000000000e-01	8.1403979112573993e-02	-0.0000000000000000e+00	-1.3089126711912551e-03
1.2500000000000000e-01	8.4687028820487023e-02	-0.0000000000000000e+00	-1.4165577259318898e-03
1.3000000000000000e-01	8.7966884700493478e-02	-0.0000000000000000e+00	-1.5283374784903800e-03
1.3500000000000001e-01	9.1243536093289015e-02	-0.0000000000000000e+00	-1.6442380182884969e-03
1.4000000000000001e-01	9.4516972285826950e-02	-0.0000000000000000e+00	-1.7642453535747812e-03
1.4499999999999999e-01	9.7787182511172688e-02	-0.0000000000000000e+00	-1.8883454117039459e-03
1.4999999999999999e-01	1.0105415594835584e-01	-0.0000000000000000e+00	-2.0165240394186667e-03
1.5500000000000000e-01	1.0431788172222793e-01	-0.0000000000000000e+00	-2.1487670031340271e-03
1.6000000000000000e-01	1.0757834890332089e-01	-0.0000000000000000e+00	-2.2850599892244375e-03
1.6500000000000001e-01	1.1083554650771527e-01	-0.0000000000000000e+00	-2.4253886043133738e-03
1.7000000000000001e-01	1.1408946349690267e-01	-0.0000000000000000e+00	-2.5697383755653109e-03
1.7500000000000002e-01	1.1734008877766006e-01	-0.0000000000000000e+00	-2.7180947509805602e-03
1.7999999999999999e-01	1.2058741120191961e-01	-0.0000000000000000e+00	-2.8704430996923220e-03
1.8500000000000000e-01	1.2383141956665167e-01	-0.0000000000000000e+00	-3.0267687122667217e-03
1.9000000000000000e-01	1.2707210261373930e-01	-0.0000000000000000e+00	-3.1870568010048395e-03
1.9500000000000001e-01	1.3030944902986716e-01	-0.0000000000000000e+00	-3.3512925002477894e-03
2.0000000000000001e-01	1.3354344744640564e-01	-0.0000000000000000e+00	-3.5194608666839263e-03
2.0500000000000002e-01	1.3677408643930450e-01	-0.0000000000000000e+00	-3.6915468796588865e-03
2.0999999999999999e-01	1.4000135452898624e-01	-0.0000000000000000e+00	-3.8675354414879491e-03
2.1500000000000000e-01	1.4322524018024410e-01	-0.0000000000000000e+00	-4.0474113777709680e-03
2.2000000000000000e-01	1.4644573180214251e-01	-0.0000000000000000e+00	-4.2311594377097547e-03
2.2500000000000001e-01	1.4966281774792395e-01	-0.0000000000000000e+00	-4.4187642944281168e-03
2.3000000000000001e-01	1.5287648631491743e-01	-0.0000000000000000e+00	-4.6102105452942880e-03
2.3500000000000001e-01	1.5608672574444987e-01	-0.0000000000000000e+00	-4.8054827122458125e-03
2.3999999999999999e-01	1.5929352422175930e-01	-0.0000000000000000e+00	-5.0045652421167831e-03
2.4500000000000000e-01	1.6249686987591994e-01	-0.0000000000000000e+00	-5.2074425069680800e-03
2.5000000000000000e-01	1.6569675077975998e-01	-0.0000000000000000e+00	-5.4140988044193965e-03
2.5500000000000000e-01	1.6889315494979032e-01	-0.0000000000000000e+00	-5.6245183579841903e-03
2.6000000000000001e-01	1.7208607034613385e-01	-0.0000000000000000e+00	-5.8386853174068852e-03
2.6500000000000001e-01	1.7527548487246017e-01	-0.0000000000000000e+00	-6.0565837590026532e-03
2.7000000000000002e-01	1.7846138637592238e-01	-0.0000000000000000e+00	-6.2781976859995056e-03
2.7500000000000002e-01	1.8164376264709783e-01	-0.0000000000000000e+00	-6.5035110288828735e-03
2.8000000000000003e-01	1.8482260141993331e-01	-0.0000000000000000e+00	-6.7325076457426421e-03
2.8500000000000003e-01	1.8799789037169387e-01	-0.0000000000000000e+00	-6.9651713226225936e-03
2.8999999999999998e-01	1.9116961712291489e-01	-0.0000000000000000e+00	-7.2014857738722654e-03
2.9499999999999998e-01	1.9433776923735785e-01	-0.0000000000000000e+00	-7.4414346425011818e-03
2.9999999999999999e-01	1.9750233422196861e-01	-0.0000000000000000e+00	-7.6850015005353878e-03
3.0499999999999999e-01	2.0066329952684439e-01	-0.0000000000000000e+00	-7.9321698493767731e-03
3.1000000000000000e-01	2.0382065254519707e-01	-0.0000000000000000e+00	-8.1829231201641893e-03
3.1500000000000000e-01	2.0697438061332760e-01	-0.0000000000000000e+00	-8.4372446741375253e-03
3.2000000000000001e-01	2.1012447101059736e-01	-0.0000000000000000e+00	-8.6951178030035946e-03
3.2500000000000001e-01	2.1327091095940887e-01	-0.0000000000000000e+00	-8.9565257293048265e-03
3.3000000000000002e-01	2.1641368762518909e-01	-0.0000000000000000e+00	-9.2214516067902399e-03
3.3500000000000002e-01	2.1955278811637333e-01	-0.0000000000000000e+00	-9.4898785207884508e-03
3.4000000000000002e-01	2.2268819948439558e-01	-0.0000000000000000e+00	-9.7617894885832623e-03
3.4500000000000003e-01	2.2581990872368490e-01	-0.0000000000000000e+00	-1.0037167459791767e-02
3.5000000000000003e-01	2.2894790277166049e-01	-0.0000000000000000e+00	-1.0315995316744287e-02
3.5499999999999998e-01	2.3207216850873516e-01	-0.0000000000000000e+00	-1.0598255874867091e-02
3.5999999999999999e-01	2.3519269275831817e-01	-0.0000000000000000e+00	-1.0883931883066932e-02
3.6499999999999999e-01	2.3830946228682803e-01	-0.0000000000000000e+00	-1.1173006024118467e-02
3.7000000000000000e-01	2.4142246380370450e-01	-0.0000000000000000e+00	-1.1465460915053538e-02
3.7500000000000000e-01	2.4453168396142569e-01	-0.0000000000000000e+00	-1.1761279107552822e-02
3.8000000000000000e-01	2.4763710935552821e-01	-0.0000000000000000e+00	-1.2060443088339663e-02
3.8500000000000001e-01	2.5073872652463358e-01	-0.0000000000000000e+00	-1.2362935279576385e-02
3.9000000000000001e-01	2.5383652195047757e-01	-0.0000000000000000e+00	-1.2668738039262788e-02
3.9500000000000002e-01	2.5693048205794278e-01	-0.0000000000000000e+00	-1.2977833661636748e-02
4.0000000000000002e-01	2.6002059321509396e-01	-0.0000000000000000e+00	-1.3290204377576989e-02
4.0500000000000003e-01	2.6310684173322174e-01	-0.0000000000000000e+00	-1.3605832355008481e-02
4.1000000000000003e-01	2.6618921386688538e-01	-0.0000000000000000e+00	-1.3924699699309581e-02
4.1500000000000004e-01	2.6926769581396376e-01	-0.0000000000000000e+00	-1.4246788453721760e-02
4.1999999999999998e-01	2.7234227371570519e-01	-0.0000000000000000e+00	-1.4572080599761056e-02
4.2499999999999999e-01	2.7541293365678593e-01	-0.0000000000000000e+00	-1.4900558057632136e-02
4.2999999999999999e-01	2.7847966166537347e-01	-0.0000000000000000e+00	-1.5232202686644648e-02
4.3500000000000000e-01	2.8154244371318671e-01	-0.0000000000000000e+00	-1.5566996285630970e-02
4.4000000000000000e-01	2.8460126571556765e-01	-0.0000000000000000e+00	-1.5904920593366897e-02
4.4500000000000001e-01	2.8765611353155479e-01	-0.0000000000000000e+00	-1.6245957288994257e-02
4.5000000000000001e-01	2.9070697296395831e-01	-0.0000000000000000e+00	-1.6590087992445376e-02
4.5500000000000002e-01	2.9375382975944281e-01	-0.0000000000000000e+00	-1.6937294264870069e-02
4.6000000000000002e-01	2.9679666960861034e-01	-0.0000000000000000e+00	-1.7287557609064346e-02
4.6500000000000002e-01	2.9983547814609202e-01	-0.0000000000000000e+00	-1.7640859469901661e-02
4.7000000000000003e-01	3.0287024095063853e-01	-0.0000000000000000e+00	-1.7997181234765743e-02
4.7500000000000003e-01	3.0590094354521979e-01	-0.0000000000000000e+00	-1.8356504233986073e-02
4.7999999999999998e-01	3.0892757139712373e-01	-0.0000000000000000e+00	-1.8718809741274784e-02
4.8499999999999999e-01	3.1195010991806355e-01	-0.0000000000000000e+00	-1.9084078974166252e-02
4.8999999999999999e-01	3.1496854446428729e-01	-0.0000000000000000e+00	-1.9452293094458426e-02
4.9500000000000000e-01	3.1798286033668971e-01	-0.0000000000000000e+00	-1.9823433208656052e-02
5.0000000000000000e-01	3.2099304278093060e-01	-0.0000000000000000e+00	-2.0197480368416156e-02
5.0500000000000000e-01	3.2399907698755642e-01	-0.0000000000000000e+00	-2.0574415570995479e-02
5.1000000000000001e-01	3.2700094809212737e-01	-0.0000000000000000e+00	-2.0954219759700087e-02
5.1500000000000001e-01	3.2999864117534450e-01	-0.0000000000000000e+00	-2.1336873824336421e-02
5.2000000000000002e-01	3.3299214126318577e-01	-0.0000000000000000e+00	-2.1722358601664972e-02
5.2500000000000002e-01	3.3598143332704389e-01	-0.0000000000000000e+00	-2.2110654875855670e-02
5.3000000000000003e-01	3.3896650228386654e-01	-0.0000000000000000e+00	-2.2501743378944911e-02
5.3500000000000003e-01	3.4194733299630603e-01	-0.0000000000000000e+00	-2.2895604791295321e-02
5.4000000000000004e-01	3.4492391027286573e-01	-0.0000000000000000e+00	-2.3292219742056391e-02
5.4500000000000004e-01	3.4789621886805727e-01	-0.0000000000000000e+00	-2.3691568809628083e-02
5.5000000000000004e-01	3.5086424348255846e-01	-0.0000000000000000e+00	-2.4093632522125642e-02
5.5500000000000005e-01	3.5382796876337436e-01	-0.0000000000000000e+00	-2.4498391357846438e-02
5.6000000000000005e-01	3.5678737930400700e-01	-0.0000000000000000e+00	-2.4905825745739119e-02
5.6500000000000006e-01	3.5974245964462237e-01	-0.0000000000000000e+00	-2.5315916065873838e-02
5.7000000000000006e-01	3.6269319427222907e-01	-0.0000000000000000e+00	-2.5728642649915229e-02
5.7500000000000007e-01	3.6563956762085503e-01	-0.0000000000000000e+00	-2.6143985781596598e-02
5.7999999999999996e-01	3.6858156407173226e-01	-0.0000000000000000e+00	-2.6561925697196277e-02
5.8499999999999996e-01	3.7151916795348067e-01	-0.0000000000000000e+00	-2.6982442586015305e-02
5.8999999999999997e-01	3.7445236354230521e-01	-0.0000000000000000e+00	-2.7405516590858010e-02
5.9499999999999997e-01	3.7738113506218623e-01	-0.0000000000000000e+00	-2.7831127808513066e-02
5.9999999999999998e-01	3.8030546668508153e-01	-0.0000000000000000e+00	-2.8259256290237220e-02
6.0499999999999998e-01	3.8322534253112805e-01	-0.0000000000000000e+00	-2.8689882042240277e-02
6.0999999999999999e-01	3.8614074666885229e-01	-0.0000000000000000e+00	-2.9122985026172499e-02
6.1499999999999999e-01	3.8905166311538031e-01	-0.0000000000000000e+00	-2.9558545159613026e-02
6.2000000000000000e-01	3.9195807583665504e-01	-0.0000000000000000e+00	-2.9996542316560564e-02
6.2500000000000000e-01	3.9485996874765311e-01	-0.0000000000000000e+00	-3.0436956327925133e-02
6.3000000000000000e-01	3.9775732571261363e-01	-0.0000000000000000e+00	-3.0879766982022650e-02
6.3500000000000001e-01	4.0065013054526311e-01	-0.0000000000000000e+00	-3.1324954025070004e-02
6.4000000000000001e-01	4.0353836700904838e-01	-0.0000000000000000e+00	-3.1772497161682456e-02
6.4500000000000002e-01	4.0642201881737328e-01	-0.0000000000000000e+00	-3.2222376055372648e-02
6.5000000000000002e-01	4.0930106963383917e-01	-0.0000000000000000e+00	-3.2674570329051182e-02
6.5500000000000003e-01	4.1217550307248901e-01	-0.0000000000000000e+00	-3.3129059565528841e-02
6.6000000000000003e-01	4.1504530269805606e-01	-0.0000000000000000e+00	-3.3585823308020409e-02
6.6500000000000004e-01	4.1791045202621685e-01	-0.0000000000000000e+00	-3.4044841060650290e-02
6.7000000000000004e-01	4.2077093452384662e-01	-0.0000000000000000e+00	-3.4506092288959324e-02
6.7500000000000004e-01	4.2362673360928293e-01	-0.0000000000000000e+00	-3.4969556420413987e-02
6.8000000000000005e-01	4.2647783265258549e-01	-0.0000000000000000e+00	-3.5435212844915770e-02
6.8500000000000005e-01	4.2932421497580914e-01	-0.0000000000000000e+00	-3.5903040915313676e-02
6.9000000000000006e-01	4.3216586385327616e-01	-0.0000000000000000e+00	-3.6373019947917508e-02
6.9500000000000006e-01	4.3500276251185099e-01	-0.0000000000000000e+00	-3.6845129223012335e-02
7.0000000000000007e-01	4.3783489413122240e-01	-0.0000000000000000e+00	-3.7319347985375159e-02
7.0499999999999996e-01	4.4066224184418828e-01	-0.0000000000000000e+00	-3.7795655444792735e-02
7.0999999999999996e-01	4.4348478873694430e-01	-0.0000000000000000e+00	-3.8274030776580925e-02
7.1499999999999997e-01	4.4630251784937675e-01	-0.0000000000000000e+00	-3.8754453122105542e-02
7.1999999999999997e-01	4.4911541217536005e-01	-0.0000000000000000e+00	-3.9236901589304783e-02
7.2499999999999998e-01	4.5192345466305556e-01	-0.0000000000000000e+00	-3.9721355253212604e-02
7.2999999999999998e-01	4.5472662821521825e-01	-0.0000000000000000e+00	-4.0207793156484220e-02
7.3499999999999999e-01	4.5752491568950515e-01	-0.0000000000000000e+00	-4.0696194309922641e-02
7.3999999999999999e-01	4.6031829989878681e-01	-0.0000000000000000e+00	-4.1186537693006488e-02
7.4500000000000000e-01	4.6310676361146502e-01	-0.0000000000000000e+00	-4.1678802254419479e-02
7.5000000000000000e-01	4.6589028955179335e-01	-0.0000000000000000e+00	-4.2172966912581211e-02
7.5500000000000000e-01	4.6866886040020023e-01	-0.0000000000000000e+00	-4.2669010556178992e-02
7.6000000000000001e-01	4.7144245879361912e-01	-0.0000000000000000e+00	-4.3166912044701584e-02
7.6500000000000001e-01	4.7421106732581958e-01	-0.0000000000000000e+00	-4.3666650208973763e-02
7.7000000000000002e-01	4.7697466854774345e-01	-0.0000000000000000e+00	-4.4168203851692303e-02
7.7500000000000002e-01	4.7973324496784564e-01	-0.0000000000000000e+00	-4.4671551747963584e-02
7.8000000000000003e-01	4.8248677905243659e-01	-0.0000000000000000e+00	-4.5176672645841846e-02
7.8500000000000003e-01	4.8523525322603139e-01	-0.0000000000000000e+00	-4.5683545266869408e-02
7.9000000000000004e-01	4.8797864987170136e-01	-0.0000000000000000e+00	-4.6192148306617768e-02
7.9500000000000004e-01	4.9071695133142834e-01	-0.0000000000000000e+00	-4.6702460435229763e-02
8.0000000000000004e-01	4.9345013990646386e-01	-0.0000000000000000e+00	-4.7214460297963119e-02
8.0500000000000005e-01	4.9617819785769363e-01	-0.0000000000000000e+00	-4.7728126515735582e-02
8.1000000000000005e-01	4.9890110740600269e-01	-0.0000000000000000e+00	-4.8243437685670451e-02
8.1500000000000006e-01	5.0161885073264867e-01	-0.0000000000000000e+00	-4.8760372381644330e-02
8.2000000000000006e-01	5.0433140997963155e-01	-0.0000000000000000e+00	-4.9278909154834467e-02
8.2500000000000007e-01	5.0703876725007657e-01	-0.0000000000000000e+00	-4.9799026534269084e-02
8.3000000000000007e-01	5.0974090460861243e-01	-0.0000000000000000e+00	-5.0320703027377282e-02
8.3499999999999996e-01	5.1243780408176054e-01	-0.0000000000000000e+00	-5.0843917120541336e-02
8.3999999999999997e-01	5.1512944765832025e-01	-0.0000000000000000e+00	-5.1368647279648669e-02
8.4499999999999997e-01	5.1781581728976400e-01	-0.0000000000000000e+00	-5.1894871950646120e-02
8.4999999999999998e-01	5.2049689489063411e-01	-0.0000000000000000e+00	-5.2422569560094695e-02
8.5499999999999998e-01	5.2317266233894388e-01	-0.0000000000000000e+00	-5.2951718515725853e-02
8.5999999999999999e-01	5.2584310147657809e-01	-0.0000000000000000e+00	-5.3482297206997494e-02
8.6499999999999999e-01	5.2850819410970484e-01	-0.0000000000000000e+00	-5.4014284005652939e-02
8.7000000000000000e-01	5.3116792200918395e-01	-0.0000000000000000e+00	-5.4547657266279186e-02
8.7500000000000000e-01	5.3382226691098267e-01	-0.0000000000000000e+00	-5.5082395326867040e-02
8.8000000000000000e-01	5.3647121051659452e-01	-0.0000000000000000e+00	-5.5618476509372010e-02
8.8500000000000001e-01	5.3911473449346115e-01	-0.0000000000000000e+00	-5.6155879120276093e-02
8.9000000000000001e-01	5.4175282047539608e-01	-0.0000000000000000e+00	-5.6694581451150222e-02
8.9500000000000002e-01	5.4438545006301797e-01	-0.0000000000000000e+00	-5.7234561779218623e-02
9.0000000000000002e-01	5.4701260482417713e-01	-0.0000000000000000e+00	-5.7775798367922210e-02
9.0500000000000003e-01	5.4963426629439782e-01	-0.0000000000000000e+00	-5.8318269467485216e-02
9.1000000000000003e-01	5.5225041597731273e-01	-0.0000000000000000e+00	-5.8861953315480421e-02
9.1500000000000004e-01	5.5486103534511044e-01	-0.0000000000000000e+00	-5.9406828137397137e-02
9.2000000000000004e-01	5.5746610583897849e-01	-0.0000000000000000e+00	-5.9952872147208493e-02
9.2500000000000004e-01	5.6006560886955337e-01	-0.0000000000000000e+00	-6.0500063547940103e-02
9.3000000000000005e-01	5.6265952581737666e-01	-0.0000000000000000e+00	-6.1048380532240293e-02
9.3500000000000005e-01	5.6524783803334944e-01	-0.0000000000000000e+00	-6.1597801282949817e-02
9.4000000000000006e-01	5.6783052683919255e-01	-0.0000000000000000e+00	-6.2148303973672991e-02
9.4500000000000006e-01	5.7040757352791005e-01	-0.0000000000000000e+00	-6.2699866769349535e-02
9.5000000000000007e-01	5.7297895936425680e-01	-0.0000000000000000e+00	-6.3252467826827224e-02
9.5500000000000007e-01	5.7554466558520756e-01	-0.0000000000000000e+00	-6.3806085295434967e-02
9.5999999999999996e-01	5.7810467340043004e-01	-0.0000000000000000e+00	-6.4360697317556489e-02
9.6499999999999997e-01	5.8065896399276351e-01	-0.0000000000000000e+00	-6.4916282029205630e-02
9.6999999999999997e-01	5.8320751851869479e-01	-0.0000000000000000e+00	-6.5472817560600458e-02
9.7499999999999998e-01	5.8575031810884604e-01	-0.0000000000000000e+00	-6.6030282036740343e-02
9.7999999999999998e-01	5.8828734386845749e-01	-0.0000000000000000e+00	-6.6588653577981591e-02
9.8499999999999999e-01	5.9081857687787742e-01	-0.0000000000000000e+00	-6.7147910300614733e-02
9.8999999999999999e-01	5.9334399819305672e-01	-0.0000000000000000e+00	-6.7708030317442464e-02
9.9500000000000000e-01	5.9586358884604218e-01	-0.0000000000000000e+00	-6.8268991738357515e-02
1.0000000000000000e+00	5.9837732984547620e-01	-0.0000000000000000e+00	-6.8830772670921525e-02
1.0050000000000001e+00	6.0088520217709918e-01	-0.0000000000000000e+00	-6.9393351220944449e-02
1.0100000000000000e+00	6.0338718680425496e-01	-0.0000000000000000e+00	-6.9956705493064514e-02
1.0150000000000001e+00	6.0588326466839648e-01	-0.0000000000000000e+00	-7.0520813591328058e-02
1.0200000000000000e+00	6.0837341668959977e-01	-0.0000000000000000e+00	-7.1085653619770803e-02
1.0249999999999999e+00	6.1085762376707620e-01	-0.0000000000000000e+00	-7.1651203682998890e-02
1.0300000000000000e+00	6.1333586677968910e-01	-0.0000000000000000e+00	-7.2217441886770387e-02
1.0349999999999999e+00	6.1580812658647666e-01	-0.0000000000000000e+00	-7.2784346338578082e-02
1.0400000000000000e+00	6.1827438402716994e-01	-0.0000000000000000e+00	-7.3351895148230886e-02
1.0449999999999999e+00	6.2073461992272405e-01	-0.0000000000000000e+00	-7.3920066428438000e-02
1.0500000000000000e+00	6.2318881507584278e-01	-0.0000000000000000e+00	-7.4488838295391185e-02
1.0549999999999999e+00	6.2563695027151223e-01	-0.0000000000000000e+00	-7.5058188869349007e-02
1.0600000000000001e+00	6.2807900627753321e-01	-0.0000000000000000e+00	-7.5628096275220255e-02
1.0649999999999999e+00	6.3051496384506200e-01	-0.0000000000000000e+00	-7.6198538643149072e-02
1.0700000000000001e+00	6.3294480370914630e-01	-0.0000000000000000e+00	-7.6769494109098613e-02
1.0750000000000000e+00	6.3536850658926880e-01	-0.0000000000000000e+00	-7.7340940815436160e-02
1.0800000000000001e+00	6.3778605318989601e-01	-0.0000000000000000e+00	-7.7912856911518932e-02
1.0850000000000000e+00	6.4019742420102077e-01	-0.0000000000000000e+00	-7.8485220554278243e-02
1.0900000000000001e+00	6.4260260029871796e-01	-0.0000000000000000e+00	-7.9058009908806237e-02
1.0950000000000000e+00	6.4500156214569426e-01	-0.0000000000000000e+00	-7.9631203148940732e-02
1.1000000000000001e+00	6.4739429039184659e-01	-0.0000000000000000e+00	-8.0204778457851886e-02
1.1050000000000000e+00	6.4978076567482035e-01	-0.0000000000000000e+00	-8.0778714028628212e-02
1.1100000000000001e+00	6.5216096862056838e-01	-0.0000000000000000e+00	-8.1352988064862394e-02
1.1150000000000000e+00	6.5453487984391800e-01	-0.0000000000000000e+00	-8.1927578781238367e-02
1.1200000000000001e+00	6.5690247994913398e-01	-0.0000000000000000e+00	-8.2502464404117334e-02
1.1250000000000000e+00	6.5926374953049072e-01	-0.0000000000000000e+00	-8.3077623172125081e-02
1.1300000000000001e+00	6.6161866917283985e-01	-0.0000000000000000e+00	-8.3653033336737875e-02
1.1350000000000000e+00	6.6396721945218518e-01	-0.0000000000000000e+00	-8.4228673162869708e-02
1.1400000000000001e+00	6.6630938093626024e-01	-0.0000000000000000e+00	-8.4804520929459296e-02
1.1450000000000000e+00	6.6864513418510430e-01	-0.0000000000000000e+00	-8.5380554930056599e-02
1.1500000000000001e+00	6.7097445975164294e-01	-0.0000000000000000e+00	-8.5956753473409517e-02
1.1550000000000000e+00	6.7329733818227333e-01	-0.0000000000000000e+00	-8.6533094884051323e-02
1.1599999999999999e+00	6.7561375001744783e-01	-0.0000000000000000e+00	-8.7109557502887125e-02
1.1650000000000000e+00	6.7792367579226054e-01	-0.0000000000000000e+00	-8.7686119687780367e-02
1.1699999999999999e+00	6.8022709603703957e-01	-0.0000000000000000e+00	-8.8262759814140099e-02
1.1750000000000000e+00	6.8252399127793573e-01	-0.0000000000000000e+00	-8.8839456275506920e-02
1.1799999999999999e+00	6.8481434203751945e-01	-0.0000000000000000e+00	-8.9416187484140042e-02
1.1850000000000001e+00	6.8709812883537558e-01	-0.0000000000000000e+00	-8.9992931871603454e-02
1.1899999999999999e+00	6.8937533218870128e-01	-0.0000000000000000e+00	-9.0569667889352001e-02
1.1950000000000001e+00	6.9164593261290674e-01	-0.0000000000000000e+00	-9.1146374009317396e-02
1.2000000000000000e+00	6.9390991062221807e-01	-0.0000000000000000e+00	-9.1723028724494587e-02
1.2050000000000001e+00	6.9616724673028096e-01	-0.0000000000000000e+00	-9.2299610549526914e-02
1.2100000000000000e+00	6.9841792145076720e-01	-0.0000000000000000e+00	-9.2876098021291834e-02
1.2150000000000001e+00	7.0066191529798283e-01	-0.0000000000000000e+00	-9.3452469699486021e-02
1.2200000000000000e+00	7.0289920878747880e-01	-0.0000000000000000e+00	-9.4028704167210445e-02
1.2250000000000001e+00	7.0512978243666158e-01	-0.0000000000000000e+00	-9.4604780031554786e-02
1.2300000000000000e+00	7.0735361676540953e-01	-0.0000000000000000e+00	-9.5180675924182487e-02
1.2350000000000001e+00	7.0957069229668601e-01	-0.0000000000000000e+00	-9.5756370501913934e-02
1.2400000000000000e+00	7.1178098955715918e-01	-0.0000000000000000e+00	-9.6331842447311147e-02
1.2450000000000001e+00	7.1398448907781942e-01	-0.0000000000000000e+00	-9.6907070469260490e-02
1.2500000000000000e+00	7.1618117139460058e-01	-0.0000000000000000e+00	-9.7482033303555871e-02
1.2550000000000001e+00	7.1837101704900375e-01	-0.0000000000000000e+00	-9.8056709713481668e-02
1.2600000000000000e+00	7.2055400658872026e-01	-0.0000000000000000e+00	-9.8631078490394694e-02
1.2650000000000001e+00	7.2273012056825903e-01	-0.0000000000000000e+00	-9.9205118454306268e-02
1.2700000000000000e+00	7.2489933954957197e-01	-0.0000000000000000e+00	-9.9778808454463269e-02
1.2750000000000001e+00	7.2706164410268559e-01	-0.0000000000000000e+00	-1.0035212736992952e-01
1.2800000000000000e+00	7.2921701480632906e-01	-0.0000000000000000e+00	-1.0092505411016557e-01
1.2849999999999999e+00	7.3136543224856854e-01	-0.0000000000000000e+00	-1.0149756761560949e-01
1.2900000000000000e+00	7.3350687702743822e-01	-0.0000000000000000e+00	-1.0206964685825538e-01
1.2949999999999999e+00	7.3564132975157803e-01	-0.0000000000000000e+00	-1.0264127084223307e-01
1.3000000000000000e+00	7.3776877104086802e-01	-0.0000000000000000e+00	-1.0321241860438603e-01
1.3049999999999999e+00	7.3988918152706573e-01	-0.0000000000000000e+00	-1.0378306921484891e-01
1.3100000000000001e+00	7.4200254185444714e-01	-0.0000000000000000e+00	-1.0435320177762537e-01
1.3149999999999999e+00	7.4410883268044536e-01	-0.0000000000000000e+00	-1.0492279543116413e-01
1.3200000000000001e+00	7.4620803467629271e-01	-0.0000000000000000e+00	-1.0549182934893508e-01
1.3250000000000000e+00	7.4830012852766248e-01	-0.0000000000000000e+00	-1.0606028274000431e-01
1.3300000000000001e+00	7.5038509493531536e-01	-0.0000000000000000e+00	-1.0662813484960941e-01
1.3350000000000000e+00	7.5246291461574022e-01	-0.0000000000000000e+00	-1.0719536495973224e-01
1.3400000000000001e+00	7.5453356830180540e-01	-0.0000000000000000e+00	-1.0776195238967343e-01
1.3450000000000000e+00	7.5659703674340217e-01	-0.0000000000000000e+00	-1.0832787649662409e-01
1.3500000000000001e+00	7.5865330070809345e-01	-0.0000000000000000e+00	-1.0889311667623755e-01
1.3550000000000000e+00	7.6070234098176448e-01	-0.0000000000000000e+00	-1.0945765236320067e-01
1.3600000000000001e+00	7.6274413836927302e-01	-0.0000000000000000e+00	-1.1002146303180424e-01
1.3650000000000000e+00	7.6477867369509933e-01	-0.0000000000000000e+00	-1.1058452819651185e-01
1.3700000000000001e+00	7.6680592780399748e-01	-0.0000000000000000e+00	-1.1114682741252850e-01
1.3750000000000000e+00	7.6882588156165133e-01	-0.0000000000000000e+00	-1.1170834027636903e-01
1.3800000000000001e+00	7.7083851585532637e-01	-0.0000000000000000e+00	-1.1226904642642473e-01
1.3850000000000000e+00	7.7284381159452287e-01	-0.0000000000000000e+00	-1.1282892554352872e-01
1.3900000000000001e+00	7.7484174971163466e-01	-0.0000000000000000e+00	-1.1338795735152225e-01
1.3950000000000000e+00	7.7683231116260232e-01	-0.0000000000000000e+00	-1.1394612161781813e-01
1.4000000000000001e+00	7.7881547692756947e-01	-0.0000000000000000e+00	-1.1450339815396403e-01
1.4050000000000000e+00	7.8079122801154355e-01	-0.0000000000000000e+00	-1.1505976681620550e-01
1.4099999999999999e+00	7.8275954544504966e-01	-0.0000000000000000e+00	-1.1561520750604662e-01
1.4150000000000000e+00	7.8472041028479256e-01	-0.0000000000000000e+00	-1.1616970017081114e-01
1.4199999999999999e+00	7.8667380361431294e-01	-0.0000000000000000e+00	-1.1672322480420116e-01
1.4250000000000000e+00	7.8861970654464908e-01	-0.0000000000000000e+00	-1.1727576144685622e-01
1.4299999999999999e+00	7.9055810021499562e-01	-0.0000000000000000e+00	-1.1782729018691025e-01
1.4350000000000001e+00	7.9248896579336392e-01	-0.0000000000000000e+00	-1.1837779116054781e-01
1.4399999999999999e+00	7.9441228447724344e-01	-0.0000000000000000e+00	-1.1892724455255953e-01
1.4450000000000001e+00	7.9632803749426284e-01	-0.0000000000000000e+00	-1.1947563059689627e-01
1.4500000000000000e+00	7.9823620610285262e-01	-0.0000000000000000e+00	-1.2002292957722234e-01
1.4550000000000001e+00	8.0013677159290375e-01	-0.0000000000000000e+00	-1.2056912182746668e-01
1.4600000000000000e+00	8.0202971528643285e-01	-0.0000000000000000e+00	-1.2111418773237426e-01
1.4650000000000001e+00	8.0391501853824265e-01	-0.0000000000000000e+00	-1.2165810772805545e-01
1.4700000000000000e+00	8.0579266273658512e-01	-0.0000000000000000e+00	-1.2220086230253445e-01
1.4750000000000001e+00	8.0766262930382360e-01	-0.0000000000000000e+00	-1.2274243199629638e-01
1.4800000000000000e+00	8.0952489969709640e-01	-0.0000000000000000e+00	-1.2328279740283356e-01
1.4850000000000001e+00	8.1137945540897682e-01	-0.0000000000000000e+00	-1.2382193916918957e-01
1.4900000000000000e+00	8.1322627796813940e-01	-0.0000000000000000e+00	-1.2435983799650360e-01
1.4950000000000001e+00	8.1506534894002003e-01	-0.0000000000000000e+00	-1.2489647464055206e-01
1.5000000000000000e+00	8.1689664992747946e-01	-0.0000000000000000e+00	-1.2543182991228960e-01
1.5050000000000001e+00	8.1872016257146596e-01	-0.0000000000000000e+00	-1.2596588467838896e-01
1.5100000000000000e+00	8.2053586855167659e-01	-0.0000000000000000e+00	-1.2649861986177866e-01
1.5150000000000001e+00	8.2234374958722090e-01	-0.0000000000000000e+00	-1.2703001644218062e-01
1.5200000000000000e+00	8.2414378743728223e-01	-0.0000000000000000e+00	-1.2756005545664525e-01
1.5250000000000001e+00	8.2593596390177926e-01	-0.0000000000000000e+00	-1.2808871800008587e-01
1.5300000000000000e+00	8.2772026082202721e-01	-0.0000000000000000e+00	-1.2861598522581102e-01
1.5350000000000001e+00	8.2949666008140099e-01	-0.0000000000000000e+00	-1.2914183834605683e-01
1.5400000000000000e+00	8.3126514360599280e-01	-0.0000000000000000e+00	-1.2966625863251557e-01
1.5449999999999999e+00	8.3302569336527432e-01	-0.0000000000000000e+00	-1.3018922741686501e-01
1.5500000000000000e+00	8.3477829137275827e-01	-0.0000000000000000e+00	-1.3071072609129569e-01
1.5549999999999999e+00	8.3652291968665382e-01	-0.0000000000000000e+00	-1.3123073610903521e-01
1.5600000000000001e+00	8.3825956041052940e-01	-0.0000000000000000e+00	-1.3174923898487348e-01
1.5649999999999999e+00	8.3998819569396921e-01	-0.0000000000000000e+00	-1.3226621629568447e-01
1.5700000000000001e+00	8.4170880773323065e-01	-0.0000000000000000e+00	-1.3278164968094711e-01
1.5750000000000000e+00	8.4342137877190393e-01	-0.0000000000000000e+00	-1.3329552084326543e-01
1.5800000000000001e+00	8.4512589110156588e-01	-0.0000000000000000e+00	-1.3380781154888535e-01
1.5850000000000000e+00	8.4682232706243687e-01	-0.0000000000000000e+00	-1.3431850362821138e-01
1.5900000000000001e+00	8.4851066904403694e-01	-0.0000000000000000e+00	-1.3482757897632144e-01
1.5950000000000000e+00	8.5019089948583848e-01	-0.0000000000000000e+00	-1.3533501955347921e-01
1.6000000000000001e+00	8.5186300087792133e-01	-0.0000000000000000e+00	-1.3584080738564608e-01
1.6050000000000000e+00	8.5352695576162319e-01	-0.0000000000000000e+00	-1.3634492456499003e-01
1.6100000000000001e+00	8.5518274673019379e-01	-0.0000000000000000e+00	-1.3684735325039435e-01
1.6150000000000000e+00	8.5683035642944516e-01	-0.0000000000000000e+00	-1.3734807566796361e-01
1.6200000000000001e+00	8.5846976755840076e-01	-0.0000000000000000e+00	-1.3784707411152816e-01
1.6250000000000000e+00	8.6010096286994553e-01	-0.0000000000000000e+00	-1.3834433094314719e-01
1.6300000000000001e+00	8.6172392517147200e-01	-0.0000000000000000e+00	-1.3883982859360924e-01
1.6350000000000000e+00	8.6333863732552862e-01	-0.0000000000000000e+00	-1.3933354956293206e-01
1.6400000000000001e+00	8.6494508225046574e-01	-0.0000000000000000e+00	-1.3982547642086018e-01
1.6450000000000000e+00	8.6654324292107821e-01	-0.0000000000000000e+00	-1.4031559180736006e-01
1.6500000000000001e+00	8.6813310236925068e-01	-0.0000000000000000e+00	-1.4080387843311462e-01
1.6550000000000000e+00	8.6971464368459817e-01	-0.0000000000000000e+00	-1.4129031908001483e-01
1.6600000000000001e+00	8.7128785001510911e-01	-0.0000000000000000e+00	-1.4177489660165049e-01
1.6650000000000000e+00	8.7285270456778230e-01	-0.0000000000000000e+00	-1.4225759392379811e-01
1.6699999999999999e+00	8.7440919060926614e-01	-0.0000000000000000e+00	-1.4273839404490743e-01
1.6750000000000000e+00	8.7595729146649681e-01	-0.0000000000000000e+00	-1.4321728003658640e-01
1.6799999999999999e+00	8.7749699052733088e-01	-0.0000000000000000e+00	-1.4369423504408321e-01
1.6850000000000001e+00	8.7902827124118177e-01	-0.0000000000000000e+00	-1.4416924228676756e-01
1.6899999999999999e+00	8.8055111711965195e-01	-0.0000000000000000e+00	-1.4464228505860957e-01
1.6950000000000001e+00	8.8206551173716208e-01	-0.0000000000000000e+00	-1.4511334672865586e-01
1.7000000000000000e+00	8.8357143873158250e-01	-0.0000000000000000e+00	-1.4558241074150510e-01
1.7050000000000001e+00	8.8506888180486010e-01	-0.0000000000000000e+00	-1.4604946061778062e-01
1.7100000000000000e+00	8.8655782472364320e-01	-0.0000000000000000e+00	-1.4651447995460079e-01
1.7150000000000001e+00	8.8803825131990943e-01	-0.0000000000000000e+00	-1.4697745242604884e-01
1.7200000000000000e+00	8.8951014549158514e-01	-0.0000000000000000e+00	-1.4743836178363881e-01
1.7250000000000001e+00	8.9097349120316827e-01	-0.0000000000000000e+00	-1.4789719185678041e-01
1.7300000000000000e+00	8.9242827248634693e-01	-0.0000000000000000e+00	-1.4835392655324181e-01
1.7350000000000001e+00	8.9387447344061610e-01	-0.0000000000000000e+00	-1.4880854985960978e-01
1.7400000000000000e+00	8.9531207823389491e-01	-0.0000000000000000e+00	-1.4926104584174860e-01
1.7450000000000001e+00	8.9674107110314072e-01	-0.0000000000000000e+00	-1.4971139864525657e-01
1.7500000000000000e+00	8.9816143635495704e-01	-0.0000000000000000e+00	-1.5015959249591898e-01
1.7550000000000001e+00	8.9957315836620722e-01	-0.0000000000000000e+00	-1.5060561170016132e-01
1.7600000000000000e+00	9.0097622158462176e-01	-0.0000000000000000e+00	-1.5104944064549888e-01
1.7650000000000001e+00	9.0237061052940171e-01	-0.0000000000000000e+00	-1.5149106380098384e-01
1.7700000000000000e+00	9.0375630979182497e-01	-0.0000000000000000e+00	-1.5193046571765137e-01
1.7750000000000001e+00	9.0513330403584580e-01	-0.0000000000000000e+00	-1.5236763102896228e-01
1.7800000000000000e+00	9.0650157799869613e-01	-0.0000000000000000e+00	-1.5280254445124469e-01
1.7850000000000001e+00	9.0786111649148138e-01	-0.0000000000000000e+00	-1.5323519078413222e-01
1.7900000000000000e+00	9.0921190439977606e-01	-0.0000000000000000e+00	-1.5366555491100081e-01
1.7949999999999999e+00	9.1055392668421575e-01	-0.0000000000000000e+00	-1.5409362179940259e-01
1.8000000000000000e+00	9.1188716838108996e-01	-0.0000000000000000e+00	-1.5451937650149838e-01
1.8049999999999999e+00	9.1321161460292677e-01	-0.0000000000000000e+00	-1.5494280415448672e-01
1.8100000000000001e+00	9.1452725053908235e-01	-0.0000000000000000e+00	-1.5536388998103176e-01
1.8149999999999999e+00	9.1583406145632051e-01	-0.0000000000000000e+00	-1.5578261928968740e-01
1.8200000000000001e+00	9.1713203269939714e-01	-0.0000000000000000e+00	-1.5619897747532083e-01
1.8250000000000000e+00	9.1842114969163735e-01	-0.0000000000000000e+00	-1.5661295001953249e-01
1.8300000000000001e+00	9.1970139793551076e-01	-0.0000000000000000e+00	-1.5702452249107340e-01
1.8350000000000000e+00	9.2097276301320619e-01	-0.0000000000000000e+00	-1.5743368054626136e-01
1.8400000000000001e+00	9.2223523058720158e-01	-0.0000000000000000e+00	-1.5784040992939358e-01
1.8450000000000000e+00	9.2348878640083332e-01	-0.0000000000000000e+00	-1.5824469647315759e-01
1.8500000000000001e+00	9.2473341627886096e-01	-0.0000000000000000e+00	-1.5864652609903929e-01
1.8550000000000000e+00	9.2596910612803240e-01	-0.0000000000000000e+00	-1.5904588481772916e-01
1.8600000000000001e+00	9.2719584193764049e-01	-0.0000000000000000e+00	-1.5944275872952463e-01
1.8650000000000000e+00	9.2841360978008403e-01	-0.0000000000000000e+00	-1.5983713402473188e-01
1.8700000000000001e+00	9.2962239581142125e-01	-0.0000000000000000e+00	-1.6022899698406376e-01
1.8750000000000000e+00	9.3082218627192137e-01	-0.0000000000000000e+00	-1.6061833397903541e-01
1.8800000000000001e+00	9.3201296748661466e-01	-0.0000000000000000e+00	-1.6100513147235801e-01
1.8850000000000000e+00	9.3319472586583863e-01	-0.0000000000000000e+00	-1.6138937601832934e-01
1.8900000000000001e+00	9.3436744790578208e-01	-0.0000000000000000e+00	-1.6177105426322236e-01
1.8950000000000000e+00	9.3553112018902307e-01	-0.0000000000000000e+00	-1.6215015294566990e-01
1.9000000000000001e+00	9.3668572938506922e-01	-0.0000000000000000e+00	-1.6252665889704893e-01
1.9050000000000000e+00	9.3783126225089131e-01	-0.0000000000000000e+00	-1.6290055904186046e-01
1.9100000000000001e+00	9.3896770563145426e-01	-0.0000000000000000e+00	-1.6327184039810760e-01
1.9150000000000000e+00	9.4009504646024666e-01	-0.0000000000000000e+00	-1.6364049007767104e-01
1.9199999999999999e+00	9.4121327175980529e-01	-0.0000000000000000e+00	-1.6400649528668138e-01
1.9250000000000000e+00	9.4232236864223706e-01	-0.0000000000000000e+00	-1.6436984332588936e-01
1.9299999999999999e+00	9.4342232430973927e-01	-0.0000000000000000e+00	-1.6473052159103357e-01
1.9350000000000001e+00	9.4451312605511395e-01	-0.0000000000000000e+00	-1.6508851757320445e-01
1.9399999999999999e+00	9.4559476126228204e-01	-0.0000000000000000e+00	-1.6544381885920709e-01
1.9450000000000001e+00	9.4666721740679138e-01	-0.0000000000000000e+00	-1.6579641313192017e-01
1.9500000000000000e+00	9.4773048205632449e-01	-0.0000000000000000e+00	-1.6614628817065294e-01
1.9550000000000001e+00	9.4878454287119929e-01	-0.0000000000000000e+00	-1.6649343185149876e-01
1.9600000000000000e+00	9.4982938760487023e-01	-0.0000000000000000e+00	-1.6683783214768669e-01
1.9650000000000001e+00	9.5086500410442454e-01	-0.0000000000000000e+00	-1.6717947712993014e-01
1.9700000000000000e+00	9.5189138031107301e-01	-0.0000000000000000e+00	-1.6751835496677198e-01
1.9750000000000001e+00	9.5290850426064067e-01	-0.0000000000000000e+00	-1.6785445392492801e-01
1.9800000000000000e+00	9.5391636408405356e-01	-0.0000000000000000e+00	-1.6818776236962737e-01
1.9850000000000001e+00	9.5491494800781840e-01	-0.0000000000000000e+00	-1.6851826876494941e-01
1.9900000000000000e+00	9.5590424435450316e-01	-0.0000000000000000e+00	-1.6884596167415844e-01
1.9950000000000001e+00	9.5688424154321217e-01	-0.0000000000000000e+00	-1.6917082976003600e-01
2.0000000000000000e+00	9.5785492809005734e-01	-0.0000000000000000e+00	-1.6949286178520953e-01
2.0049999999999999e+00	9.5881629260862611e-01	-0.0000000000000000e+00	-1.6981204661247837e-01
2.0100000000000002e+00	9.5976832381044708e-01	-0.0000000000000000e+00	-1.7012837320513771e-01
2.0150000000000001e+00	9.6071101050544827e-01	-0.0000000000000000e+00	-1.7044183062729817e-01
2.0200000000000000e+00	9.6164434160241652e-01	-0.0000000000000000e+00	-1.7075240804420427e-01
2.0249999999999999e+00	9.6256830610944932e-01	-0.0000000000000000e+00	-1.7106009472254852e-01
2.0300000000000002e+00	9.6348289313440638e-01	-0.0000000000000000e+00	-1.7136488003078404e-01
2.0350000000000001e+00	9.6438809188535191e-01	-0.0000000000000000e+00	-1.7166675343943241e-01
2.0400000000000000e+00	9.6528389167100048e-01	-0.0000000000000000e+00	-1.7196570452139084e-01
2.0449999999999999e+00	9.6617028190115217e-01	-0.0000000000000000e+00	-1.7226172295223449e-01
2.0499999999999998e+00	9.6704725208712905e-01	-0.0000000000000000e+00	-1.7255479851051717e-01
2.0550000000000002e+00	9.6791479184220408e-01	-0.0000000000000000e+00	-1.7284492107806829e-01
2.0600000000000001e+00	9.6877289088202745e-01	-0.0000000000000000e+00	-1.7313208064028704e-01
2.0649999999999999e+00	9.6962153902505110e-01	-0.0000000000000000e+00	-1.7341626728643439e-01
2.0699999999999998e+00	9.7046072619294577e-01	-0.0000000000000000e+00	-1.7369747120992093e-01
2.0750000000000002e+00	9.7129044241101503e-01	-0.0000000000000000e+00	-1.7397568270859204e-01
2.0800000000000001e+00	9.7211067780860783e-01	-0.0000000000000000e+00	-1.7425089218501114e-01
2.0850000000000000e+00	9.7292142261952252e-01	-0.0000000000000000e+00	-1.7452309014673789e-01
2.0899999999999999e+00	9.7372266718241318e-01	-0.0000000000000000e+00	-1.7479226720660621e-01
2.0950000000000002e+00	9.7451440194118288e-01	-0.0000000000000000e+00	-1.7505841408299583e-01
2.1000000000000001e+00	9.7529661744538287e-01	-0.0000000000000000e+00	-1.7532152160010403e-01
2.1050000000000000e+00	9.7606930435059902e-01	-0.0000000000000000e+00	-1.7558158068821206e-01
2.1099999999999999e+00	9.7683245341884017e-01	-0.0000000000000000e+00	-1.7583858238395011e-01
2.1150000000000002e+00	9.7758605551891986e-01	-0.0000000000000000e+00	-1.7609251783055818e-01
2.1200000000000001e+00	9.7833010162683176e-01	-0.0000000000000000e+00	-1.7634337827814381e-01
2.1250000000000000e+00	9.7906458282612563e-01	-0.0000000000000000e+00	-1.7659115508393794e-01
2.1299999999999999e+00	9.7978949030827411e-01	-0.0000000000000000e+00	-1.7683583971254602e-01
2.1350000000000002e+00	9.8050481537304024e-01	-0.0000000000000000e+00	-1.7707742373619775e-01
2.1400000000000001e+00	9.8121054942883545e-01	-0.0000000000000000e+00	-1.7731589883499221e-01
2.1450000000000000e+00	9.8190668399307768e-01	-0.0000000000000000e+00	-1.7755125679714093e-01
2.1499999999999999e+00	9.8259321069254124e-01	-0.0000000000000000e+00	-1.7778348951920692e-01
2.1550000000000002e+00	9.8327012126370672e-01	-0.0000000000000000e+00	-1.7801258900634187e-01
2.1600000000000001e+00	9.8393740755310310e-01	-0.0000000000000000e+00	-1.7823854737251887e-01
2.1650000000000000e+00	9.8459506151764398e-01	-0.0000000000000000e+00	-1.7846135684076217e-01
2.1699999999999999e+00	9.8524307522496690e-01	-0.0000000000000000e+00	-1.7868100974337536e-01
2.1750000000000003e+00	9.8588144085375928e-01	-0.0000000000000000e+00	-1.7889749852216430e-01
2.1800000000000002e+00	9.8651015069408465e-01	-0.0000000000000000e+00	-1.7911081572865775e-01
2.1850000000000001e+00	9.8712919714770442e-01	-0.0000000000000000e+00	-1.7932095402432541e-01
2.1899999999999999e+00	9.8773857272839338e-01	-0.0000000000000000e+00	-1.7952790618079176e-01
2.1949999999999998e+00	9.8833827006225172e-01	-0.0000000000000000e+00	-1.7973166508004731e-01
2.2000000000000002e+00	9.8892828188801274e-01	-0.0000000000000000e+00	-1.7993222371465659e-01
2.2050000000000001e+00	9.8950860105734550e-01	-0.0000000000000000e+00	-1.8012957518796291e-01
2.2100000000000000e+00	9.9007922053515185e-01	-0.0000000000000000e+00	-1.8032371271428943e-01
2.2149999999999999e+00	9.9064013339986234e-01	-0.0000000000000000e+00	-1.8051462961913833e-01
2.2200000000000002e+00	9.9119133284372063e-01	-0.0000000000000000e+00	-1.8070231933938416e-01
2.2250000000000001e+00	9.9173281217307541e-01	-0.0000000000000000e+00	-1.8088677542346837e-01
2.2300000000000000e+00	9.9226456480865133e-01	-0.0000000000000000e+00	-1.8106799153158493e-01
2.2349999999999999e+00	9.9278658428582989e-01	-0.0000000000000000e+00	-1.8124596143586777e-01
2.2400000000000002e+00	9.9329886425491798e-01	-0.0000000000000000e+00	-1.8142067902057202e-01
2.2450000000000001e+00	9.9380139848141269e-01	-0.0000000000000000e+00	-1.8159213828225279e-01
2.2500000000000000e+00	9.9429418084626275e-01	-0.0000000000000000e+00	-1.8176033332994099e-01
2.2549999999999999e+00	9.9477720534612457e-01	-0.0000000000000000e+00	-1.8192525838531542e-01
2.2600000000000002e+00	9.9525046609361434e-01	-0.0000000000000000e+00	-1.8208690778287207e-01
2.2650000000000001e+00	9.9571395731755241e-01	-0.0000000000000000e+00	-1.8224527597008913e-01
2.2700000000000000e+00	9.9616767336320822e-01	-0.0000000000000000e+00	-1.8240035750759065e-01
2.2749999999999999e+00	9.9661160869253373e-01	-0.0000000000000000e+00	-1.8255214706930425e-01
2.2800000000000002e+00	9.9704575788439842e-01	-0.0000000000000000e+00	-1.8270063944261802e-01
2.2850000000000001e+00	9.9747011563481613e-01	-0.0000000000000000e+00	-1.8284582952853290e-01
2.2900000000000000e+00	9.9788467675716586e-01	-0.0000000000000000e+00	-1.8298771234181133e-01
2.2949999999999999e+00	9.9828943618240962e-01	-0.0000000000000000e+00	-1.8312628301112324e-01
2.3000000000000003e+00	9.9868438895930900e-01	-0.0000000000000000e+00	-1.8326153677918980e-01
2.3050000000000002e+00	9.9906953025462719e-01	-0.0000000000000000e+00	-1.8339346900292103e-01
2.3100000000000001e+00	9.9944485535333583e-01	-0.0000000000000000e+00	-1.8352207515355257e-01
2.3149999999999999e+00	9.9981035965881193e-01	-0.0000000000000000e+00	-1.8364735081677833e-01
2.3199999999999998e+00	1.0001660386930316e+00	-0.0000000000000000e+00	-1.8376929169287973e-01
2.3250000000000002e+00	1.0005118880967567e+00	-0.0000000000000000e+00	-1.8388789359685095e-01
2.3300000000000001e+00	1.0008479036297200e+00	-0.0000000000000000e+00	-1.8400315245852247e-01
2.3350000000000000e+00	1.0011740811708016e+00	-0.0000000000000000e+00	-1.8411506432267932e-01
2.3399999999999999e+00	1.0014904167182044e+00	-0.0000000000000000e+00	-1.8422362534917774e-01
2.3450000000000002e+00	1.0017969063896199e+00	-0.0000000000000000e+00	-1.8432883181305704e-01
2.3500000000000001e+00	1.0020935464223941e+00	-0.0000000000000000e+00	-1.8443068010464914e-01
2.3550000000000000e+00	1.0023803331736834e+00	-0.0000000000000000e+00	-1.8452916672968372e-01
2.3599999999999999e+00	1.0026572631206099e+00	-0.0000000000000000e+00	-1.8462428830939134e-01
2.3650000000000002e+00	1.0029243328604085e+00	-0.0000000000000000e+00	-1.8471604158060184e-01
2.3700000000000001e+00	1.0031815391105714e+00	-0.0000000000000000e+00	-1.8480442339584047e-01
2.3750000000000000e+00	1.0034288787089842e+00	-0.0000000000000000e+00	-1.8488943072341923e-01
2.3799999999999999e+00	1.0036663486140613e+00	-0.0000000000000000e+00	-1.8497106064752672e-01
2.3850000000000002e+00	1.0038939459048726e+00	-0.0000000000000000e+00	-1.8504931036831274e-01
2.3900000000000001e+00	1.0041116677812685e+00	-0.0000000000000000e+00	-1.8512417720197130e-01
2.3950000000000000e+00	1.0043195115639945e+00	-0.0000000000000000e+00	-1.8519565858081796e-01
2.3999999999999999e+00	1.0045174746948085e+00	-0.0000000000000000e+00	-1.8526375205336654e-01
2.4050000000000002e+00	1.0047055547365840e+00	-0.0000000000000000e+00	-1.8532845528439956e-01
2.4100000000000001e+00	1.0048837493734162e+00	-0.0000000000000000e+00	-1.8538976605503762e-01
2.4150000000000000e+00	1.0050520564107190e+00	-0.0000000000000000e+00	-1.8544768226280417e-01
2.4199999999999999e+00	1.0052104737753169e+00	-0.0000000000000000e+00	-1.8550220192168729e-01
2.4250000000000003e+00	1.0053589995155328e+00	-0.0000000000000000e+00	-1.8555332316219744e-01
2.4300000000000002e+00	1.0054976318012694e+00	-0.0000000000000000e+00	-1.8560104423142279e-01
2.4350000000000001e+00	1.0056263689240876e+00	-0.0000000000000000e+00	-1.8564536349308006e-01
2.4399999999999999e+00	1.0057452092972796e+00	-0.0000000000000000e+00	-1.8568627942756330e-01
2.4449999999999998e+00	1.0058541514559316e+00	-0.0000000000000000e+00	-1.8572379063198718e-01
2.4500000000000002e+00	1.0059531940569917e+00	-0.0000000000000000e+00	-1.8575789582022983e-01
2.4550000000000001e+00	1.0060423358793209e+00	-0.0000000000000000e+00	-1.8578859382296894e-01
2.4600000000000000e+00	1.0061215758237483e+00	-0.0000000000000000e+00	-1.8581588358771678e-01
2.4649999999999999e+00	1.0061909129131155e+00	-0.0000000000000000e+00	-1.8583976417885098e-01
2.4700000000000002e+00	1.0062503462923198e+00	-0.0000000000000000e+00	-1.8586023477764230e-01
2.4750000000000001e+00	1.0062998752283470e+00	-0.0000000000000000e+00	-1.8587729468227754e-01
2.4800000000000000e+00	1.0063394991103070e+00	-0.0000000000000000e+00	-1.8589094330788164e-01
2.4849999999999999e+00	1.0063692174494547e+00	-0.0000000000000000e+00	-1.8590118018653337e-01
2.4900000000000002e+00	1.0063890298792151e+00	-0.0000000000000000e+00	-1.8590800496728038e-01
2.4950000000000001e+00	1.0063989361551944e+00	-0.0000000000000000e+00	-1.8591141741614825e-01
2.5000000000000000e+00	1.0063989361551944e+00	0.0000000000000000e+00	-1.8591141741614825e-01
2.5049999999999999e+00	1.0063890298792151e+00	0.0000000000000000e+00	-1.8590800496728038e-01
2.5100000000000002e+00	1.0063692174494554e+00	0.0000000000000000e+00	-1.8590118018653359e-01
2.5150000000000001e+00	1.0063394991103074e+00	0.0000000000000000e+00	-1.8589094330788181e-01
2.5200000000000000e+00	1.0062998752283479e+00	0.0000000000000000e+00	-1.8587729468227779e-01
2.5249999999999999e+00	1.0062503462923202e+00	0.0000000000000000e+00	-1.8586023477764246e-01
2.5300000000000002e+00	1.0061909129131166e+00	0.0000000000000000e+00	-1.8583976417885137e-01
2.5350000000000001e+00	1.0061215758237494e+00	0.0000000000000000e+00	-1.8581588358771717e-01
2.5400000000000000e+00	1.0060423358793220e+00	0.0000000000000000e+00	-1.8578859382296931e-01
2.5449999999999999e+00	1.0059531940569930e+00	0.0000000000000000e+00	-1.8575789582023033e-01
2.5500000000000003e+00	1.0058541514559332e+00	0.0000000000000000e+00	-1.8572379063198771e-01
2.5550000000000002e+00	1.0057452092972807e+00	0.0000000000000000e+00	-1.8568627942756366e-01
2.5600000000000001e+00	1.0056263689240890e+00	0.0000000000000000e+00	-1.8564536349308050e-01
2.5649999999999999e+00	1.0054976318012709e+00	0.0000000000000000e+00	-1.8560104423142332e-01
2.5699999999999998e+00	1.0053589995155345e+00	0.0000000000000000e+00	-1.8555332316219808e-01
2.5750000000000002e+00	1.0052104737753189e+00	0.0000000000000000e+00	-1.8550220192168795e-01
2.5800000000000001e+00	1.0050520564107208e+00	0.0000000000000000e+00	-1.8544768226280481e-01
2.5850000000000000e+00	1.0048837493734182e+00	0.0000000000000000e+00	-1.8538976605503829e-01
2.5899999999999999e+00	1.0047055547365855e+00	0.0000000000000000e+00	-1.8532845528440015e-01
2.5950000000000002e+00	1.0045174746948109e+00	0.0000000000000000e+00	-1.8526375205336745e-01
2.6000000000000001e+00	1.0043195115639971e+00	0.0000000000000000e+00	-1.8519565858081891e-01
2.6050000000000000e+00	1.0041116677812709e+00	0.0000000000000000e+00	-1.8512417720197216e-01
2.6099999999999999e+00	1.0038939459048757e+00	0.0000000000000000e+00	-1.8504931036831376e-01
2.6150000000000002e+00	1.0036663486140640e+00	0.0000000000000000e+00	-1.8497106064752766e-01
2.6200000000000001e+00	1.0034288787089871e+00	0.0000000000000000e+00	-1.8488943072342026e-01
2.6250000000000000e+00	1.0031815391105743e+00	0.0000000000000000e+00	-1.8480442339584147e-01
2.6299999999999999e+00	1.0029243328604120e+00	0.0000000000000000e+00	-1.8471604158060309e-01
2.6350000000000002e+00	1.0026572631206134e+00	0.0000000000000000e+00	-1.8462428830939256e-01
2.6400000000000001e+00	1.0023803331736871e+00	0.0000000000000000e+00	-1.8452916672968497e-01
2.6450000000000000e+00	1.0020935464223977e+00	0.0000000000000000e+00	-1.8443068010465030e-01
2.6499999999999999e+00	1.0017969063896237e+00	0.0000000000000000e+00	-1.8432883181305834e-01
2.6550000000000002e+00	1.0014904167182082e+00	0.0000000000000000e+00	-1.8422362534917905e-01
2.6600000000000001e+00	1.0011740811708054e+00	0.0000000000000000e+00	-1.8411506432268063e-01
2.6650000000000000e+00	1.0008479036297238e+00	0.0000000000000000e+00	-1.8400315245852378e-01
2.6699999999999999e+00	1.0005118880967607e+00	0.0000000000000000e+00	-1.8388789359685234e-01
2.6750000000000003e+00	1.0001660386930358e+00	0.0000000000000000e+00	-1.8376929169288120e-01
2.6800000000000002e+00	9.9981035965881682e-01	0.0000000000000000e+00	-1.8364735081678005e-01
2.6850000000000001e+00	9.9944485535334038e-01	0.0000000000000000e+00	-1.8352207515355412e-01
2.6899999999999999e+00	9.9906953025463163e-01	0.0000000000000000e+00	-1.8339346900292253e-01
2.6949999999999998e+00	9.9868438895931366e-01	0.0000000000000000e+00	-1.8326153677919141e-01
2.7000000000000002e+00	9.9828943618241506e-01	0.0000000000000000e+00	-1.8312628301112507e-01
2.7050000000000001e+00	9.9788467675717085e-01	0.0000000000000000e+00	-1.8298771234181302e-01
2.7100000000000000e+00	9.9747011563482157e-01	0.0000000000000000e+00	-1.8284582952853476e-01
2.7149999999999999e+00	9.9704575788440386e-01	0.0000000000000000e+00	-1.8270063944261988e-01
2.7200000000000002e+00	9.9661160869253917e-01	0.0000000000000000e+00	-1.8255214706930611e-01
2.7250000000000001e+00	9.9616767336321344e-01	0.0000000000000000e+00	-1.8240035750759243e-01
2.7300000000000000e+00	9.9571395731755830e-01	0.0000000000000000e+00	-1.8224527597009116e-01
2.7349999999999999e+00	9.9525046609362022e-01	0.0000000000000000e+00	-1.8208690778287404e-01
2.7400000000000002e+00	9.9477720534613068e-01	0.0000000000000000e+00	-1.8192525838531751e-01
2.7450000000000001e+00	9.9429418084626886e-01	0.0000000000000000e+00	-1.8176033332994312e-01
2.7500000000000000e+00	9.9380139848141869e-01	0.0000000000000000e+00	-1.8159213828225487e-01
2.7549999999999999e+00	9.9329886425492431e-01	0.0000000000000000e+00	-1.8142067902057415e-01
2.7600000000000002e+00	9.9278658428583644e-01	0.0000000000000000e+00	-1.8124596143586999e-01
2.7650000000000001e+00	9.9226456480865810e-01	0.0000000000000000e+00	-1.8106799153158726e-01
2.7700000000000000e+00	9.9173281217308207e-01	0.0000000000000000e+00	-1.8088677542347062e-01
2.7749999999999999e+00	9.9119133284372740e-01	0.0000000000000000e+00	-1.8070231933938646e-01
2.7800000000000002e+00	9.9064013339986889e-01	0.0000000000000000e+00	-1.8051462961914055e-01
2.7850000000000001e+00	9.9007922053515907e-01	0.0000000000000000e+00	-1.8032371271429193e-01
2.7900000000000000e+00	9.8950860105735294e-01	0.0000000000000000e+00	-1.8012957518796543e-01
2.7949999999999999e+00	9.8892828188801996e-01	0.0000000000000000e+00	-1.7993222371465906e-01
2.8000000000000003e+00	9.8833827006225905e-01	0.0000000000000000e+00	-1.7973166508004979e-01
2.8050000000000002e+00	9.8773857272840082e-01	0.0000000000000000e+00	-1.7952790618079431e-01
2.8100000000000001e+00	9.8712919714771197e-01	0.0000000000000000e+00	-1.7932095402432799e-01
2.8149999999999999e+00	9.8651015069409187e-01	0.0000000000000000e+00	-1.7911081572866019e-01
2.8199999999999998e+00	9.8588144085376694e-01	0.0000000000000000e+00	-1.7889749852216688e-01
2.8250000000000002e+00	9.8524307522497478e-01	0.0000000000000000e+00	-1.7868100974337806e-01
2.8300000000000001e+00	9.8459506151765208e-01	0.0000000000000000e+00	-1.7846135684076492e-01
2.8350000000000000e+00	9.8393740755311043e-01	0.0000000000000000e+00	-1.7823854737252137e-01
2.8399999999999999e+00	9.8327012126371549e-01	0.0000000000000000e+00	-1.7801258900634481e-01
2.8450000000000002e+00	9.8259321069254957e-01	0.0000000000000000e+00	-1.7778348951920975e-01
2.8500000000000001e+00	9.8190668399308600e-01	0.0000000000000000e+00	-1.7755125679714376e-01
2.8550000000000000e+00	9.8121054942884423e-01	0.0000000000000000e+00	-1.7731589883499516e-01
2.8599999999999999e+00	9.8050481537304890e-01	0.0000000000000000e+00	-1.7707742373620067e-01
2.8650000000000002e+00	9.7978949030828311e-01	0.0000000000000000e+00	-1.7683583971254904e-01
2.8700000000000001e+00	9.7906458282613484e-01	0.0000000000000000e+00	-1.7659115508394105e-01
2.8750000000000000e+00	9.7833010162684098e-01	0.0000000000000000e+00	-1.7634337827814692e-01
2.8799999999999999e+00	9.7758605551892908e-01	0.0000000000000000e+00	-1.7609251783056126e-01
2.8850000000000002e+00	9.7683245341884994e-01	0.0000000000000000e+00	-1.7583858238395342e-01
2.8900000000000001e+00	9.7606930435060812e-01	0.0000000000000000e+00	-1.7558158068821519e-01
2.8950000000000000e+00	9.7529661744539209e-01	0.0000000000000000e+00	-1.7532152160010714e-01
2.8999999999999999e+00	9.7451440194119276e-01	0.0000000000000000e+00	-1.7505841408299913e-01
2.9050000000000002e+00	9.7372266718242295e-01	0.0000000000000000e+00	-1.7479226720660954e-01
2.9100000000000001e+00	9.7292142261953274e-01	0.0000000000000000e+00	-1.7452309014674133e-01
2.9150000000000000e+00	9.7211067780861760e-01	0.0000000000000000e+00	-1.7425089218501441e-01
2.9199999999999999e+00	9.7129044241102547e-01	0.0000000000000000e+00	-1.7397568270859554e-01
2.9250000000000003e+00	9.7046072619295631e-01	0.0000000000000000e+00	-1.7369747120992446e-01
2.9300000000000002e+00	9.6962153902506187e-01	0.0000000000000000e+00	-1.7341626728643800e-01
2.9350000000000001e+00	9.6877289088203788e-01	0.0000000000000000e+00	-1.7313208064029051e-01
2.9399999999999999e+00	9.6791479184221441e-01	0.0000000000000000e+00	-1.7284492107807176e-01
2.9449999999999998e+00	9.6704725208713982e-01	0.0000000000000000e+00	-1.7255479851052075e-01
2.9500000000000002e+00	9.6617028190116339e-01	0.0000000000000000e+00	-1.7226172295223821e-01
2.9550000000000001e+00	9.6528389167101125e-01	0.0000000000000000e+00	-1.7196570452139445e-01
2.9600000000000000e+00	9.6438809188536334e-01	0.0000000000000000e+00	-1.7166675343943624e-01
2.9649999999999999e+00	9.6348289313441748e-01	0.0000000000000000e+00	-1.7136488003078776e-01
2.9700000000000002e+00	9.6256830610946087e-01	0.0000000000000000e+00	-1.7106009472255237e-01
2.9750000000000001e+00	9.6164434160242807e-01	0.0000000000000000e+00	-1.7075240804420816e-01
2.9800000000000000e+00	9.6071101050545982e-01	0.0000000000000000e+00	-1.7044183062730206e-01
2.9849999999999999e+00	9.5976832381045873e-01	0.0000000000000000e+00	-1.7012837320514157e-01
2.9900000000000002e+00	9.5881629260863854e-01	0.0000000000000000e+00	-1.6981204661248248e-01
2.9950000000000001e+00	9.5785492809006945e-01	0.0000000000000000e+00	-1.6949286178521356e-01
3.0000000000000000e+00	9.5688424154322449e-01	0.0000000000000000e+00	-1.6917082976004011e-01
3.0049999999999999e+00	9.5590424435451526e-01	0.0000000000000000e+00	-1.6884596167416244e-01
3.0100000000000002e+00	9.5491494800783094e-01	0.0000000000000000e+00	-1.6851826876495354e-01
3.0150000000000001e+00	9.5391636408406610e-01	0.0000000000000000e+00	-1.6818776236963154e-01
3.0200000000000000e+00	9.5290850426065332e-01	0.0000000000000000e+00	-1.6785445392493217e-01
3.0249999999999999e+00	9.5189138031108567e-01	0.0000000000000000e+00	-1.6751835496677617e-01
3.0300000000000002e+00	9.5086500410443719e-01	0.0000000000000000e+00	-1.6717947712993431e-01
3.0350000000000001e+00	9.4982938760488345e-01	0.0000000000000000e+00	-1.6683783214769105e-01
3.0400000000000000e+00	9.4878454287121217e-01	0.0000000000000000e+00	-1.6649343185150300e-01
3.0449999999999999e+00	9.4773048205633748e-01	0.0000000000000000e+00	-1.6614628817065719e-01
3.0500000000000003e+00	9.4666721740680482e-01	0.0000000000000000e+00	-1.6579641313192461e-01
3.0550000000000002e+00	9.4559476126229558e-01	0.0000000000000000e+00	-1.6544381885921156e-01
3.0600000000000001e+00	9.4451312605512749e-01	0.0000000000000000e+00	-1.6508851757320889e-01
3.0649999999999999e+00	9.4342232430975292e-01	0.0000000000000000e+00	-1.6473052159103807e-01
3.0700000000000003e+00	9.4232236864225116e-01	0.0000000000000000e+00	-1.6436984332589402e-01
3.0750000000000002e+00	9.4121327175981950e-01	0.0000000000000000e+00	-1.6400649528668601e-01
3.0800000000000001e+00	9.4009504646026087e-01	0.0000000000000000e+00	-1.6364049007767564e-01
3.0850000000000000e+00	9.3896770563146814e-01	0.0000000000000000e+00	-1.6327184039811216e-01
3.0899999999999999e+00	9.3783126225090507e-01	0.0000000000000000e+00	-1.6290055904186496e-01
3.0950000000000002e+00	9.3668572938508354e-01	0.0000000000000000e+00	-1.6252665889705356e-01
3.1000000000000001e+00	9.3553112018903739e-01	0.0000000000000000e+00	-1.6215015294567453e-01
3.1050000000000000e+00	9.3436744790579662e-01	0.0000000000000000e+00	-1.6177105426322708e-01
3.1099999999999999e+00	9.3319472586585372e-01	0.0000000000000000e+00	-1.6138937601833425e-01
3.1150000000000002e+00	9.3201296748662965e-01	0.0000000000000000e+00	-1.6100513147236289e-01
3.1200000000000001e+00	9.3082218627193647e-01	0.0000000000000000e+00	-1.6061833397904032e-01
3.1250000000000000e+00	9.2962239581143602e-01	0.0000000000000000e+00	-1.6022899698406856e-01
3.1299999999999999e+00	9.2841360978009912e-01	0.0000000000000000e+00	-1.5983713402473679e-01
3.1350000000000002e+00	9.2719584193765570e-01	0.0000000000000000e+00	-1.5944275872952957e-01
3.1400000000000001e+00	9.2596910612804784e-01	0.0000000000000000e+00	-1.5904588481773413e-01
3.1450000000000000e+00	9.2473341627887695e-01	0.0000000000000000e+00	-1.5864652609904442e-01
3.1499999999999999e+00	9.2348878640084842e-01	0.0000000000000000e+00	-1.5824469647316247e-01
3.1550000000000002e+00	9.2223523058721713e-01	0.0000000000000000e+00	-1.5784040992939860e-01
3.1600000000000001e+00	9.2097276301322173e-01	0.0000000000000000e+00	-1.5743368054626636e-01
3.1650000000000000e+00	9.1970139793552685e-01	0.0000000000000000e+00	-1.5702452249107857e-01
3.1699999999999999e+00	9.1842114969165367e-01	0.0000000000000000e+00	-1.5661295001953773e-01
3.1750000000000003e+00	9.1713203269941368e-01	0.0000000000000000e+00	-1.5619897747532616e-01
3.1800000000000002e+00	9.1583406145633672e-01	0.0000000000000000e+00	-1.5578261928969261e-01
3.1850000000000001e+00	9.1452725053909845e-01	0.0000000000000000e+00	-1.5536388998103690e-01
3.1899999999999999e+00	9.1321161460294298e-01	0.0000000000000000e+00	-1.5494280415449188e-01
3.1950000000000003e+00	9.1188716838110651e-01	0.0000000000000000e+00	-1.5451937650150369e-01
3.2000000000000002e+00	9.1055392668423252e-01	0.0000000000000000e+00	-1.5409362179940791e-01
3.2050000000000001e+00	9.0921190439979271e-01	0.0000000000000000e+00	-1.5366555491100614e-01
3.2100000000000000e+00	9.0786111649149803e-01	0.0000000000000000e+00	-1.5323519078413755e-01
3.2149999999999999e+00	9.0650157799871356e-01	0.0000000000000000e+00	-1.5280254445125019e-01
3.2200000000000002e+00	9.0513330403586312e-01	0.0000000000000000e+00	-1.5236763102896778e-01
3.2250000000000001e+00	9.0375630979184207e-01	0.0000000000000000e+00	-1.5193046571765678e-01
3.2300000000000000e+00	9.0237061052941892e-01	0.0000000000000000e+00	-1.5149106380098928e-01
3.2349999999999999e+00	9.0097622158463908e-01	0.0000000000000000e+00	-1.5104944064550438e-01
3.2400000000000002e+00	8.9957315836622498e-01	0.0000000000000000e+00	-1.5060561170016692e-01
3.2450000000000001e+00	8.9816143635497436e-01	0.0000000000000000e+00	-1.5015959249592445e-01
3.2500000000000000e+00	8.9674107110315848e-01	0.0000000000000000e+00	-1.4971139864526217e-01
3.2549999999999999e+00	8.9531207823391268e-01	0.0000000000000000e+00	-1.4926104584175418e-01
3.2600000000000002e+00	8.9387447344063375e-01	0.0000000000000000e+00	-1.4880854985961534e-01
3.2650000000000001e+00	8.9242827248636447e-01	0.0000000000000000e+00	-1.4835392655324733e-01
3.2700000000000000e+00	8.9097349120318658e-01	0.0000000000000000e+00	-1.4789719185678618e-01
3.2749999999999999e+00	8.8951014549160379e-01	0.0000000000000000e+00	-1.4743836178364464e-01
3.2800000000000002e+00	8.8803825131992831e-01	0.0000000000000000e+00	-1.4697745242605476e-01
3.2850000000000001e+00	8.8655782472366185e-01	0.0000000000000000e+00	-1.4651447995460662e-01
3.2900000000000000e+00	8.8506888180487875e-01	0.0000000000000000e+00	-1.4604946061778643e-01
3.2949999999999999e+00	8.8357143873160116e-01	0.0000000000000000e+00	-1.4558241074151093e-01
3.3000000000000003e+00	8.8206551173718073e-01	0.0000000000000000e+00	-1.4511334672866166e-01
3.3050000000000002e+00	8.8055111711967071e-01	0.0000000000000000e+00	-1.4464228505861543e-01
3.3100000000000001e+00	8.7902827124120053e-01	0.0000000000000000e+00	-1.4416924228677341e-01
3.3149999999999999e+00	8.7749699052734986e-01	0.0000000000000000e+00	-1.4369423504408907e-01
3.3200000000000003e+00	8.7595729146651569e-01	0.0000000000000000e+00	-1.4321728003659223e-01
3.3250000000000002e+00	8.7440919060928579e-01	0.0000000000000000e+00	-1.4273839404491351e-01
3.3300000000000001e+00	8.7285270456780195e-01	0.0000000000000000e+00	-1.4225759392380419e-01
3.3350000000000000e+00	8.7128785001512865e-01	0.0000000000000000e+00	-1.4177489660165651e-01
3.3399999999999999e+00	8.6971464368461826e-01	0.0000000000000000e+00	-1.4129031908002096e-01
3.3450000000000002e+00	8.6813310236927010e-01	0.0000000000000000e+00	-1.4080387843312059e-01
3.3500000000000001e+00	8.6654324292109797e-01	0.0000000000000000e+00	-1.4031559180736611e-01
3.3550000000000000e+00	8.6494508225048561e-01	0.0000000000000000e+00	-1.3982547642086626e-01
3.3599999999999999e+00	8.6333863732554872e-01	0.0000000000000000e+00	-1.3933354956293820e-01
3.3650000000000002e+00	8.6172392517149188e-01	0.0000000000000000e+00	-1.3883982859361532e-01
3.3700000000000001e+00	8.6010096286996585e-01	0.0000000000000000e+00	-1.3834433094315340e-01
3.3750000000000000e+00	8.5846976755842119e-01	0.0000000000000000e+00	-1.3784707411153441e-01
3.3799999999999999e+00	8.5683035642946559e-01	0.0000000000000000e+00	-1.3734807566796983e-01
3.3850000000000002e+00	8.5518274673021422e-01	0.0000000000000000e+00	-1.3684735325040057e-01
3.3900000000000001e+00	8.5352695576164350e-01	0.0000000000000000e+00	-1.3634492456499619e-01
3.3950000000000000e+00	8.5186300087794165e-01	0.0000000000000000e+00	-1.3584080738565224e-01
3.3999999999999999e+00	8.5019089948585957e-01	0.0000000000000000e+00	-1.3533501955348556e-01
3.4050000000000002e+00	8.4851066904405825e-01	0.0000000000000000e+00	-1.3482757897632786e-01
3.4100000000000001e+00	8.4682232706245841e-01	0.0000000000000000e+00	-1.3431850362821790e-01
3.4150000000000000e+00	8.4512589110158720e-01	0.0000000000000000e+00	-1.3380781154889179e-01
3.4199999999999999e+00	8.4342137877192547e-01	0.0000000000000000e+00	-1.3329552084327187e-01
3.4250000000000003e+00	8.4170880773325207e-01	0.0000000000000000e+00	-1.3278164968095352e-01
3.4300000000000002e+00	8.3998819569399064e-01	0.0000000000000000e+00	-1.3226621629569085e-01
3.4350000000000001e+00	8.3825956041055116e-01	0.0000000000000000e+00	-1.3174923898487997e-01
3.4399999999999999e+00	8.3652291968667569e-01	0.0000000000000000e+00	-1.3123073610904176e-01
3.4450000000000003e+00	8.3477829137278026e-01	0.0000000000000000e+00	-1.3071072609130224e-01
3.4500000000000002e+00	8.3302569336529619e-01	0.0000000000000000e+00	-1.3018922741687153e-01
3.4550000000000001e+00	8.3126514360601456e-01	0.0000000000000000e+00	-1.2966625863252204e-01
3.4600000000000000e+00	8.2949666008142320e-01	0.0000000000000000e+00	-1.2914183834606341e-01
3.4649999999999999e+00	8.2772026082204941e-01	0.0000000000000000e+00	-1.2861598522581763e-01
3.4700000000000002e+00	8.2593596390180146e-01	0.0000000000000000e+00	-1.2808871800009242e-01
3.4750000000000001e+00	8.2414378743730443e-01	0.0000000000000000e+00	-1.2756005545665183e-01
3.4800000000000000e+00	8.2234374958724354e-01	0.0000000000000000e+00	-1.2703001644218725e-01
3.4849999999999999e+00	8.2053586855169913e-01	0.0000000000000000e+00	-1.2649861986178529e-01
3.4900000000000002e+00	8.1872016257148883e-01	0.0000000000000000e+00	-1.2596588467839565e-01
3.4950000000000001e+00	8.1689664992750266e-01	0.0000000000000000e+00	-1.2543182991229640e-01
3.5000000000000000e+00	8.1506534894004312e-01	0.0000000000000000e+00	-1.2489647464055878e-01
3.5049999999999999e+00	8.1322627796816260e-01	0.0000000000000000e+00	-1.2435983799651036e-01
3.5100000000000002e+00	8.1137945540900003e-01	0.0000000000000000e+00	-1.2382193916919633e-01
3.5150000000000001e+00	8.0952489969711960e-01	0.0000000000000000e+00	-1.2328279740284032e-01
3.5200000000000000e+00	8.0766262930384725e-01	0.0000000000000000e+00	-1.2274243199630322e-01
3.5249999999999999e+00	8.0579266273660854e-01	0.0000000000000000e+00	-1.2220086230254125e-01
3.5300000000000002e+00	8.0391501853826641e-01	0.0000000000000000e+00	-1.2165810772806232e-01
3.5350000000000001e+00	8.0202971528645639e-01	0.0000000000000000e+00	-1.2111418773238103e-01
3.5400000000000000e+00	8.0013677159292762e-01	0.0000000000000000e+00	-1.2056912182747354e-01
3.5449999999999999e+00	7.9823620610287627e-01	0.0000000000000000e+00	-1.2002292957722911e-01
3.5500000000000003e+00	7.9632803749428682e-01	0.0000000000000000e+00	-1.1947563059690312e-01
3.5550000000000002e+00	7.9441228447726719e-01	0.0000000000000000e+00	-1.1892724455256633e-01
3.5600000000000001e+00	7.9248896579338779e-01	0.0000000000000000e+00	-1.1837779116055461e-01
3.5649999999999999e+00	7.9055810021501960e-01	0.0000000000000000e+00	-1.1782729018691708e-01
3.5700000000000003e+00	7.8861970654467350e-01	0.0000000000000000e+00	-1.1727576144686316e-01
3.5750000000000002e+00	7.8667380361433747e-01	0.0000000000000000e+00	-1.1672322480420812e-01
3.5800000000000001e+00	7.8472041028481698e-01	0.0000000000000000e+00	-1.1616970017081804e-01
3.5850000000000000e+00	7.8275954544507398e-01	0.0000000000000000e+00	-1.1561520750605350e-01
3.5899999999999999e+00	7.8079122801156797e-01	0.0000000000000000e+00	-1.1505976681621240e-01
3.5950000000000002e+00	7.7881547692759445e-01	0.0000000000000000e+00	-1.1450339815397105e-01
3.6000000000000001e+00	7.7683231116262663e-01	0.0000000000000000e+00	-1.1394612161782496e-01
3.6050000000000000e+00	7.7484174971165998e-01	0.0000000000000000e+00	-1.1338795735152932e-01
3.6099999999999999e+00	7.7284381159454829e-01	0.0000000000000000e+00	-1.1282892554353581e-01
3.6150000000000002e+00	7.7083851585535135e-01	0.0000000000000000e+00	-1.1226904642643171e-01
3.6200000000000001e+00	7.6882588156167653e-01	0.0000000000000000e+00	-1.1170834027637606e-01
3.6250000000000000e+00	7.6680592780402246e-01	0.0000000000000000e+00	-1.1114682741253541e-01
3.6299999999999999e+00	7.6477867369512453e-01	0.0000000000000000e+00	-1.1058452819651883e-01
3.6350000000000002e+00	7.6274413836929877e-01	0.0000000000000000e+00	-1.1002146303181135e-01
3.6400000000000001e+00	7.6070234098179024e-01	0.0000000000000000e+00	-1.0945765236320780e-01
3.6450000000000000e+00	7.5865330070811876e-01	0.0000000000000000e+00	-1.0889311667624454e-01
3.6499999999999999e+00	7.5659703674342793e-01	0.0000000000000000e+00	-1.0832787649663120e-01
3.6550000000000002e+00	7.5453356830183171e-01	0.0000000000000000e+00	-1.0776195238968064e-01
3.6600000000000001e+00	7.5246291461576653e-01	0.0000000000000000e+00	-1.0719536495973940e-01
3.6650000000000000e+00	7.5038509493534100e-01	0.0000000000000000e+00	-1.0662813484961642e-01
3.6699999999999999e+00	7.4830012852768868e-01	0.0000000000000000e+00	-1.0606028274001146e-01
3.6750000000000003e+00	7.4620803467631902e-01	0.0000000000000000e+00	-1.0549182934894220e-01
3.6800000000000002e+00	7.4410883268047157e-01	0.0000000000000000e+00	-1.0492279543117121e-01
3.6850000000000001e+00	7.4200254185447345e-01	0.0000000000000000e+00	-1.0435320177763248e-01
3.6899999999999999e+00	7.3988918152709193e-01	0.0000000000000000e+00	-1.0378306921485596e-01
3.6950000000000003e+00	7.3776877104089400e-01	0.0000000000000000e+00	-1.0321241860439301e-01
3.7000000000000002e+00	7.3564132975160457e-01	0.0000000000000000e+00	-1.0264127084224019e-01
3.7050000000000001e+00	7.3350687702746520e-01	0.0000000000000000e+00	-1.0206964685826260e-01
3.7100000000000000e+00	7.3136543224859507e-01	0.0000000000000000e+00	-1.0149756761561657e-01
3.7149999999999999e+00	7.2921701480635615e-01	0.0000000000000000e+00	-1.0092505411017279e-01
3.7200000000000002e+00	7.2706164410271268e-01	0.0000000000000000e+00	-1.0035212736993669e-01
3.7250000000000001e+00	7.2489933954959895e-01	0.0000000000000000e+00	-9.9778808454470416e-02
3.7300000000000000e+00	7.2273012056828601e-01	0.0000000000000000e+00	-9.9205118454313415e-02
3.7349999999999999e+00	7.2055400658874735e-01	0.0000000000000000e+00	-9.8631078490401813e-02
3.7400000000000002e+00	7.1837101704903061e-01	0.0000000000000000e+00	-9.8056709713488746e-02
3.7450000000000001e+00	7.1618117139462767e-01	0.0000000000000000e+00	-9.7482033303562962e-02
3.7500000000000000e+00	7.1398448907784695e-01	0.0000000000000000e+00	-9.6907070469267678e-02
3.7549999999999999e+00	7.1178098955718716e-01	0.0000000000000000e+00	-9.6331842447318447e-02
3.7600000000000002e+00	7.0957069229671399e-01	0.0000000000000000e+00	-9.5756370501921206e-02
3.7650000000000001e+00	7.0735361676543751e-01	0.0000000000000000e+00	-9.5180675924189731e-02
3.7700000000000000e+00	7.0512978243668933e-01	0.0000000000000000e+00	-9.4604780031562002e-02
3.7749999999999999e+00	7.0289920878750667e-01	0.0000000000000000e+00	-9.4028704167217647e-02
3.7800000000000002e+00	7.0066191529801114e-01	0.0000000000000000e+00	-9.3452469699493307e-02
3.7850000000000001e+00	6.9841792145079540e-01	0.0000000000000000e+00	-9.2876098021299092e-02
3.7900000000000000e+00	6.9616724673030916e-01	0.0000000000000000e+00	-9.2299610549534145e-02
3.7949999999999999e+00	6.9390991062224638e-01	0.0000000000000000e+00	-9.1723028724501832e-02
3.8000000000000003e+00	6.9164593261293505e-01	0.0000000000000000e+00	-9.1146374009324599e-02
3.8050000000000002e+00	6.8937533218872959e-01	0.0000000000000000e+00	-9.0569667889359148e-02
3.8100000000000001e+00	6.8709812883540422e-01	0.0000000000000000e+00	-8.9992931871610712e-02
3.8149999999999999e+00	6.8481434203754821e-01	0.0000000000000000e+00	-8.9416187484147286e-02
3.8200000000000003e+00	6.8252399127796437e-01	0.0000000000000000e+00	-8.8839456275514109e-02
3.8250000000000002e+00	6.8022709603706843e-01	0.0000000000000000e+00	-8.8262759814147301e-02
3.8300000000000001e+00	6.7792367579228929e-01	0.0000000000000000e+00	-8.7686119687787542e-02
3.8350000000000000e+00	6.7561375001747659e-01	0.0000000000000000e+00	-8.7109557502894286e-02
3.8399999999999999e+00	6.7329733818230242e-01	0.0000000000000000e+00	-8.6533094884058553e-02
3.8450000000000002e+00	6.7097445975167203e-01	0.0000000000000000e+00	-8.5956753473416733e-02
3.8500000000000001e+00	6.6864513418513338e-01	0.0000000000000000e+00	-8.5380554930063773e-02
3.8550000000000000e+00	6.6630938093628977e-01	0.0000000000000000e+00	-8.4804520929466568e-02
3.8599999999999999e+00	6.6396721945221471e-01	0.0000000000000000e+00	-8.4228673162876966e-02
3.8650000000000002e+00	6.6161866917286949e-01	0.0000000000000000e+00	-8.3653033336745133e-02
3.8700000000000001e+00	6.5926374953052025e-01	0.0000000000000000e+00	-8.3077623172132284e-02
3.8750000000000000e+00	6.5690247994916362e-01	0.0000000000000000e+00	-8.2502464404124551e-02
3.8799999999999999e+00	6.5453487984394743e-01	0.0000000000000000e+00	-8.1927578781245500e-02
3.8850000000000002e+00	6.5216096862059802e-01	0.0000000000000000e+00	-8.1352988064869555e-02
3.8900000000000001e+00	6.4978076567485010e-01	0.0000000000000000e+00	-8.0778714028635401e-02
3.8950000000000000e+00	6.4739429039187668e-01	0.0000000000000000e+00	-8.0204778457859102e-02
3.8999999999999999e+00	6.4500156214572402e-01	0.0000000000000000e+00	-7.9631203148947852e-02
3.9050000000000002e+00	6.4260260029874783e-01	0.0000000000000000e+00	-7.9058009908813343e-02
3.9100000000000001e+00	6.4019742420105064e-01	0.0000000000000000e+00	-7.8485220554285348e-02
3.9150000000000000e+00	6.3778605318992598e-01	0.0000000000000000e+00	-7.7912856911526038e-02
3.9199999999999999e+00	6.3536850658929911e-01	0.0000000000000000e+00	-7.7340940815443321e-02
3.9250000000000003e+00	6.3294480370917661e-01	0.0000000000000000e+00	-7.6769494109105760e-02
3.9300000000000002e+00	6.3051496384509231e-01	0.0000000000000000e+00	-7.6198538643156177e-02
3.9350000000000001e+00	6.2807900627756397e-01	0.0000000000000000e+00	-7.5628096275227444e-02
3.9399999999999999e+00	6.2563695027154231e-01	0.0000000000000000e+00	-7.5058188869356043e-02
3.9450000000000003e+00	6.2318881507587354e-01	0.0000000000000000e+00	-7.4488838295398319e-02
3.9500000000000002e+00	6.2073461992275480e-01	0.0000000000000000e+00	-7.3920066428445105e-02
3.9550000000000001e+00	6.1827438402720059e-01	0.0000000000000000e+00	-7.3351895148237964e-02
3.9600000000000000e+00	6.1580812658650741e-01	0.0000000000000000e+00	-7.2784346338585146e-02
3.9650000000000003e+00	6.1333586677972030e-01	0.0000000000000000e+00	-7.2217441886777547e-02
3.9700000000000002e+00	6.1085762376710717e-01	0.0000000000000000e+00	-7.1651203683005954e-02
3.9750000000000001e+00	6.0837341668963085e-01	0.0000000000000000e+00	-7.1085653619777853e-02
3.9800000000000000e+00	6.0588326466842768e-01	0.0000000000000000e+00	-7.0520813591335108e-02
3.9849999999999999e+00	6.0338718680428605e-01	0.0000000000000000e+00	-6.9956705493071536e-02
3.9900000000000002e+00	6.0088520217713048e-01	0.0000000000000000e+00	-6.9393351220951457e-02
3.9950000000000001e+00	5.9837732984550729e-01	0.0000000000000000e+00	-6.8830772670928464e-02
4.0000000000000000e+00	5.9586358884607327e-01	0.0000000000000000e+00	-6.8268991738364454e-02
4.0049999999999999e+00	5.9334399819308814e-01	0.0000000000000000e+00	-6.7708030317449444e-02
4.0099999999999998e+00	5.9081857687790895e-01	0.0000000000000000e+00	-6.7147910300621713e-02
4.0149999999999997e+00	5.8828734386848902e-01	0.0000000000000000e+00	-6.6588653577988557e-02
4.0200000000000005e+00	5.8575031810887790e-01	0.0000000000000000e+00	-6.6030282036747337e-02
4.0250000000000004e+00	5.8320751851872676e-01	0.0000000000000000e+00	-6.5472817560607466e-02
4.0300000000000002e+00	5.8065896399279526e-01	0.0000000000000000e+00	-6.4916282029212555e-02
4.0350000000000001e+00	5.7810467340046245e-01	0.0000000000000000e+00	-6.4360697317563539e-02
4.0400000000000000e+00	5.7554466558523987e-01	0.0000000000000000e+00	-6.3806085295441947e-02
4.0449999999999999e+00	5.7297895936428911e-01	0.0000000000000000e+00	-6.3252467826834205e-02
4.0499999999999998e+00	5.7040757352794247e-01	0.0000000000000000e+00	-6.2699866769356488e-02
4.0549999999999997e+00	5.6783052683922486e-01	0.0000000000000000e+00	-6.2148303973679882e-02
4.0600000000000005e+00	5.6524783803338219e-01	0.0000000000000000e+00	-6.1597801282956777e-02
4.0650000000000004e+00	5.6265952581740974e-01	0.0000000000000000e+00	-6.1048380532247315e-02
4.0700000000000003e+00	5.6006560886958601e-01	0.0000000000000000e+00	-6.0500063547947000e-02
4.0750000000000002e+00	5.5746610583901113e-01	0.0000000000000000e+00	-5.9952872147215355e-02
4.0800000000000001e+00	5.5486103534514375e-01	0.0000000000000000e+00	-5.9406828137404118e-02
4.0850000000000000e+00	5.5225041597734637e-01	0.0000000000000000e+00	-5.8861953315487436e-02
4.0899999999999999e+00	5.4963426629443102e-01	0.0000000000000000e+00	-5.8318269467492106e-02
4.0949999999999998e+00	5.4701260482421077e-01	0.0000000000000000e+00	-5.7775798367929163e-02
4.0999999999999996e+00	5.4438545006305161e-01	0.0000000000000000e+00	-5.7234561779225542e-02
4.1050000000000004e+00	5.4175282047543016e-01	0.0000000000000000e+00	-5.6694581451157182e-02
4.1100000000000003e+00	5.3911473449349534e-01	0.0000000000000000e+00	-5.6155879120283060e-02
4.1150000000000002e+00	5.3647121051662872e-01	0.0000000000000000e+00	-5.5618476509378928e-02
4.1200000000000001e+00	5.3382226691101664e-01	0.0000000000000000e+00	-5.5082395326873895e-02
4.1250000000000000e+00	5.3116792200921847e-01	0.0000000000000000e+00	-5.4547657266286124e-02
4.1299999999999999e+00	5.2850819410973948e-01	0.0000000000000000e+00	-5.4014284005659864e-02
4.1349999999999998e+00	5.2584310147661262e-01	0.0000000000000000e+00	-5.3482297207004370e-02
4.1399999999999997e+00	5.2317266233897886e-01	0.0000000000000000e+00	-5.2951718515732778e-02
4.1450000000000005e+00	5.2049689489066953e-01	0.0000000000000000e+00	-5.2422569560101683e-02
4.1500000000000004e+00	5.1781581728979886e-01	0.0000000000000000e+00	-5.1894871950652961e-02
4.1550000000000002e+00	5.1512944765835533e-01	0.0000000000000000e+00	-5.1368647279655538e-02
4.1600000000000001e+00	5.1243780408179584e-01	0.0000000000000000e+00	-5.0843917120548192e-02
4.1650000000000000e+00	5.0974090460864829e-01	0.0000000000000000e+00	-5.0320703027384214e-02
4.1699999999999999e+00	5.0703876725011199e-01	0.0000000000000000e+00	-4.9799026534275911e-02
4.1749999999999998e+00	5.0433140997966741e-01	0.0000000000000000e+00	-4.9278909154841330e-02
4.1799999999999997e+00	5.0161885073268453e-01	0.0000000000000000e+00	-4.8760372381651172e-02
4.1850000000000005e+00	4.9890110740603899e-01	0.0000000000000000e+00	-4.8243437685677348e-02
4.1900000000000004e+00	4.9617819785772971e-01	0.0000000000000000e+00	-4.7728126515742396e-02
4.1950000000000003e+00	4.9345013990650005e-01	0.0000000000000000e+00	-4.7214460297969919e-02
4.2000000000000002e+00	4.9071695133146453e-01	0.0000000000000000e+00	-4.6702460435236522e-02
4.2050000000000001e+00	4.8797864987173795e-01	0.0000000000000000e+00	-4.6192148306624568e-02
4.2100000000000000e+00	4.8523525322606798e-01	0.0000000000000000e+00	-4.5683545266876173e-02
4.2149999999999999e+00	4.8248677905247317e-01	0.0000000000000000e+00	-4.5176672645848570e-02
4.2199999999999998e+00	4.7973324496788250e-01	0.0000000000000000e+00	-4.4671551747970321e-02
4.2249999999999996e+00	4.7697466854778037e-01	0.0000000000000000e+00	-4.4168203851699020e-02
4.2300000000000004e+00	4.7421106732585661e-01	0.0000000000000000e+00	-4.3666650208980466e-02
4.2350000000000003e+00	4.7144245879365659e-01	0.0000000000000000e+00	-4.3166912044708343e-02
4.2400000000000002e+00	4.6866886040023759e-01	0.0000000000000000e+00	-4.2669010556185681e-02
4.2450000000000001e+00	4.6589028955183087e-01	0.0000000000000000e+00	-4.2172966912587893e-02
4.2500000000000000e+00	4.6310676361150271e-01	0.0000000000000000e+00	-4.1678802254426148e-02
4.2549999999999999e+00	4.6031829989882478e-01	0.0000000000000000e+00	-4.1186537693013163e-02
4.2599999999999998e+00	4.5752491568954284e-01	0.0000000000000000e+00	-4.0696194309929240e-02
4.2649999999999997e+00	4.5472662821525650e-01	0.0000000000000000e+00	-4.0207793156490867e-02
4.2700000000000005e+00	4.5192345466309369e-01	0.0000000000000000e+00	-3.9721355253219202e-02
4.2750000000000004e+00	4.4911541217539791e-01	0.0000000000000000e+00	-3.9236901589311299e-02
4.2800000000000002e+00	4.4630251784941494e-01	0.0000000000000000e+00	-3.8754453122112079e-02
4.2850000000000001e+00	4.4348478873698294e-01	0.0000000000000000e+00	-3.8274030776587496e-02
4.2900000000000000e+00	4.4066224184422687e-01	0.0000000000000000e+00	-3.7795655444799257e-02
4.2949999999999999e+00	4.3783489413126142e-01	0.0000000000000000e+00	-3.7319347985381723e-02
4.2999999999999998e+00	4.3500276251188974e-01	0.0000000000000000e+00	-3.6845129223018809e-02
4.3049999999999997e+00	4.3216586385331524e-01	0.0000000000000000e+00	-3.6373019947923982e-02
4.3100000000000005e+00	4.2932421497584816e-01	0.0000000000000000e+00	-3.5903040915320115e-02
4.3150000000000004e+00	4.2647783265262440e-01	0.0000000000000000e+00	-3.5435212844922147e-02
4.3200000000000003e+00	4.2362673360932240e-01	0.0000000000000000e+00	-3.4969556420420420e-02
4.3250000000000002e+00	4.2077093452388653e-01	0.0000000000000000e+00	-3.4506092288965784e-02
4.3300000000000001e+00	4.1791045202625632e-01	0.0000000000000000e+00	-3.4044841060656632e-02
4.3350000000000000e+00	4.1504530269809548e-01	0.0000000000000000e+00	-3.3585823308026702e-02
4.3399999999999999e+00	4.1217550307252904e-01	0.0000000000000000e+00	-3.3129059565535184e-02
4.3449999999999998e+00	4.0930106963387897e-01	0.0000000000000000e+00	-3.2674570329057455e-02
4.3500000000000005e+00	4.0642201881741319e-01	0.0000000000000000e+00	-3.2222376055378893e-02
4.3550000000000004e+00	4.0353836700908868e-01	0.0000000000000000e+00	-3.1772497161688715e-02
4.3600000000000003e+00	4.0065013054530380e-01	0.0000000000000000e+00	-3.1324954025076283e-02
4.3650000000000002e+00	3.9775732571265437e-01	0.0000000000000000e+00	-3.0879766982028895e-02
4.3700000000000001e+00	3.9485996874769375e-01	0.0000000000000000e+00	-3.0436956327931329e-02
4.3750000000000000e+00	3.9195807583669573e-01	0.0000000000000000e+00	-2.9996542316566715e-02
4.3799999999999999e+00	3.8905166311542155e-01	0.0000000000000000e+00	-2.9558545159619209e-02
4.3849999999999998e+00	3.8614074666889342e-01	0.0000000000000000e+00	-2.9122985026178629e-02
4.3899999999999997e+00	3.8322534253116913e-01	0.0000000000000000e+00	-2.8689882042246363e-02
4.3950000000000005e+00	3.8030546668512261e-01	0.0000000000000000e+00	-2.8259256290243250e-02
4.4000000000000004e+00	3.7738113506222781e-01	0.0000000000000000e+00	-2.7831127808519127e-02
4.4050000000000002e+00	3.7445236354234723e-01	0.0000000000000000e+00	-2.7405516590864095e-02
4.4100000000000001e+00	3.7151916795352263e-01	0.0000000000000000e+00	-2.6982442586021338e-02
4.4150000000000000e+00	3.6858156407177373e-01	0.0000000000000000e+00	-2.6561925697202195e-02
4.4199999999999999e+00	3.6563956762089705e-01	0.0000000000000000e+00	-2.6143985781602545e-02
4.4249999999999998e+00	3.6269319427227104e-01	0.0000000000000000e+00	-2.5728642649921120e-02
4.4299999999999997e+00	3.5974245964466434e-01	0.0000000000000000e+00	-2.5315916065879678e-02
4.4350000000000005e+00	3.5678737930404930e-01	0.0000000000000000e+00	-2.4905825745744972e-02
4.4400000000000004e+00	3.5382796876341716e-01	0.0000000000000000e+00	-2.4498391357852312e-02
4.4450000000000003e+00	3.5086424348260131e-01	0.0000000000000000e+00	-2.4093632522131470e-02
4.4500000000000002e+00	3.4789621886810007e-01	0.0000000000000000e+00	-2.3691568809633856e-02
4.4550000000000001e+00	3.4492391027290847e-01	0.0000000000000000e+00	-2.3292219742062120e-02
4.4600000000000000e+00	3.4194733299634877e-01	0.0000000000000000e+00	-2.2895604791300986e-02
4.4649999999999999e+00	3.3896650228390984e-01	0.0000000000000000e+00	-2.2501743378950615e-02
4.4699999999999998e+00	3.3598143332708708e-01	0.0000000000000000e+00	-2.2110654875861304e-02
4.4750000000000005e+00	3.3299214126322890e-01	0.0000000000000000e+00	-2.1722358601670551e-02
4.4800000000000004e+00	3.2999864117538769e-01	0.0000000000000000e+00	-2.1336873824341959e-02
4.4850000000000003e+00	3.2700094809217095e-01	0.0000000000000000e+00	-2.0954219759705631e-02
4.4900000000000002e+00	3.2399907698760033e-01	0.0000000000000000e+00	-2.0574415571001016e-02
4.4950000000000001e+00	3.2099304278097424e-01	0.0000000000000000e+00	-2.0197480368421599e-02
4.5000000000000000e+00	3.1798286033673379e-01	0.0000000000000000e+00	-1.9823433208661496e-02
4.5049999999999999e+00	3.1496854446433137e-01	0.0000000000000000e+00	-1.9452293094463821e-02
4.5099999999999998e+00	3.1195010991810795e-01	0.0000000000000000e+00	-1.9084078974171644e-02
4.5149999999999997e+00	3.0892757139716776e-01	0.0000000000000000e+00	-1.8718809741280082e-02
4.5200000000000005e+00	3.0590094354526420e-01	0.0000000000000000e+00	-1.8356504233991364e-02
4.5250000000000004e+00	3.0287024095068338e-01	0.0000000000000000e+00	-1.7997181234771040e-02
4.5300000000000002e+00	2.9983547814613692e-01	0.0000000000000000e+00	-1.7640859469906903e-02
4.5350000000000001e+00	2.9679666960865519e-01	0.0000000000000000e+00	-1.7287557609069536e-02
4.5400000000000000e+00	2.9375382975948766e-01	0.0000000000000000e+00	-1.6937294264875211e-02
4.5449999999999999e+00	2.9070697296400355e-01	0.0000000000000000e+00	-1.6590087992450504e-02
4.5499999999999998e+00	2.8765611353159998e-01	0.0000000000000000e+00	-1.6245957288999326e-02
4.5549999999999997e+00	2.8460126571561295e-01	0.0000000000000000e+00	-1.5904920593371924e-02
4.5600000000000005e+00	2.8154244371323200e-01	0.0000000000000000e+00	-1.5566996285635945e-02
4.5650000000000004e+00	2.7847966166541904e-01	0.0000000000000000e+00	-1.5232202686649607e-02
4.5700000000000003e+00	2.7541293365683195e-01	0.0000000000000000e+00	-1.4900558057637089e-02
4.5750000000000002e+00	2.7234227371575076e-01	0.0000000000000000e+00	-1.4572080599765906e-02
4.5800000000000001e+00	2.6926769581400983e-01	0.0000000000000000e+00	-1.4246788453726606e-02
4.5850000000000000e+00	2.6618921386693184e-01	0.0000000000000000e+00	-1.3924699699314414e-02
4.5899999999999999e+00	2.6310684173326776e-01	0.0000000000000000e+00	-1.3605832355013213e-02
4.5949999999999998e+00	2.6002059321513998e-01	0.0000000000000000e+00	-1.3290204377581671e-02
4.6000000000000005e+00	2.5693048205798874e-01	0.0000000000000000e+00	-1.2977833661641370e-02
4.6050000000000004e+00	2.5383652195052409e-01	0.0000000000000000e+00	-1.2668738039267411e-02
4.6100000000000003e+00	2.5073872652468004e-01	0.0000000000000000e+00	-1.2362935279580945e-02
4.6150000000000002e+00	2.4763710935557517e-01	0.0000000000000000e+00	-1.2060443088344211e-02
4.6200000000000001e+00	2.4453168396147304e-01	0.0000000000000000e+00	-1.1761279107557355e-02
4.6250000000000000e+00	2.4142246380375185e-01	0.0000000000000000e+00	-1.1465460915058016e-02
4.6299999999999999e+00	2.3830946228687530e-01	0.0000000000000000e+00	-1.1173006024122882e-02
4.6349999999999998e+00	2.3519269275836549e-01	0.0000000000000000e+00	-1.0883931883071293e-02
4.6399999999999997e+00	2.3207216850878243e-01	0.0000000000000000e+00	-1.0598255874871391e-02
4.6450000000000005e+00	2.2894790277170865e-01	0.0000000000000000e+00	-1.0315995316748610e-02
4.6500000000000004e+00	2.2581990872373264e-01	0.0000000000000000e+00	-1.0037167459795991e-02
4.6550000000000002e+00	2.2268819948444327e-01	0.0000000000000000e+00	-9.7617894885874291e-03
4.6600000000000001e+00	2.1955278811642104e-01	0.0000000000000000e+00	-9.4898785207925586e-03
4.6650000000000000e+00	2.1641368762523722e-01	0.0000000000000000e+00	-9.2214516067943269e-03
4.6699999999999999e+00	2.1327091095945744e-01	0.0000000000000000e+00	-8.9565257293088944e-03
4.6749999999999998e+00	2.1012447101064549e-01	0.0000000000000000e+00	-8.6951178030075654e-03
4.6799999999999997e+00	2.0697438061337614e-01	0.0000000000000000e+00	-8.4372446741414701e-03
4.6850000000000005e+00	2.0382065254524612e-01	0.0000000000000000e+00	-8.1829231201681150e-03
4.6900000000000004e+00	2.0066329952689299e-01	0.0000000000000000e+00	-7.9321698493806016e-03
4.6950000000000003e+00	1.9750233422201763e-01	0.0000000000000000e+00	-7.6850015005391886e-03
4.7000000000000002e+00	1.9433776923740639e-01	0.0000000000000000e+00	-7.4414346425048872e-03
4.7050000000000001e+00	1.9116961712296429e-01	0.0000000000000000e+00	-7.2014857738759777e-03
4.7100000000000000e+00	1.8799789037174330e-01	0.0000000000000000e+00	-6.9651713226262452e-03
4.7149999999999999e+00	1.8482260141998272e-01	0.0000000000000000e+00	-6.7325076457462303e-03
4.7199999999999998e+00	1.8164376264714721e-01	0.0000000000000000e+00	-6.5035110288864002e-03
4.7250000000000005e+00	1.7846138637597175e-01	0.0000000000000000e+00	-6.2781976860029707e-03
4.7300000000000004e+00	1.7527548487250999e-01	0.0000000000000000e+00	-6.0565837590060862e-03
4.7350000000000003e+00	1.7208607034618362e-01	0.0000000000000000e+00	-5.8386853174102558e-03
4.7400000000000002e+00	1.6889315494984011e-01	0.0000000000000000e+00	-5.6245183579874992e-03
4.7450000000000001e+00	1.6569675077981025e-01	0.0000000000000000e+00	-5.4140988044226734e-03
4.7500000000000000e+00	1.6249686987597017e-01	0.0000000000000000e+00	-5.2074425069712927e-03
4.7549999999999999e+00	1.5929352422180953e-01	0.0000000000000000e+00	-5.0045652421199351e-03
4.7599999999999998e+00	1.5608672574450008e-01	0.0000000000000000e+00	-4.8054827122488986e-03
4.7649999999999997e+00	1.5287648631496850e-01	0.0000000000000000e+00	-4.6102105452973628e-03
4.7700000000000005e+00	1.4966281774797502e-01	0.0000000000000000e+00	-4.4187642944311266e-03
4.7750000000000004e+00	1.4644573180219317e-01	0.0000000000000000e+00	-4.2311594377126760e-03
4.7800000000000002e+00	1.4322524018029473e-01	0.0000000000000000e+00	-4.0474113777738234e-03
4.7850000000000001e+00	1.4000135452903778e-01	0.0000000000000000e+00	-3.8675354414907910e-03
4.7900000000000000e+00	1.3677408643935599e-01	0.0000000000000000e+00	-3.6915468796616621e-03
4.7949999999999999e+00	1.3354344744645713e-01	0.0000000000000000e+00	-3.5194608666866377e-03
4.7999999999999998e+00	1.3030944902991864e-01	0.0000000000000000e+00	-3.3512925002504336e-03
4.8049999999999997e+00	1.2707210261379079e-01	0.0000000000000000e+00	-3.1870568010074194e-03
4.8100000000000005e+00	1.2383141956670358e-01	0.0000000000000000e+00	-3.0267687122692566e-03
4.8150000000000004e+00	1.2058741120197156e-01	0.0000000000000000e+00	-2.8704430996947918e-03
4.8200000000000003e+00	1.1734008877771197e-01	0.0000000000000000e+00	-2.7180947509829628e-03
4.8250000000000002e+00	1.1408946349695460e-01	0.0000000000000000e+00	-2.5697383755676480e-03
4.8300000000000001e+00	1.1083554650776760e-01	0.0000000000000000e+00	-2.4253886043156623e-03
4.8350000000000000e+00	1.0757834890337323e-01	0.0000000000000000e+00	-2.2850599892266584e-03
4.8399999999999999e+00	1.0431788172228026e-01	0.0000000000000000e+00	-2.1487670031361808e-03
4.8449999999999998e+00	1.0105415594840861e-01	0.0000000000000000e+00	-2.0165240394207705e-03
4.8500000000000005e+00	9.7787182511225451e-02	0.0000000000000000e+00	-1.8883454117059823e-03
4.8550000000000004e+00	9.4516972285879727e-02	0.0000000000000000e+00	-1.7642453535767501e-03
4.8600000000000003e+00	9.1243536093341765e-02	0.0000000000000000e+00	-1.6442380182903971e-03
4.8650000000000002e+00	8.7966884700547116e-02	0.0000000000000000e+00	-1.5283374784922428e-03
4.8700000000000001e+00	8.4687028820540217e-02	0.0000000000000000e+00	-1.4165577259336686e-03
4.8750000000000000e+00	8.1403979112627187e-02	0.0000000000000000e+00	-1.3089126711929645e-03
4.8799999999999999e+00	7.8117746182525372e-02	0.0000000000000000e+00	-1.2054161433985374e-03
4.8849999999999998e+00	7.4828340582520858e-02	0.0000000000000000e+00	-1.1060818899548670e-03
4.8899999999999997e+00	7.1535772811625958e-02	0.0000000000000000e+00	-1.0109235762709571e-03
4.8950000000000005e+00	6.8240053315743385e-02	0.0000000000000000e+00	-9.1995478549148355e-04
4.9000000000000004e+00	6.4941192487829230e-02	0.0000000000000000e+00	-8.3318901823042153e-04
4.9050000000000002e+00	6.1639200668064775e-02	0.0000000000000000e+00	-7.5063969230743511e-04
4.9100000000000001e+00	5.8334088144024472e-02	0.0000000000000000e+00	-6.7232014248668685e-04
4.9150000000000000e+00	5.5025865150852116e-02	0.0000000000000000e+00	-5.9824362021840510e-04
4.9199999999999999e+00	5.1714541871439930e-02	0.0000000000000000e+00	-5.2842329338304993e-04
4.9249999999999998e+00	4.8400128436607293e-02	0.0000000000000000e+00	-4.6287224603802819e-04
4.9299999999999997e+00	4.5082634925286726e-02	0.0000000000000000e+00	-4.0160347816712221e-04
4.9350000000000005e+00	4.1762071364708872e-02	0.0000000000000000e+00	-3.4462990543246685e-04
4.9400000000000004e+00	3.8438447730594225e-02	0.0000000000000000e+00	-2.9196435892922914e-04
4.9450000000000003e+00	3.5111773947344577e-02	0.0000000000000000e+00	-2.4361958494286442e-04
4.9500000000000002e+00	3.1782059888239518e-02	0.0000000000000000e+00	-1.9960824470904826e-04
4.9550000000000001e+00	2.8449315375636046e-02	0.0000000000000000e+00	-1.5994291417624804e-04
4.9600000000000000e+00	2.5113550181168860e-02	0.0000000000000000e+00	-1.2463608377090942e-04
4.9649999999999999e+00	2.1774774025956331e-02	0.0000000000000000e+00	-9.3700158165326784e-05
4.9699999999999998e+00	1.8432996580807468e-02	0.0000000000000000e+00	-6.7147456048139491e-05
4.9750000000000005e+00	1.5088227466431117e-02	0.0000000000000000e+00	-4.4990209897481985e-05
4.9800000000000004e+00	1.1740476253652637e-02	0.0000000000000000e+00	-2.7240565756820495e-05
4.9850000000000003e+00	8.3897524636257406e-03	0.0000000000000000e+00	-1.3910583013395276e-05
4.9900000000000002e+00	5.0360655680539495e-03	0.0000000000000000e+00	-5.0122341793704851e-06
4.9950000000000001e+00	1.6794249894115927e-03	0.0000000000000000e+00	-5.5740467562392655e-07
