2.5000000000000001e-02	0.0000000000000000e+00
7.5000000000000011e-02	1.7311571601919727e-02
1.2500000000000000e-01	3.4623143203839413e-02
1.7500000000000002e-01	5.1934714805759147e-02
2.2500000000000001e-01	6.9246286407678825e-02
2.7500000000000002e-01	8.6557858009598559e-02
3.2500000000000001e-01	1.0386942961151829e-01
3.7500000000000000e-01	1.2118100121343797e-01
4.2500000000000004e-01	1.3849257281535771e-01
4.7500000000000003e-01	1.5580414441727738e-01
5.2500000000000002e-01	1.7311571601919712e-01
5.7500000000000007e-01	1.8696996697967525e-01
6.2500000000000000e-01	2.0082421794015337e-01
6.7500000000000004e-01	2.1467846890063147e-01
7.2500000000000009e-01	2.2853271986110962e-01
7.7500000000000002e-01	2.4238697082158772e-01
8.2500000000000007e-01	2.5624122178206582e-01
8.7500000000000000e-01	2.7009547274254397e-01
9.2500000000000004e-01	2.8394972370302207e-01
9.7500000000000009e-01	2.9780397466350023e-01
1.0250000000000001e+00	3.1165822562397832e-01
1.0750000000000000e+00	3.2551247658445648e-01
1.1250000000000000e+00	3.3936672754493458e-01
1.1750000000000000e+00	3.5322097850541273e-01
1.2250000000000001e+00	3.6707522946589077e-01
1.2750000000000001e+00	3.8092948042636893e-01
1.3250000000000002e+00	3.9478373138684708e-01
1.3750000000000000e+00	4.0863798234732518e-01
1.4250000000000000e+00	4.2249223330780328e-01
1.4750000000000001e+00	4.3634648426828143e-01
1.5250000000000001e+00	4.5020073522875953e-01
1.5750000000000002e+00	4.5920899246375280e-01
1.6250000000000000e+00	4.6821724969874612e-01
1.6750000000000000e+00	4.7722550693373939e-01
1.7250000000000001e+00	4.8623376416873276e-01
1.7750000000000001e+00	4.9524202140372597e-01
1.8250000000000002e+00	5.0425027863871930e-01
1.8750000000000000e+00	5.1325853587371262e-01
1.9250000000000000e+00	5.2226679310870583e-01
1.9750000000000001e+00	5.3127505034369915e-01
2.0249999999999999e+00	5.4028330757869247e-01
2.0750000000000002e+00	5.4929156481368580e-01
2.1250000000000000e+00	5.5829982204867901e-01
2.1750000000000003e+00	5.6730807928367233e-01
2.2250000000000001e+00	5.7631633651866565e-01
2.2749999999999999e+00	5.8532459375365886e-01
2.3250000000000002e+00	5.9433285098865218e-01
2.3750000000000000e+00	6.0334110822364551e-01
2.4250000000000003e+00	6.1234936545863883e-01
2.4750000000000001e+00	6.2135762269363215e-01
2.5250000000000004e+00	6.3036587992862536e-01
2.5750000000000002e+00	6.3339187704248523e-01
2.6250000000000000e+00	6.3641787415634499e-01
2.6750000000000003e+00	6.3944387127020474e-01
2.7250000000000001e+00	6.4246986838406461e-01
2.7750000000000004e+00	6.4549586549792437e-01
2.8250000000000002e+00	6.4852186261178424e-01
2.8750000000000000e+00	6.5154785972564400e-01
2.9250000000000003e+00	6.5457385683950386e-01
2.9750000000000001e+00	6.5759985395336373e-01
3.0250000000000004e+00	6.6062585106722349e-01
3.0750000000000002e+00	6.6365184818108336e-01
3.1250000000000000e+00	6.6667784529494312e-01
3.1750000000000003e+00	6.6970384240880287e-01
3.2250000000000001e+00	6.7272983952266274e-01
3.2750000000000004e+00	6.7575583663652261e-01
3.3250000000000002e+00	6.7878183375038237e-01
3.3750000000000000e+00	6.8180783086424224e-01
3.4250000000000003e+00	6.8483382797810199e-01
3.4750000000000001e+00	6.8785982509196175e-01
3.5250000000000004e+00	6.9088582220582162e-01
3.5750000000000002e+00	6.8754489042984268e-01
3.6250000000000000e+00	6.8420395865386374e-01
3.6750000000000003e+00	6.8086302687788480e-01
3.7250000000000001e+00	6.7752209510190586e-01
3.7750000000000004e+00	6.7418116332592692e-01
3.8250000000000002e+00	6.7084023154994787e-01
3.8750000000000000e+00	6.6749929977396905e-01
3.9250000000000003e+00	6.6415836799799011e-01
3.9750000000000001e+00	6.6081743622201117e-01
4.0250000000000004e+00	6.5747650444603223e-01
4.0750000000000002e+00	6.5413557267005329e-01
4.1250000000000000e+00	6.5079464089407424e-01
4.1749999999999998e+00	6.4745370911809530e-01
4.2250000000000005e+00	6.4411277734211647e-01
4.2750000000000004e+00	6.4077184556613753e-01
4.3250000000000002e+00	6.3743091379015848e-01
4.3750000000000000e+00	6.3408998201417954e-01
4.4249999999999998e+00	6.3074905023820060e-01
4.4750000000000005e+00	6.2740811846222166e-01
4.5250000000000004e+00	6.2406718668624273e-01
4.5750000000000002e+00	6.1478397184710165e-01
4.6250000000000000e+00	6.0550075700796069e-01
4.6749999999999998e+00	5.9621754216881961e-01
4.7250000000000005e+00	5.8693432732967854e-01
4.7750000000000004e+00	5.7765111249053758e-01
4.8250000000000002e+00	5.6836789765139650e-01
4.8750000000000000e+00	5.5908468281225554e-01
4.9250000000000007e+00	5.4980146797311447e-01
4.9750000000000005e+00	5.4051825313397339e-01
5.0250000000000004e+00	5.3123503829483232e-01
5.0750000000000002e+00	5.2195182345569135e-01
5.1250000000000000e+00	5.1266860861655028e-01
5.1750000000000007e+00	5.0338539377740932e-01
5.2250000000000005e+00	4.9410217893826824e-01
5.2750000000000004e+00	4.8481896409912717e-01
5.3250000000000002e+00	4.7553574925998615e-01
5.3750000000000000e+00	4.6625253442084513e-01
5.4250000000000007e+00	4.5696931958170406e-01
5.4750000000000005e+00	4.4768610474256310e-01
5.5250000000000004e+00	4.3840288990342202e-01
5.5750000000000002e+00	4.2434740484896066e-01
5.6250000000000000e+00	4.1029191979449936e-01
5.6750000000000007e+00	3.9623643474003800e-01
5.7250000000000005e+00	3.8218094968557664e-01
5.7750000000000004e+00	3.6812546463111528e-01
5.8250000000000002e+00	3.5406997957665398e-01
5.8750000000000000e+00	3.4001449452219262e-01
5.9250000000000007e+00	3.2595900946773126e-01
5.9750000000000005e+00	3.1190352441326996e-01
6.0250000000000004e+00	2.9784803935880860e-01
6.0750000000000002e+00	2.8379255430434724e-01
6.1250000000000000e+00	2.6973706924988589e-01
6.1750000000000007e+00	2.5568158419542458e-01
6.2250000000000005e+00	2.4162609914096322e-01
6.2750000000000004e+00	2.2757061408650187e-01
6.3250000000000002e+00	2.1351512903204051e-01
6.3750000000000000e+00	1.9945964397757920e-01
6.4250000000000007e+00	1.8540415892311785e-01
6.4750000000000005e+00	1.7134867386865651e-01
6.5250000000000004e+00	1.5729318881419516e-01
6.5750000000000002e+00	1.4156386993277564e-01
6.6250000000000000e+00	1.2583455105135613e-01
6.6750000000000007e+00	1.1010523216993660e-01
6.7250000000000005e+00	9.4375913288517091e-02
6.7750000000000004e+00	7.8646594407097578e-02
6.8250000000000002e+00	6.2917275525678065e-02
6.8750000000000000e+00	4.7187956644258552e-02
6.9250000000000007e+00	3.1458637762839026e-02
6.9750000000000005e+00	1.5729318881419513e-02
