5.0000000000000001e-03	2.9058422927375632e-04
1.4999999999999999e-02	8.7152775929192413e-04
2.5000000000000001e-02	1.4521704653861136e-03
3.5000000000000003e-02	2.0325112444712998e-03
4.4999999999999998e-02	2.6125489934398522e-03
5.5000000000000000e-02	3.1922826091650191e-03
6.5000000000000002e-02	3.7717109885039026e-03
7.4999999999999997e-02	4.3508330283018471e-03
8.5000000000000006e-02	4.9296476253947678e-03
9.5000000000000001e-02	5.5081536766130252e-03
1.0500000000000000e-01	6.0863500787849134e-03
1.1500000000000000e-01	6.6642357287406608e-03
1.2500000000000000e-01	7.2418095233143754e-03
1.3500000000000001e-01	7.8190703593492058e-03
1.4499999999999999e-01	8.3960171336992812e-03
1.5500000000000000e-01	8.9726487432342360e-03
1.6500000000000001e-01	9.5489640848424300e-03
1.7500000000000002e-01	1.0124962055433678e-02
1.8500000000000000e-01	1.0700641551943750e-02
1.9500000000000001e-01	1.1276001471337099e-02
2.0500000000000002e-01	1.1851040710610475e-02
2.1500000000000000e-01	1.2425758166796671e-02
2.2500000000000001e-01	1.3000152736967493e-02
2.3500000000000001e-01	1.3574223318237894e-02
2.4500000000000000e-01	1.4147968807768556e-02
2.5500000000000000e-01	1.4721388102770159e-02
2.6500000000000001e-01	1.5294480100506351e-02
2.7500000000000002e-01	1.5867243698297482e-02
2.8500000000000003e-01	1.6439677793523982e-02
2.9499999999999998e-01	1.7011781283629707e-02
3.0499999999999999e-01	1.7583553066125690e-02
3.1500000000000000e-01	1.8154992038593502e-02
3.2500000000000001e-01	1.8726097098688464e-02
3.3500000000000002e-01	1.9296867144143557e-02
3.4500000000000003e-01	1.9867301072772747e-02
3.5499999999999998e-01	2.0437397782474102e-02
3.6499999999999999e-01	2.1007156171234050e-02
3.7500000000000000e-01	2.1576575137130231e-02
3.8500000000000001e-01	2.2145653578335232e-02
3.9500000000000002e-01	2.2714390393119819e-02
4.0500000000000003e-01	2.3282784479856929e-02
4.1500000000000004e-01	2.3850834737024682e-02
4.2499999999999999e-01	2.4418540063210210e-02
4.3500000000000000e-01	2.4985899357113050e-02
4.4500000000000001e-01	2.5552911517548339e-02
4.5500000000000002e-01	2.6119575443450858e-02
4.6500000000000002e-01	2.6685890033878359e-02
4.7500000000000003e-01	2.7251854188014814e-02
4.8499999999999999e-01	2.7817466805174149e-02
4.9500000000000000e-01	2.8382726784803743e-02
5.0500000000000000e-01	2.8947633026487521e-02
5.1500000000000001e-01	2.9512184429950485e-02
5.2500000000000002e-01	3.0076379895061262e-02
5.3500000000000003e-01	3.0640218321835916e-02
5.4500000000000004e-01	3.1203698610441498e-02
5.5500000000000005e-01	3.1766819661199847e-02
5.6500000000000006e-01	3.2329580374590508e-02
5.7500000000000007e-01	3.2891979651254531e-02
5.8499999999999996e-01	3.3454016391998298e-02
5.9499999999999997e-01	3.4015689497796812e-02
6.0499999999999998e-01	3.4576997869796983e-02
6.1499999999999999e-01	3.5137940409321430e-02
6.2500000000000000e-01	3.5698516017872217e-02
6.3500000000000001e-01	3.6258723597133918e-02
6.4500000000000002e-01	3.6818562048977162e-02
6.5500000000000003e-01	3.7378030275462847e-02
6.6500000000000004e-01	3.7937127178844766e-02
6.7500000000000004e-01	3.8495851661573939e-02
6.8500000000000005e-01	3.9054202626301403e-02
6.9500000000000006e-01	3.9612178975882671e-02
7.0499999999999996e-01	4.0169779613380072e-02
7.1499999999999997e-01	4.0727003442067575e-02
7.2499999999999998e-01	4.1283849365433424e-02
7.3499999999999999e-01	4.1840316287183835e-02
7.4500000000000000e-01	4.2396403111247177e-02
7.5500000000000000e-01	4.2952108741776650e-02
7.6500000000000001e-01	4.3507432083154329e-02
7.7500000000000002e-01	4.4062372039994573e-02
7.8500000000000003e-01	4.4616927517147659e-02
7.9500000000000004e-01	4.5171097419703321e-02
8.0500000000000005e-01	4.5724880652994071e-02
8.1500000000000006e-01	4.6278276122599285e-02
8.2500000000000007e-01	4.6831282734348167e-02
8.3499999999999996e-01	4.7383899394323782e-02
8.4499999999999997e-01	4.7936125008866126e-02
8.5499999999999998e-01	4.8487958484576175e-02
8.6499999999999999e-01	4.9039398728319326e-02
8.7500000000000000e-01	4.9590444647228497e-02
8.8500000000000001e-01	5.0141095148708612e-02
8.9500000000000002e-01	5.0691349140439011e-02
9.0500000000000003e-01	5.1241205530378017e-02
9.1500000000000004e-01	5.1790663226766072e-02
9.2500000000000004e-01	5.2339721138129236e-02
9.3500000000000005e-01	5.2888378173282957e-02
9.4500000000000006e-01	5.3436633241335373e-02
9.5500000000000007e-01	5.3984485251691298e-02
9.6499999999999997e-01	5.4531933114055582e-02
9.7499999999999998e-01	5.5078975738436176e-02
9.8499999999999999e-01	5.5625612035148736e-02
9.9500000000000000e-01	5.6171840914819332e-02
1.0050000000000001e+00	5.6717661288388635e-02
1.0150000000000001e+00	5.7263072067114701e-02
1.0249999999999999e+00	5.7808072162577495e-02
1.0349999999999999e+00	5.8352660486681897e-02
1.0449999999999999e+00	5.8896835951661217e-02
1.0549999999999999e+00	5.9440597470081055e-02
1.0649999999999999e+00	5.9983943954843126e-02
1.0750000000000000e+00	6.0526874319188045e-02
1.0850000000000000e+00	6.1069387476699349e-02
1.0950000000000000e+00	6.1611482341307512e-02
1.1050000000000000e+00	6.2153157827292714e-02
1.1150000000000000e+00	6.2694412849289033e-02
1.1250000000000000e+00	6.3235246322287761e-02
1.1350000000000000e+00	6.3775657161640978e-02
1.1450000000000000e+00	6.4315644283065257e-02
1.1550000000000000e+00	6.4855206602645404e-02
1.1650000000000000e+00	6.5394343036837443e-02
1.1750000000000000e+00	6.5933052502472930e-02
1.1850000000000001e+00	6.6471333916762160e-02
1.1950000000000001e+00	6.7009186197297538e-02
1.2050000000000001e+00	6.7546608262057842e-02
1.2150000000000001e+00	6.8083599029411190e-02
1.2250000000000001e+00	6.8620157418118777e-02
1.2350000000000001e+00	6.9156282347338782e-02
1.2450000000000001e+00	6.9691972736629665e-02
1.2550000000000001e+00	7.0227227505953491e-02
1.2650000000000001e+00	7.0762045575680346e-02
1.2750000000000001e+00	7.1296425866590976e-02
1.2849999999999999e+00	7.1830367299881362e-02
1.2949999999999999e+00	7.2363868797165193e-02
1.3049999999999999e+00	7.2896929280478528e-02
1.3149999999999999e+00	7.3429547672282533e-02
1.3250000000000000e+00	7.3961722895467832e-02
1.3350000000000000e+00	7.4493453873357346e-02
1.3450000000000000e+00	7.5024739529710852e-02
1.3550000000000000e+00	7.5555578788727179e-02
1.3650000000000000e+00	7.6085970575049580e-02
1.3750000000000000e+00	7.6615913813767450e-02
1.3850000000000000e+00	7.7145407430421503e-02
1.3950000000000000e+00	7.7674450351006619e-02
1.4050000000000000e+00	7.8203041501975129e-02
1.4150000000000000e+00	7.8731179810241206e-02
1.4250000000000000e+00	7.9258864203183926e-02
1.4350000000000001e+00	7.9786093608651229e-02
1.4450000000000001e+00	8.0312866954963175e-02
1.4550000000000001e+00	8.0839183170915527e-02
1.4650000000000001e+00	8.1365041185783499e-02
1.4750000000000001e+00	8.1890439929325806e-02
1.4850000000000001e+00	8.2415378331787151e-02
1.4950000000000001e+00	8.2939855323903022e-02
1.5050000000000001e+00	8.3463869836902391e-02
1.5150000000000001e+00	8.3987420802511772e-02
1.5250000000000001e+00	8.4510507152959116e-02
1.5350000000000001e+00	8.5033127820976245e-02
1.5449999999999999e+00	8.5555281739803868e-02
1.5549999999999999e+00	8.6076967843194283e-02
1.5649999999999999e+00	8.6598185065415209e-02
1.5750000000000000e+00	8.7118932341253411e-02
1.5850000000000000e+00	8.7639208606018273e-02
1.5950000000000000e+00	8.8159012795545527e-02
1.6050000000000000e+00	8.8678343846200630e-02
1.6150000000000000e+00	8.9197200694882614e-02
1.6250000000000000e+00	8.9715582279027220e-02
1.6350000000000000e+00	9.0233487536611215e-02
1.6450000000000000e+00	9.0750915406155180e-02
1.6550000000000000e+00	9.1267864826727843e-02
1.6650000000000000e+00	9.1784334737949405e-02
1.6750000000000000e+00	9.2300324079994583e-02
1.6850000000000001e+00	9.2815831793597273e-02
1.6950000000000001e+00	9.3330856820053265e-02
1.7050000000000001e+00	9.3845398101224317e-02
1.7150000000000001e+00	9.4359454579541507e-02
1.7250000000000001e+00	9.4873025198008748e-02
1.7350000000000001e+00	9.5386108900206795e-02
1.7450000000000001e+00	9.5898704630296594e-02
1.7550000000000001e+00	9.6410811333022706e-02
1.7650000000000001e+00	9.6922427953717250e-02
1.7750000000000001e+00	9.7433553438303205e-02
1.7850000000000001e+00	9.7944186733297939e-02
1.7949999999999999e+00	9.8454326785817517e-02
1.8049999999999999e+00	9.8963972543579137e-02
1.8149999999999999e+00	9.9473122954905763e-02
1.8250000000000000e+00	9.9981776968729008e-02
1.8350000000000000e+00	1.0048993353459341e-01
1.8450000000000000e+00	1.0099759160265910e-01
1.8550000000000000e+00	1.0150475012370636e-01
1.8650000000000000e+00	1.0201140804913848e-01
1.8750000000000000e+00	1.0251756433098591e-01
1.8850000000000000e+00	1.0302321792190924e-01
1.8950000000000000e+00	1.0352836777520341e-01
1.9050000000000000e+00	1.0403301284480078e-01
1.9150000000000000e+00	1.0453715208527536e-01
1.9250000000000000e+00	1.0504078445184548e-01
1.9350000000000001e+00	1.0554390890037818e-01
1.9450000000000001e+00	1.0604652438739234e-01
1.9550000000000001e+00	1.0654862987006265e-01
1.9650000000000001e+00	1.0705022430622260e-01
1.9750000000000001e+00	1.0755130665436861e-01
1.9850000000000001e+00	1.0805187587366366e-01
1.9950000000000001e+00	1.0855193092394042e-01
2.0049999999999999e+00	1.0905147076570482e-01
2.0150000000000001e+00	1.0955049436014015e-01
2.0249999999999999e+00	1.1004900066911044e-01
2.0350000000000001e+00	1.1054698865516371e-01
2.0449999999999999e+00	1.1104445728153567e-01
2.0550000000000002e+00	1.1154140551215383e-01
2.0649999999999999e+00	1.1203783231164038e-01
2.0750000000000002e+00	1.1253373664531600e-01
2.0850000000000000e+00	1.1302911747920347e-01
2.0950000000000002e+00	1.1352397378003144e-01
2.1050000000000000e+00	1.1401830451523755e-01
2.1150000000000002e+00	1.1451210865297248e-01
2.1250000000000000e+00	1.1500538516210307e-01
2.1350000000000002e+00	1.1549813301221622e-01
2.1450000000000000e+00	1.1599035117362255e-01
2.1550000000000002e+00	1.1648203861735923e-01
2.1650000000000000e+00	1.1697319431519471e-01
2.1750000000000003e+00	1.1746381723963137e-01
2.1850000000000001e+00	1.1795390636390911e-01
2.1949999999999998e+00	1.1844346066200956e-01
2.2050000000000001e+00	1.1893247910865902e-01
2.2149999999999999e+00	1.1942096067933246e-01
2.2250000000000001e+00	1.1990890435025670e-01
2.2349999999999999e+00	1.2039630909841410e-01
2.2450000000000001e+00	1.2088317390154639e-01
2.2549999999999999e+00	1.2136949773815776e-01
2.2650000000000001e+00	1.2185527958751859e-01
2.2749999999999999e+00	1.2234051842966914e-01
2.2850000000000001e+00	1.2282521324542327e-01
2.2949999999999999e+00	1.2330936301637142e-01
2.3050000000000002e+00	1.2379296672488448e-01
2.3149999999999999e+00	1.2427602335411733e-01
2.3250000000000002e+00	1.2475853188801271e-01
2.3350000000000000e+00	1.2524049131130413e-01
2.3450000000000002e+00	1.2572190060951963e-01
2.3550000000000000e+00	1.2620275876898557e-01
2.3650000000000002e+00	1.2668306477683031e-01
2.3750000000000000e+00	1.2716281762098686e-01
2.3850000000000002e+00	1.2764201629019736e-01
2.3950000000000000e+00	1.2812065977401629e-01
2.4050000000000002e+00	1.2859874706281404e-01
2.4150000000000000e+00	1.2907627714778011e-01
2.4250000000000003e+00	1.2955324902092691e-01
2.4350000000000001e+00	1.3002966167509381e-01
2.4449999999999998e+00	1.3050551410394945e-01
2.4550000000000001e+00	1.3098080530199657e-01
2.4649999999999999e+00	1.3145553426457462e-01
2.4750000000000001e+00	1.3192969998786375e-01
2.4849999999999999e+00	1.3240330146888793e-01
2.4950000000000001e+00	1.3287633770551899e-01
2.5049999999999999e+00	1.3334880769647980e-01
2.5150000000000001e+00	1.3382071044134788e-01
2.5249999999999999e+00	1.3429204494055882e-01
2.5350000000000001e+00	1.3476281019540998e-01
2.5449999999999999e+00	1.3523300520806378e-01
2.5550000000000002e+00	1.3570262898155122e-01
2.5649999999999999e+00	1.3617168051977596e-01
2.5750000000000002e+00	1.3664015882751682e-01
2.5850000000000000e+00	1.3710806291043218e-01
2.5950000000000002e+00	1.3757539177506273e-01
2.6050000000000000e+00	1.3804214442883583e-01
2.6150000000000002e+00	1.3850831988006843e-01
2.6250000000000000e+00	1.3897391713797047e-01
2.6350000000000002e+00	1.3943893521264875e-01
2.6450000000000000e+00	1.3990337311511020e-01
2.6550000000000002e+00	1.4036722985726555e-01
2.6650000000000000e+00	1.4083050445193257e-01
2.6750000000000003e+00	1.4129319591283979e-01
2.6850000000000001e+00	1.4175530325462982e-01
2.6949999999999998e+00	1.4221682549286310e-01
2.7050000000000001e+00	1.4267776164402096e-01
2.7149999999999999e+00	1.4313811072550936e-01
2.7250000000000001e+00	1.4359787175566233e-01
2.7349999999999999e+00	1.4405704375374556e-01
2.7450000000000001e+00	1.4451562573995988e-01
2.7549999999999999e+00	1.4497361673544437e-01
2.7650000000000001e+00	1.4543101576228004e-01
2.7749999999999999e+00	1.4588782184349347e-01
2.7850000000000001e+00	1.4634403400306029e-01
2.7949999999999999e+00	1.4679965126590827e-01
2.8050000000000002e+00	1.4725467265792114e-01
2.8149999999999999e+00	1.4770909720594166e-01
2.8250000000000002e+00	1.4816292393777586e-01
2.8350000000000000e+00	1.4861615188219532e-01
2.8450000000000002e+00	1.4906878006894186e-01
2.8550000000000000e+00	1.4952080752873009e-01
2.8650000000000002e+00	1.4997223329325107e-01
2.8750000000000000e+00	1.5042305639517617e-01
2.8850000000000002e+00	1.5087327586816002e-01
2.8950000000000000e+00	1.5132289074684399e-01
2.9050000000000002e+00	1.5177190006686017e-01
2.9150000000000000e+00	1.5222030286483407e-01
2.9250000000000003e+00	1.5266809817838842e-01
2.9350000000000001e+00	1.5311528504614672e-01
2.9449999999999998e+00	1.5356186250773646e-01
2.9550000000000001e+00	1.5400782960379247e-01
2.9649999999999999e+00	1.5445318537596073e-01
2.9750000000000001e+00	1.5489792886690151e-01
2.9849999999999999e+00	1.5534205912029253e-01
2.9950000000000001e+00	1.5578557518083291e-01
3.0049999999999999e+00	1.5622847609424645e-01
3.0150000000000001e+00	1.5667076090728482e-01
3.0249999999999999e+00	1.5711242866773081e-01
3.0350000000000001e+00	1.5755347842440259e-01
3.0449999999999999e+00	1.5799390922715603e-01
3.0550000000000002e+00	1.5843372012688892e-01
3.0649999999999999e+00	1.5887291017554386e-01
3.0750000000000002e+00	1.5931147842611207e-01
3.0850000000000000e+00	1.5974942393263628e-01
3.0950000000000002e+00	1.6018674575021474e-01
3.1050000000000000e+00	1.6062344293500402e-01
3.1150000000000002e+00	1.6105951454422285e-01
3.1250000000000000e+00	1.6149495963615512e-01
3.1350000000000002e+00	1.6192977727015370e-01
3.1450000000000000e+00	1.6236396650664320e-01
3.1550000000000002e+00	1.6279752640712394e-01
3.1650000000000000e+00	1.6323045603417533e-01
3.1750000000000003e+00	1.6366275445145864e-01
3.1850000000000001e+00	1.6409442072372074e-01
3.1950000000000003e+00	1.6452545391679763e-01
3.2050000000000001e+00	1.6495585309761768e-01
3.2149999999999999e+00	1.6538561733420465e-01
3.2250000000000001e+00	1.6581474569568169e-01
3.2349999999999999e+00	1.6624323725227383e-01
3.2450000000000001e+00	1.6667109107531250e-01
3.2549999999999999e+00	1.6709830623723751e-01
3.2650000000000001e+00	1.6752488181160166e-01
3.2749999999999999e+00	1.6795081687307312e-01
3.2850000000000001e+00	1.6837611049743942e-01
3.2949999999999999e+00	1.6880076176161035e-01
3.3050000000000002e+00	1.6922476974362149e-01
3.3149999999999999e+00	1.6964813352263772e-01
3.3250000000000002e+00	1.7007085217895604e-01
3.3350000000000000e+00	1.7049292479400927e-01
3.3450000000000002e+00	1.7091435045036946e-01
3.3550000000000000e+00	1.7133512823175087e-01
3.3650000000000002e+00	1.7175525722301352e-01
3.3750000000000000e+00	1.7217473651016640e-01
3.3850000000000002e+00	1.7259356518037083e-01
3.3950000000000000e+00	1.7301174232194361e-01
3.4050000000000002e+00	1.7342926702436071e-01
3.4150000000000000e+00	1.7384613837826002e-01
3.4250000000000003e+00	1.7426235547544505e-01
3.4350000000000001e+00	1.7467791740888830e-01
3.4450000000000003e+00	1.7509282327273420e-01
3.4550000000000001e+00	1.7550707216230232e-01
3.4649999999999999e+00	1.7592066317409102e-01
3.4750000000000001e+00	1.7633359540578097e-01
3.4849999999999999e+00	1.7674586795623737e-01
3.4950000000000001e+00	1.7715747992551439e-01
3.5049999999999999e+00	1.7756843041485765e-01
3.5150000000000001e+00	1.7797871852670791e-01
3.5249999999999999e+00	1.7838834336470438e-01
3.5350000000000001e+00	1.7879730403368732e-01
3.5449999999999999e+00	1.7920559963970206e-01
3.5550000000000002e+00	1.7961322929000201e-01
3.5649999999999999e+00	1.8002019209305167e-01
3.5750000000000002e+00	1.8042648715853024e-01
3.5850000000000000e+00	1.8083211359733448e-01
3.5950000000000002e+00	1.8123707052158211e-01
3.6050000000000000e+00	1.8164135704461548e-01
3.6150000000000002e+00	1.8204497228100400e-01
3.6250000000000000e+00	1.8244791534654781e-01
3.6350000000000002e+00	1.8285018535828107e-01
3.6450000000000000e+00	1.8325178143447496e-01
3.6550000000000002e+00	1.8365270269464121e-01
3.6650000000000000e+00	1.8405294825953486e-01
3.6750000000000003e+00	1.8445251725115772e-01
3.6850000000000001e+00	1.8485140879276166e-01
3.6950000000000003e+00	1.8524962200885187e-01
3.7050000000000001e+00	1.8564715602518944e-01
3.7149999999999999e+00	1.8604400996879555e-01
3.7250000000000001e+00	1.8644018296795364e-01
3.7349999999999999e+00	1.8683567415221367e-01
3.7450000000000001e+00	1.8723048265239400e-01
3.7549999999999999e+00	1.8762460760058591e-01
3.7650000000000001e+00	1.8801804813015568e-01
3.7749999999999999e+00	1.8841080337574853e-01
3.7850000000000001e+00	1.8880287247329125e-01
3.7949999999999999e+00	1.8919425455999608e-01
3.8050000000000002e+00	1.8958494877436266e-01
3.8149999999999999e+00	1.8997495425618263e-01
3.8250000000000002e+00	1.9036427014654153e-01
3.8350000000000000e+00	1.9075289558782269e-01
3.8450000000000002e+00	1.9114082972371019e-01
3.8550000000000000e+00	1.9152807169919212e-01
3.8650000000000002e+00	1.9191462066056336e-01
3.8750000000000000e+00	1.9230047575542875e-01
3.8850000000000002e+00	1.9268563613270698e-01
3.8950000000000000e+00	1.9307010094263258e-01
3.9050000000000002e+00	1.9345386933675990e-01
3.9150000000000000e+00	1.9383694046796571e-01
3.9250000000000003e+00	1.9421931349045274e-01
3.9350000000000001e+00	1.9460098755975228e-01
3.9450000000000003e+00	1.9498196183272795e-01
3.9550000000000001e+00	1.9536223546757819e-01
3.9650000000000003e+00	1.9574180762383944e-01
3.9750000000000001e+00	1.9612067746238959e-01
3.9849999999999999e+00	1.9649884414545107e-01
3.9950000000000001e+00	1.9687630683659332e-01
4.0049999999999999e+00	1.9725306470073636e-01
4.0149999999999997e+00	1.9762911690415386e-01
4.0250000000000004e+00	1.9800446261447627e-01
4.0350000000000001e+00	1.9837910100069342e-01
4.0449999999999999e+00	1.9875303123315824e-01
4.0549999999999997e+00	1.9912625248358917e-01
4.0650000000000004e+00	1.9949876392507368e-01
4.0750000000000002e+00	1.9987056473207132e-01
4.0850000000000000e+00	2.0024165408041630e-01
4.0949999999999998e+00	2.0061203114732115e-01
4.1050000000000004e+00	2.0098169511137923e-01
4.1150000000000002e+00	2.0135064515256820e-01
4.1250000000000000e+00	2.0171888045225267e-01
4.1349999999999998e+00	2.0208640019318733e-01
4.1450000000000005e+00	2.0245320355952023e-01
4.1550000000000002e+00	2.0281928973679547e-01
4.1650000000000000e+00	2.0318465791195628e-01
4.1749999999999998e+00	2.0354930727334838e-01
4.1850000000000005e+00	2.0391323701072228e-01
4.1950000000000003e+00	2.0427644631523681e-01
4.2050000000000001e+00	2.0463893437946229e-01
4.2149999999999999e+00	2.0500070039738283e-01
4.2249999999999996e+00	2.0536174356439979e-01
4.2350000000000003e+00	2.0572206307733468e-01
4.2450000000000001e+00	2.0608165813443216e-01
4.2549999999999999e+00	2.0644052793536308e-01
4.2649999999999997e+00	2.0679867168122718e-01
4.2750000000000004e+00	2.0715608857455611e-01
4.2850000000000001e+00	2.0751277781931682e-01
4.2949999999999999e+00	2.0786873862091373e-01
4.3049999999999997e+00	2.0822397018619251e-01
4.3150000000000004e+00	2.0857847172344254e-01
4.3250000000000002e+00	2.0893224244239986e-01
4.3350000000000000e+00	2.0928528155425016e-01
4.3449999999999998e+00	2.0963758827163187e-01
4.3550000000000004e+00	2.0998916180863889e-01
4.3650000000000002e+00	2.1034000138082348e-01
4.3750000000000000e+00	2.1069010620519965e-01
4.3849999999999998e+00	2.1103947550024493e-01
4.3950000000000005e+00	2.1138810848590484e-01
4.4050000000000002e+00	2.1173600438359463e-01
4.4150000000000000e+00	2.1208316241620220e-01
4.4249999999999998e+00	2.1242958180809207e-01
4.4350000000000005e+00	2.1277526178510683e-01
4.4450000000000003e+00	2.1312020157457098e-01
4.4550000000000001e+00	2.1346440040529369e-01
4.4649999999999999e+00	2.1380785750757114e-01
4.4750000000000005e+00	2.1415057211319002e-01
4.4850000000000003e+00	2.1449254345542992e-01
4.4950000000000001e+00	2.1483377076906676e-01
4.5049999999999999e+00	2.1517425329037504e-01
4.5149999999999997e+00	2.1551399025713089e-01
4.5250000000000004e+00	2.1585298090861477e-01
4.5350000000000001e+00	2.1619122448561506e-01
4.5449999999999999e+00	2.1652872023042979e-01
4.5549999999999997e+00	2.1686546738687026e-01
4.5650000000000004e+00	2.1720146520026334e-01
4.5750000000000002e+00	2.1753671291745474e-01
4.5850000000000000e+00	2.1787120978681165e-01
4.5949999999999998e+00	2.1820495505822562e-01
4.6050000000000004e+00	2.1853794798311471e-01
4.6150000000000002e+00	2.1887018781442752e-01
4.6250000000000000e+00	2.1920167380664496e-01
4.6349999999999998e+00	2.1953240521578318e-01
4.6450000000000005e+00	2.1986238129939692e-01
4.6550000000000002e+00	2.2019160131658194e-01
4.6650000000000000e+00	2.2052006452797743e-01
4.6749999999999998e+00	2.2084777019576923e-01
4.6850000000000005e+00	2.2117471758369242e-01
4.6950000000000003e+00	2.2150090595703453e-01
4.7050000000000001e+00	2.2182633458263731e-01
4.7149999999999999e+00	2.2215100272890043e-01
4.7250000000000005e+00	2.2247490966578357e-01
4.7350000000000003e+00	2.2279805466480981e-01
4.7450000000000001e+00	2.2312043699906736e-01
4.7549999999999999e+00	2.2344205594321370e-01
4.7649999999999997e+00	2.2376291077347665e-01
4.7750000000000004e+00	2.2408300076765858e-01
4.7850000000000001e+00	2.2440232520513820e-01
4.7949999999999999e+00	2.2472088336687343e-01
4.8049999999999997e+00	2.2503867453540438e-01
4.8150000000000004e+00	2.2535569799485589e-01
4.8250000000000002e+00	2.2567195303093981e-01
4.8350000000000000e+00	2.2598743893095843e-01
4.8449999999999998e+00	2.2630215498380682e-01
4.8550000000000004e+00	2.2661610047997505e-01
4.8650000000000002e+00	2.2692927471155167e-01
4.8750000000000000e+00	2.2724167697222586e-01
4.8849999999999998e+00	2.2755330655729014e-01
4.8950000000000005e+00	2.2786416276364277e-01
4.9050000000000002e+00	2.2817424488979129e-01
4.9150000000000000e+00	2.2848355223585409e-01
4.9249999999999998e+00	2.2879208410356358e-01
4.9350000000000005e+00	2.2909983979626897e-01
4.9450000000000003e+00	2.2940681861893850e-01
4.9550000000000001e+00	2.2971301987816192e-01
4.9649999999999999e+00	2.3001844288215414e-01
4.9750000000000005e+00	2.3032308694075637e-01
4.9850000000000003e+00	2.3062695136543979e-01
4.9950000000000001e+00	2.3093003546930757e-01
5.0049999999999999e+00	2.3123233856709788e-01
5.0149999999999997e+00	2.3153385997518625e-01
5.0250000000000004e+00	2.3183459901158818e-01
5.0350000000000001e+00	2.3213455499596142e-01
5.0449999999999999e+00	2.3243372724960915e-01
5.0549999999999997e+00	2.3273211509548200e-01
5.0650000000000004e+00	2.3302971785818080e-01
5.0750000000000002e+00	2.3332653486395935e-01
5.0850000000000000e+00	2.3362256544072640e-01
5.0949999999999998e+00	2.3391780891804878e-01
5.1050000000000004e+00	2.3421226462715342e-01
5.1150000000000002e+00	2.3450593190093053e-01
5.1250000000000000e+00	2.3479881007393522e-01
5.1349999999999998e+00	2.3509089848239068e-01
5.1450000000000005e+00	2.3538219646419098e-01
5.1550000000000002e+00	2.3567270335890228e-01
5.1650000000000000e+00	2.3596241850776678e-01
5.1749999999999998e+00	2.3625134125370437e-01
5.1850000000000005e+00	2.3653947094131514e-01
5.1950000000000003e+00	2.3682680691688229e-01
5.2050000000000001e+00	2.3711334852837410e-01
5.2149999999999999e+00	2.3739909512544713e-01
5.2250000000000005e+00	2.3768404605944765e-01
5.2350000000000003e+00	2.3796820068341493e-01
5.2450000000000001e+00	2.3825155835208300e-01
5.2549999999999999e+00	2.3853411842188410e-01
5.2649999999999997e+00	2.3881588025095024e-01
5.2750000000000004e+00	2.3909684319911545e-01
5.2850000000000001e+00	2.3937700662791930e-01
5.2949999999999999e+00	2.3965636990060832e-01
5.3049999999999997e+00	2.3993493238213873e-01
5.3150000000000004e+00	2.4021269343917898e-01
5.3250000000000002e+00	2.4048965244011200e-01
5.3350000000000000e+00	2.4076580875503772e-01
5.3449999999999998e+00	2.4104116175577511e-01
5.3550000000000004e+00	2.4131571081586495e-01
5.3650000000000002e+00	2.4158945531057219e-01
5.3750000000000000e+00	2.4186239461688797e-01
5.3849999999999998e+00	2.4213452811353231e-01
5.3950000000000005e+00	2.4240585518095661e-01
5.4050000000000002e+00	2.4267637520134527e-01
5.4150000000000000e+00	2.4294608755861899e-01
5.4249999999999998e+00	2.4321499163843616e-01
5.4350000000000005e+00	2.4348308682819625e-01
5.4450000000000003e+00	2.4375037251704118e-01
5.4550000000000001e+00	2.4401684809585783e-01
5.4649999999999999e+00	2.4428251295728118e-01
5.4750000000000005e+00	2.4454736649569514e-01
5.4850000000000003e+00	2.4481140810723648e-01
5.4950000000000001e+00	2.4507463718979575e-01
5.5049999999999999e+00	2.4533705314302065e-01
5.5149999999999997e+00	2.4559865536831718e-01
5.5250000000000004e+00	2.4585944326885301e-01
5.5350000000000001e+00	2.4611941624955930e-01
5.5449999999999999e+00	2.4637857371713265e-01
5.5549999999999997e+00	2.4663691508003791e-01
5.5650000000000004e+00	2.4689443974851003e-01
5.5750000000000002e+00	2.4715114713455649e-01
5.5850000000000000e+00	2.4740703665195951e-01
5.5949999999999998e+00	2.4766210771627814e-01
5.6050000000000004e+00	2.4791635974485085e-01
5.6150000000000002e+00	2.4816979215679716e-01
5.6250000000000000e+00	2.4842240437302066e-01
5.6349999999999998e+00	2.4867419581621020e-01
5.6450000000000005e+00	2.4892516591084313e-01
5.6550000000000002e+00	2.4917531408318666e-01
5.6650000000000000e+00	2.4942463976130064e-01
5.6749999999999998e+00	2.4967314237503938e-01
5.6850000000000005e+00	2.4992082135605370e-01
5.6950000000000003e+00	2.5016767613779378e-01
5.7050000000000001e+00	2.5041370615551040e-01
5.7149999999999999e+00	2.5065891084625802e-01
5.7250000000000005e+00	2.5090328964889586e-01
5.7350000000000003e+00	2.5114684200409154e-01
5.7450000000000001e+00	2.5138956735432139e-01
5.7549999999999999e+00	2.5163146514387391e-01
5.7649999999999997e+00	2.5187253481885147e-01
5.7750000000000004e+00	2.5211277582717267e-01
5.7850000000000001e+00	2.5235218761857381e-01
5.7949999999999999e+00	2.5259076964461158e-01
5.8049999999999997e+00	2.5282852135866479e-01
5.8150000000000004e+00	2.5306544221593702e-01
5.8250000000000002e+00	2.5330153167345804e-01
5.8350000000000000e+00	2.5353678919008615e-01
5.8449999999999998e+00	2.5377121422651033e-01
5.8550000000000004e+00	2.5400480624525212e-01
5.8650000000000002e+00	2.5423756471066811e-01
5.8750000000000000e+00	2.5446948908895123e-01
5.8849999999999998e+00	2.5470057884813346e-01
5.8950000000000005e+00	2.5493083345808748e-01
5.9050000000000002e+00	2.5516025239052914e-01
5.9150000000000000e+00	2.5538883511901861e-01
5.9249999999999998e+00	2.5561658111896346e-01
5.9350000000000005e+00	2.5584348986762007e-01
5.9450000000000003e+00	2.5606956084409566e-01
5.9550000000000001e+00	2.5629479352935020e-01
5.9649999999999999e+00	2.5651918740619889e-01
5.9750000000000005e+00	2.5674274195931351e-01
5.9850000000000003e+00	2.5696545667522469e-01
5.9950000000000001e+00	2.5718733104232394e-01
6.0049999999999999e+00	2.5740836455086563e-01
6.0150000000000006e+00	2.5762855669296880e-01
6.0250000000000004e+00	2.5784790696261878e-01
6.0350000000000001e+00	2.5806641485567006e-01
6.0449999999999999e+00	2.5828407986984714e-01
6.0549999999999997e+00	2.5850090150474742e-01
6.0650000000000004e+00	2.5871687926184228e-01
6.0750000000000002e+00	2.5893201264447974e-01
6.0850000000000000e+00	2.5914630115788567e-01
6.0949999999999998e+00	2.5935974430916625e-01
6.1050000000000004e+00	2.5957234160730935e-01
6.1150000000000002e+00	2.5978409256318702e-01
6.1250000000000000e+00	2.5999499668955700e-01
6.1349999999999998e+00	2.6020505350106415e-01
6.1450000000000005e+00	2.6041426251424338e-01
6.1550000000000002e+00	2.6062262324752061e-01
6.1650000000000000e+00	2.6083013522121490e-01
6.1749999999999998e+00	2.6103679795754037e-01
6.1850000000000005e+00	2.6124261098060791e-01
6.1950000000000003e+00	2.6144757381642736e-01
6.2050000000000001e+00	2.6165168599290861e-01
6.2149999999999999e+00	2.6185494703986395e-01
6.2250000000000005e+00	2.6205735648900996e-01
6.2350000000000003e+00	2.6225891387396882e-01
6.2450000000000001e+00	2.6245961873027074e-01
6.2549999999999999e+00	2.6265947059535499e-01
6.2650000000000006e+00	2.6285846900857235e-01
6.2750000000000004e+00	2.6305661351118653e-01
6.2850000000000001e+00	2.6325390364637613e-01
6.2949999999999999e+00	2.6345033895923609e-01
6.3049999999999997e+00	2.6364591899677958e-01
6.3150000000000004e+00	2.6384064330794010e-01
6.3250000000000002e+00	2.6403451144357254e-01
6.3350000000000000e+00	2.6422752295645563e-01
6.3449999999999998e+00	2.6441967740129291e-01
6.3550000000000004e+00	2.6461097433471509e-01
6.3650000000000002e+00	2.6480141331528140e-01
6.3750000000000000e+00	2.6499099390348135e-01
6.3849999999999998e+00	2.6517971566173648e-01
6.3950000000000005e+00	2.6536757815440215e-01
6.4050000000000002e+00	2.6555458094776896e-01
6.4150000000000000e+00	2.6574072361006446e-01
6.4249999999999998e+00	2.6592600571145497e-01
6.4350000000000005e+00	2.6611042682404706e-01
6.4450000000000003e+00	2.6629398652188946e-01
6.4550000000000001e+00	2.6647668438097460e-01
6.4649999999999999e+00	2.6665851997923973e-01
6.4750000000000005e+00	2.6683949289656939e-01
6.4850000000000003e+00	2.6701960271479658e-01
6.4950000000000001e+00	2.6719884901770447e-01
6.5049999999999999e+00	2.6737723139102737e-01
6.5150000000000006e+00	2.6755474942245377e-01
6.5250000000000004e+00	2.6773140270162660e-01
6.5350000000000001e+00	2.6790719082014525e-01
6.5449999999999999e+00	2.6808211337156734e-01
6.5549999999999997e+00	2.6825616995140966e-01
6.5650000000000004e+00	2.6842936015715096e-01
6.5750000000000002e+00	2.6860168358823217e-01
6.5850000000000000e+00	2.6877313984605855e-01
6.5949999999999998e+00	2.6894372853400139e-01
6.6050000000000004e+00	2.6911344925739900e-01
6.6150000000000002e+00	2.6928230162355876e-01
6.6250000000000000e+00	2.6945028524175851e-01
6.6349999999999998e+00	2.6961739972324800e-01
6.6450000000000005e+00	2.6978364468124977e-01
6.6550000000000002e+00	2.6994901973096225e-01
6.6650000000000000e+00	2.7011352448955944e-01
6.6749999999999998e+00	2.7027715857619328e-01
6.6850000000000005e+00	2.7043992161199526e-01
6.6950000000000003e+00	2.7060181322007776e-01
6.7050000000000001e+00	2.7076283302553478e-01
6.7149999999999999e+00	2.7092298065544479e-01
6.7250000000000005e+00	2.7108225573887068e-01
6.7350000000000003e+00	2.7124065790686203e-01
6.7450000000000001e+00	2.7139818679245686e-01
6.7549999999999999e+00	2.7155484203068203e-01
6.7650000000000006e+00	2.7171062325855544e-01
6.7750000000000004e+00	2.7186553011508718e-01
6.7850000000000001e+00	2.7201956224128077e-01
6.7949999999999999e+00	2.7217271928013498e-01
6.8049999999999997e+00	2.7232500087664457e-01
6.8150000000000004e+00	2.7247640667780237e-01
6.8250000000000002e+00	2.7262693633260021e-01
6.8350000000000000e+00	2.7277658949202999e-01
6.8449999999999998e+00	2.7292536580908622e-01
6.8550000000000004e+00	2.7307326493876571e-01
6.8650000000000002e+00	2.7322028653807023e-01
6.8750000000000000e+00	2.7336643026600704e-01
6.8849999999999998e+00	2.7351169578359075e-01
6.8950000000000005e+00	2.7365608275384457e-01
6.9050000000000002e+00	2.7379959084180072e-01
6.9150000000000000e+00	2.7394221971450317e-01
6.9249999999999998e+00	2.7408396904100807e-01
6.9350000000000005e+00	2.7422483849238460e-01
6.9450000000000003e+00	2.7436482774171761e-01
6.9550000000000001e+00	2.7450393646410753e-01
6.9649999999999999e+00	2.7464216433667227e-01
6.9750000000000005e+00	2.7477951103854853e-01
6.9850000000000003e+00	2.7491597625089270e-01
6.9950000000000001e+00	2.7505155965688249e-01
7.0049999999999999e+00	2.7518626094171755e-01
7.0150000000000006e+00	2.7532007979262163e-01
7.0250000000000004e+00	2.7545301589884269e-01
7.0350000000000001e+00	2.7558506895165513e-01
7.0449999999999999e+00	2.7571623864436001e-01
7.0549999999999997e+00	2.7584652467228721e-01
7.0650000000000004e+00	2.7597592673279603e-01
7.0750000000000002e+00	2.7610444452527616e-01
7.0850000000000000e+00	2.7623207775114944e-01
7.0949999999999998e+00	2.7635882611387064e-01
7.1050000000000004e+00	2.7648468931892872e-01
7.1150000000000002e+00	2.7660966707384788e-01
7.1250000000000000e+00	2.7673375908818892e-01
7.1349999999999998e+00	2.7685696507355001e-01
7.1450000000000005e+00	2.7697928474356781e-01
7.1550000000000002e+00	2.7710071781391954e-01
7.1650000000000000e+00	2.7722126400232255e-01
7.1749999999999998e+00	2.7734092302853636e-01
7.1850000000000005e+00	2.7745969461436371e-01
7.1950000000000003e+00	2.7757757848365139e-01
7.2050000000000001e+00	2.7769457436229134e-01
7.2149999999999999e+00	2.7781068197822206e-01
7.2250000000000005e+00	2.7792590106142906e-01
7.2350000000000003e+00	2.7804023134394640e-01
7.2450000000000001e+00	2.7815367255985751e-01
7.2549999999999999e+00	2.7826622444529620e-01
7.2650000000000006e+00	2.7837788673844799e-01
7.2750000000000004e+00	2.7848865917955051e-01
7.2850000000000001e+00	2.7859854151089530e-01
7.2949999999999999e+00	2.7870753347682820e-01
7.3049999999999997e+00	2.7881563482375055e-01
7.3150000000000004e+00	2.7892284530011996e-01
7.3250000000000002e+00	2.7902916465645183e-01
7.3350000000000000e+00	2.7913459264531981e-01
7.3449999999999998e+00	2.7923912902135672e-01
7.3550000000000004e+00	2.7934277354125625e-01
7.3650000000000002e+00	2.7944552596377287e-01
7.3750000000000000e+00	2.7954738604972335e-01
7.3849999999999998e+00	2.7964835356198764e-01
7.3950000000000005e+00	2.7974842826551000e-01
7.4050000000000002e+00	2.7984760992729907e-01
7.4150000000000000e+00	2.7994589831642985e-01
7.4249999999999998e+00	2.8004329320404397e-01
7.4350000000000005e+00	2.8013979436335057e-01
7.4450000000000003e+00	2.8023540156962756e-01
7.4550000000000001e+00	2.8033011460022206e-01
7.4649999999999999e+00	2.8042393323455156e-01
7.4750000000000005e+00	2.8051685725410463e-01
7.4850000000000003e+00	2.8060888644244175e-01
7.4950000000000001e+00	2.8070002058519655e-01
7.5049999999999999e+00	2.8079025947007585e-01
7.5150000000000006e+00	2.8087960288686126e-01
7.5250000000000004e+00	2.8096805062740932e-01
7.5350000000000001e+00	2.8105560248565303e-01
7.5449999999999999e+00	2.8114225825760231e-01
7.5549999999999997e+00	2.8122801774134448e-01
7.5650000000000004e+00	2.8131288073704536e-01
7.5750000000000002e+00	2.8139684704695023e-01
7.5850000000000000e+00	2.8147991647538428e-01
7.5949999999999998e+00	2.8156208882875344e-01
7.6050000000000004e+00	2.8164336391554523e-01
7.6150000000000002e+00	2.8172374154632945e-01
7.6250000000000000e+00	2.8180322153375864e-01
7.6349999999999998e+00	2.8188180369256954e-01
7.6450000000000005e+00	2.8195948783958291e-01
7.6550000000000002e+00	2.8203627379370505e-01
7.6650000000000000e+00	2.8211216137592782e-01
7.6749999999999998e+00	2.8218715040932973e-01
7.6850000000000005e+00	2.8226124071907671e-01
7.6950000000000003e+00	2.8233443213242237e-01
7.7050000000000001e+00	2.8240672447870907e-01
7.7149999999999999e+00	2.8247811758936864e-01
7.7250000000000005e+00	2.8254861129792230e-01
7.7350000000000003e+00	2.8261820543998228e-01
7.7450000000000001e+00	2.8268689985325174e-01
7.7549999999999999e+00	2.8275469437752598e-01
7.7650000000000006e+00	2.8282158885469261e-01
7.7750000000000004e+00	2.8288758312873213e-01
7.7850000000000001e+00	2.8295267704571891e-01
7.7949999999999999e+00	2.8301687045382173e-01
7.8050000000000006e+00	2.8308016320330415e-01
7.8150000000000004e+00	2.8314255514652487e-01
7.8250000000000002e+00	2.8320404613793893e-01
7.8350000000000000e+00	2.8326463603409802e-01
7.8449999999999998e+00	2.8332432469365093e-01
7.8550000000000004e+00	2.8338311197734395e-01
7.8650000000000002e+00	2.8344099774802162e-01
7.8750000000000000e+00	2.8349798187062764e-01
7.8849999999999998e+00	2.8355406421220447e-01
7.8950000000000005e+00	2.8360924464189491e-01
7.9050000000000002e+00	2.8366352303094189e-01
7.9150000000000000e+00	2.8371689925268884e-01
7.9249999999999998e+00	2.8376937318258089e-01
7.9350000000000005e+00	2.8382094469816488e-01
7.9450000000000003e+00	2.8387161367908997e-01
7.9550000000000001e+00	2.8392138000710793e-01
7.9649999999999999e+00	2.8397024356607381e-01
7.9750000000000005e+00	2.8401820424194657e-01
7.9850000000000003e+00	2.8406526192278886e-01
7.9950000000000001e+00	2.8411141649876792e-01
8.0050000000000008e+00	2.8415666786215621e-01
8.0150000000000006e+00	2.8420101590733143e-01
8.0250000000000004e+00	2.8424446053077701e-01
8.0350000000000001e+00	2.8428700163108267e-01
8.0449999999999999e+00	2.8432863910894490e-01
8.0549999999999997e+00	2.8436937286716685e-01
8.0649999999999995e+00	2.8440920281065907e-01
8.0749999999999993e+00	2.8444812884643994e-01
8.0850000000000009e+00	2.8448615088363605e-01
8.0950000000000006e+00	2.8452326883348217e-01
8.1050000000000004e+00	2.8455948260932207e-01
8.1150000000000002e+00	2.8459479212660838e-01
8.1250000000000000e+00	2.8462919730290359e-01
8.1349999999999998e+00	2.8466269805787947e-01
8.1449999999999996e+00	2.8469529431331853e-01
8.1549999999999994e+00	2.8472698599311275e-01
8.1650000000000009e+00	2.8475777302326583e-01
8.1750000000000007e+00	2.8478765533189171e-01
8.1850000000000005e+00	2.8481663284921571e-01
8.1950000000000003e+00	2.8484470550757524e-01
8.2050000000000001e+00	2.8487187324141844e-01
8.2149999999999999e+00	2.8489813598730662e-01
8.2249999999999996e+00	2.8492349368391251e-01
8.2349999999999994e+00	2.8494794627202202e-01
8.2450000000000010e+00	2.8497149369453340e-01
8.2550000000000008e+00	2.8499413589645778e-01
8.2650000000000006e+00	2.8501587282492014e-01
8.2750000000000004e+00	2.8503670442915813e-01
8.2850000000000001e+00	2.8505663066052367e-01
8.2949999999999999e+00	2.8507565147248165e-01
8.3049999999999997e+00	2.8509376682061172e-01
8.3149999999999995e+00	2.8511097666260732e-01
8.3249999999999993e+00	2.8512728095827605e-01
8.3350000000000009e+00	2.8514267966954043e-01
8.3450000000000006e+00	2.8515717276043717e-01
8.3550000000000004e+00	2.8517076019711779e-01
8.3650000000000002e+00	2.8518344194784906e-01
8.3750000000000000e+00	2.8519521798301228e-01
8.3849999999999998e+00	2.8520608827510413e-01
8.3949999999999996e+00	2.8521605279873646e-01
8.4049999999999994e+00	2.8522511153063651e-01
8.4150000000000009e+00	2.8523326444964703e-01
8.4250000000000007e+00	2.8524051153672592e-01
8.4350000000000005e+00	2.8524685277494688e-01
8.4450000000000003e+00	2.8525228814949943e-01
8.4550000000000001e+00	2.8525681764768851e-01
8.4649999999999999e+00	2.8526044125893502e-01
8.4749999999999996e+00	2.8526315897477533e-01
8.4849999999999994e+00	2.8526497078886209e-01
8.4950000000000010e+00	2.8526587669696329e-01
8.5050000000000008e+00	2.8526587669696329e-01
8.5150000000000006e+00	2.8526497078886209e-01
8.5250000000000004e+00	2.8526315897477544e-01
8.5350000000000001e+00	2.8526044125893502e-01
8.5449999999999999e+00	2.8525681764768868e-01
8.5549999999999997e+00	2.8525228814949966e-01
8.5649999999999995e+00	2.8524685277494716e-01
8.5750000000000011e+00	2.8524051153672608e-01
8.5850000000000009e+00	2.8523326444964731e-01
8.5950000000000006e+00	2.8522511153063679e-01
8.6050000000000004e+00	2.8521605279873669e-01
8.6150000000000002e+00	2.8520608827510446e-01
8.6250000000000000e+00	2.8519521798301251e-01
8.6349999999999998e+00	2.8518344194784945e-01
8.6449999999999996e+00	2.8517076019711823e-01
8.6549999999999994e+00	2.8515717276043756e-01
8.6650000000000009e+00	2.8514267966954077e-01
8.6750000000000007e+00	2.8512728095827661e-01
8.6850000000000005e+00	2.8511097666260765e-01
8.6950000000000003e+00	2.8509376682061222e-01
8.7050000000000001e+00	2.8507565147248221e-01
8.7149999999999999e+00	2.8505663066052411e-01
8.7249999999999996e+00	2.8503670442915874e-01
8.7349999999999994e+00	2.8501587282492080e-01
8.7450000000000010e+00	2.8499413589645839e-01
8.7550000000000008e+00	2.8497149369453390e-01
8.7650000000000006e+00	2.8494794627202269e-01
8.7750000000000004e+00	2.8492349368391323e-01
8.7850000000000001e+00	2.8489813598730729e-01
8.7949999999999999e+00	2.8487187324141927e-01
8.8049999999999997e+00	2.8484470550757601e-01
8.8149999999999995e+00	2.8481663284921654e-01
8.8250000000000011e+00	2.8478765533189243e-01
8.8350000000000009e+00	2.8475777302326660e-01
8.8450000000000006e+00	2.8472698599311369e-01
8.8550000000000004e+00	2.8469529431331925e-01
8.8650000000000002e+00	2.8466269805788030e-01
8.8750000000000000e+00	2.8462919730290448e-01
8.8849999999999998e+00	2.8459479212660943e-01
8.8949999999999996e+00	2.8455948260932290e-01
8.9049999999999994e+00	2.8452326883348317e-01
8.9150000000000009e+00	2.8448615088363705e-01
8.9250000000000007e+00	2.8444812884644100e-01
8.9350000000000005e+00	2.8440920281066007e-01
8.9450000000000003e+00	2.8436937286716785e-01
8.9550000000000001e+00	2.8432863910894607e-01
8.9649999999999999e+00	2.8428700163108389e-01
8.9749999999999996e+00	2.8424446053077812e-01
8.9849999999999994e+00	2.8420101590733254e-01
8.9950000000000010e+00	2.8415666786215737e-01
9.0050000000000008e+00	2.8411141649876914e-01
9.0150000000000006e+00	2.8406526192279014e-01
9.0250000000000004e+00	2.8401820424194790e-01
9.0350000000000001e+00	2.8397024356607531e-01
9.0449999999999999e+00	2.8392138000710937e-01
9.0549999999999997e+00	2.8387161367909131e-01
9.0649999999999995e+00	2.8382094469816621e-01
9.0750000000000011e+00	2.8376937318258227e-01
9.0850000000000009e+00	2.8371689925269022e-01
9.0950000000000006e+00	2.8366352303094333e-01
9.1050000000000004e+00	2.8360924464189652e-01
9.1150000000000002e+00	2.8355406421220603e-01
9.1250000000000000e+00	2.8349798187062902e-01
9.1349999999999998e+00	2.8344099774802317e-01
9.1449999999999996e+00	2.8338311197734550e-01
9.1549999999999994e+00	2.8332432469365260e-01
9.1650000000000009e+00	2.8326463603409968e-01
9.1750000000000007e+00	2.8320404613794059e-01
9.1850000000000005e+00	2.8314255514652653e-01
9.1950000000000003e+00	2.8308016320330587e-01
9.2050000000000001e+00	2.8301687045382357e-01
9.2149999999999999e+00	2.8295267704572069e-01
9.2249999999999996e+00	2.8288758312873380e-01
9.2349999999999994e+00	2.8282158885469438e-01
9.2450000000000010e+00	2.8275469437752770e-01
9.2550000000000008e+00	2.8268689985325368e-01
9.2650000000000006e+00	2.8261820543998406e-01
9.2750000000000004e+00	2.8254861129792413e-01
9.2850000000000001e+00	2.8247811758937064e-01
9.2949999999999999e+00	2.8240672447871118e-01
9.3049999999999997e+00	2.8233443213242443e-01
9.3149999999999995e+00	2.8226124071907871e-01
9.3250000000000011e+00	2.8218715040933179e-01
9.3350000000000009e+00	2.8211216137592993e-01
9.3450000000000006e+00	2.8203627379370710e-01
9.3550000000000004e+00	2.8195948783958508e-01
9.3650000000000002e+00	2.8188180369257160e-01
9.3750000000000000e+00	2.8180322153376086e-01
9.3849999999999998e+00	2.8172374154633167e-01
9.3949999999999996e+00	2.8164336391554745e-01
9.4049999999999994e+00	2.8156208882875572e-01
9.4150000000000009e+00	2.8147991647538656e-01
9.4250000000000007e+00	2.8139684704695256e-01
9.4350000000000005e+00	2.8131288073704769e-01
9.4450000000000003e+00	2.8122801774134687e-01
9.4550000000000001e+00	2.8114225825760469e-01
9.4649999999999999e+00	2.8105560248565548e-01
9.4749999999999996e+00	2.8096805062741170e-01
9.4849999999999994e+00	2.8087960288686359e-01
9.4950000000000010e+00	2.8079025947007835e-01
9.5050000000000008e+00	2.8070002058519905e-01
9.5150000000000006e+00	2.8060888644244436e-01
9.5250000000000004e+00	2.8051685725410713e-01
9.5350000000000001e+00	2.8042393323455406e-01
9.5449999999999999e+00	2.8033011460022467e-01
9.5549999999999997e+00	2.8023540156963012e-01
9.5649999999999995e+00	2.8013979436335318e-01
9.5750000000000011e+00	2.8004329320404658e-01
9.5850000000000009e+00	2.7994589831643252e-01
9.5950000000000006e+00	2.7984760992730173e-01
9.6050000000000004e+00	2.7974842826551272e-01
9.6150000000000002e+00	2.7964835356199058e-01
9.6250000000000000e+00	2.7954738604972612e-01
9.6349999999999998e+00	2.7944552596377575e-01
9.6449999999999996e+00	2.7934277354125908e-01
9.6549999999999994e+00	2.7923912902135956e-01
9.6650000000000009e+00	2.7913459264532264e-01
9.6750000000000007e+00	2.7902916465645466e-01
9.6850000000000005e+00	2.7892284530012279e-01
9.6950000000000003e+00	2.7881563482375349e-01
9.7050000000000001e+00	2.7870753347683119e-01
9.7149999999999999e+00	2.7859854151089830e-01
9.7249999999999996e+00	2.7848865917955362e-01
9.7349999999999994e+00	2.7837788673845099e-01
9.7450000000000010e+00	2.7826622444529930e-01
9.7550000000000008e+00	2.7815367255986068e-01
9.7650000000000006e+00	2.7804023134394951e-01
9.7750000000000004e+00	2.7792590106143228e-01
9.7850000000000001e+00	2.7781068197822534e-01
9.7949999999999999e+00	2.7769457436229456e-01
9.8049999999999997e+00	2.7757757848365455e-01
9.8149999999999995e+00	2.7745969461436693e-01
9.8250000000000011e+00	2.7734092302853958e-01
9.8350000000000009e+00	2.7722126400232583e-01
9.8450000000000006e+00	2.7710071781392287e-01
9.8550000000000004e+00	2.7697928474357114e-01
9.8650000000000002e+00	2.7685696507355340e-01
9.8750000000000000e+00	2.7673375908819225e-01
9.8849999999999998e+00	2.7660966707385126e-01
9.8949999999999996e+00	2.7648468931893222e-01
9.9049999999999994e+00	2.7635882611387419e-01
9.9150000000000009e+00	2.7623207775115294e-01
9.9250000000000007e+00	2.7610444452527966e-01
9.9350000000000005e+00	2.7597592673279953e-01
9.9450000000000003e+00	2.7584652467229093e-01
9.9550000000000001e+00	2.7571623864436356e-01
9.9649999999999999e+00	2.7558506895165863e-01
9.9749999999999996e+00	2.7545301589884630e-01
9.9849999999999994e+00	2.7532007979262524e-01
9.9950000000000010e+00	2.7518626094172127e-01
1.0005000000000001e+01	2.7505155965688616e-01
1.0015000000000001e+01	2.7491597625089648e-01
1.0025000000000000e+01	2.7477951103855225e-01
1.0035000000000000e+01	2.7464216433667604e-01
1.0045000000000000e+01	2.7450393646411136e-01
1.0055000000000000e+01	2.7436482774172144e-01
1.0065000000000000e+01	2.7422483849238849e-01
1.0075000000000001e+01	2.7408396904101190e-01
1.0085000000000001e+01	2.7394221971450705e-01
1.0095000000000001e+01	2.7379959084180466e-01
1.0105000000000000e+01	2.7365608275384845e-01
1.0115000000000000e+01	2.7351169578359485e-01
1.0125000000000000e+01	2.7336643026601093e-01
1.0135000000000000e+01	2.7322028653807429e-01
1.0145000000000000e+01	2.7307326493876966e-01
1.0154999999999999e+01	2.7292536580909021e-01
1.0165000000000001e+01	2.7277658949203415e-01
1.0175000000000001e+01	2.7262693633260415e-01
1.0185000000000000e+01	2.7247640667780654e-01
1.0195000000000000e+01	2.7232500087664874e-01
1.0205000000000000e+01	2.7217271928013914e-01
1.0215000000000000e+01	2.7201956224128510e-01
1.0225000000000000e+01	2.7186553011509146e-01
1.0234999999999999e+01	2.7171062325855971e-01
1.0245000000000001e+01	2.7155484203068631e-01
1.0255000000000001e+01	2.7139818679246119e-01
1.0265000000000001e+01	2.7124065790686647e-01
1.0275000000000000e+01	2.7108225573887490e-01
1.0285000000000000e+01	2.7092298065544901e-01
1.0295000000000000e+01	2.7076283302553916e-01
1.0305000000000000e+01	2.7060181322008214e-01
1.0315000000000000e+01	2.7043992161199981e-01
1.0325000000000001e+01	2.7027715857619766e-01
1.0335000000000001e+01	2.7011352448956377e-01
1.0345000000000001e+01	2.6994901973096680e-01
1.0355000000000000e+01	2.6978364468125438e-01
1.0365000000000000e+01	2.6961739972325249e-01
1.0375000000000000e+01	2.6945028524176312e-01
1.0385000000000000e+01	2.6928230162356342e-01
1.0395000000000000e+01	2.6911344925740349e-01
1.0404999999999999e+01	2.6894372853400589e-01
1.0415000000000001e+01	2.6877313984606321e-01
1.0425000000000001e+01	2.6860168358823688e-01
1.0435000000000000e+01	2.6842936015715574e-01
1.0445000000000000e+01	2.6825616995141444e-01
1.0455000000000000e+01	2.6808211337157195e-01
1.0465000000000000e+01	2.6790719082015008e-01
1.0475000000000000e+01	2.6773140270163143e-01
1.0484999999999999e+01	2.6755474942245872e-01
1.0495000000000001e+01	2.6737723139103220e-01
1.0505000000000001e+01	2.6719884901770929e-01
1.0515000000000001e+01	2.6701960271480146e-01
1.0525000000000000e+01	2.6683949289657433e-01
1.0535000000000000e+01	2.6665851997924461e-01
1.0545000000000000e+01	2.6647668438097943e-01
1.0555000000000000e+01	2.6629398652189451e-01
1.0565000000000000e+01	2.6611042682405212e-01
1.0575000000000001e+01	2.6592600571146002e-01
1.0585000000000001e+01	2.6574072361006945e-01
1.0595000000000001e+01	2.6555458094777412e-01
1.0605000000000000e+01	2.6536757815440731e-01
1.0615000000000000e+01	2.6517971566174164e-01
1.0625000000000000e+01	2.6499099390348646e-01
1.0635000000000000e+01	2.6480141331528650e-01
1.0645000000000000e+01	2.6461097433472025e-01
1.0654999999999999e+01	2.6441967740129807e-01
1.0665000000000001e+01	2.6422752295646079e-01
1.0675000000000001e+01	2.6403451144357781e-01
1.0685000000000000e+01	2.6384064330794538e-01
1.0695000000000000e+01	2.6364591899678486e-01
1.0705000000000000e+01	2.6345033895924136e-01
1.0715000000000000e+01	2.6325390364638146e-01
1.0725000000000000e+01	2.6305661351119197e-01
1.0734999999999999e+01	2.6285846900857779e-01
1.0745000000000001e+01	2.6265947059536038e-01
1.0755000000000001e+01	2.6245961873027618e-01
1.0765000000000001e+01	2.6225891387397438e-01
1.0775000000000000e+01	2.6205735648901540e-01
1.0785000000000000e+01	2.6185494703986945e-01
1.0795000000000000e+01	2.6165168599291422e-01
1.0805000000000000e+01	2.6144757381643297e-01
1.0815000000000000e+01	2.6124261098061363e-01
1.0825000000000001e+01	2.6103679795754592e-01
1.0835000000000001e+01	2.6083013522122050e-01
1.0845000000000001e+01	2.6062262324752622e-01
1.0855000000000000e+01	2.6041426251424904e-01
1.0865000000000000e+01	2.6020505350106982e-01
1.0875000000000000e+01	2.5999499668956261e-01
1.0885000000000000e+01	2.5978409256319279e-01
1.0895000000000000e+01	2.5957234160731518e-01
1.0904999999999999e+01	2.5935974430917202e-01
1.0915000000000001e+01	2.5914630115789150e-01
1.0925000000000001e+01	2.5893201264448557e-01
1.0935000000000000e+01	2.5871687926184822e-01
1.0945000000000000e+01	2.5850090150475330e-01
1.0955000000000000e+01	2.5828407986985313e-01
1.0965000000000000e+01	2.5806641485567600e-01
1.0975000000000000e+01	2.5784790696262466e-01
1.0984999999999999e+01	2.5762855669297469e-01
1.0995000000000001e+01	2.5740836455087174e-01
1.1005000000000001e+01	2.5718733104233005e-01
1.1015000000000001e+01	2.5696545667523069e-01
1.1025000000000000e+01	2.5674274195931962e-01
1.1035000000000000e+01	2.5651918740620500e-01
1.1045000000000000e+01	2.5629479352935641e-01
1.1055000000000000e+01	2.5606956084410176e-01
1.1065000000000000e+01	2.5584348986762634e-01
1.1075000000000001e+01	2.5561658111896968e-01
1.1085000000000001e+01	2.5538883511902483e-01
1.1095000000000001e+01	2.5516025239053525e-01
1.1105000000000000e+01	2.5493083345809375e-01
1.1115000000000000e+01	2.5470057884813974e-01
1.1125000000000000e+01	2.5446948908895750e-01
1.1135000000000000e+01	2.5423756471067449e-01
1.1145000000000000e+01	2.5400480624525867e-01
1.1154999999999999e+01	2.5377121422651672e-01
1.1165000000000001e+01	2.5353678919009254e-01
1.1175000000000001e+01	2.5330153167346442e-01
1.1185000000000000e+01	2.5306544221594340e-01
1.1195000000000000e+01	2.5282852135867123e-01
1.1205000000000000e+01	2.5259076964461796e-01
1.1215000000000000e+01	2.5235218761858036e-01
1.1225000000000000e+01	2.5211277582717917e-01
1.1234999999999999e+01	2.5187253481885807e-01
1.1245000000000001e+01	2.5163146514388052e-01
1.1255000000000001e+01	2.5138956735432799e-01
1.1265000000000001e+01	2.5114684200409815e-01
1.1275000000000000e+01	2.5090328964890263e-01
1.1285000000000000e+01	2.5065891084626457e-01
1.1295000000000000e+01	2.5041370615551711e-01
1.1305000000000000e+01	2.5016767613780050e-01
1.1315000000000000e+01	2.4992082135606042e-01
1.1325000000000001e+01	2.4967314237504615e-01
1.1335000000000001e+01	2.4942463976130755e-01
1.1345000000000001e+01	2.4917531408319352e-01
1.1355000000000000e+01	2.4892516591084993e-01
1.1365000000000000e+01	2.4867419581621705e-01
1.1375000000000000e+01	2.4842240437302757e-01
1.1385000000000000e+01	2.4816979215680413e-01
1.1395000000000000e+01	2.4791635974485771e-01
1.1404999999999999e+01	2.4766210771628516e-01
1.1415000000000001e+01	2.4740703665196648e-01
1.1425000000000001e+01	2.4715114713456354e-01
1.1435000000000000e+01	2.4689443974851705e-01
1.1445000000000000e+01	2.4663691508004487e-01
1.1455000000000000e+01	2.4637857371713975e-01
1.1465000000000000e+01	2.4611941624956643e-01
1.1475000000000000e+01	2.4585944326886014e-01
1.1484999999999999e+01	2.4559865536832426e-01
1.1495000000000001e+01	2.4533705314302773e-01
1.1505000000000001e+01	2.4507463718980302e-01
1.1515000000000001e+01	2.4481140810724369e-01
1.1525000000000000e+01	2.4454736649570241e-01
1.1535000000000000e+01	2.4428251295728842e-01
1.1545000000000000e+01	2.4401684809586510e-01
1.1555000000000000e+01	2.4375037251704840e-01
1.1565000000000000e+01	2.4348308682820369e-01
1.1575000000000001e+01	2.4321499163844360e-01
1.1585000000000001e+01	2.4294608755862626e-01
1.1595000000000001e+01	2.4267637520135268e-01
1.1605000000000000e+01	2.4240585518096397e-01
1.1615000000000000e+01	2.4213452811353975e-01
1.1625000000000000e+01	2.4186239461689532e-01
1.1635000000000000e+01	2.4158945531057965e-01
1.1645000000000000e+01	2.4131571081587241e-01
1.1654999999999999e+01	2.4104116175578263e-01
1.1665000000000001e+01	2.4076580875504522e-01
1.1675000000000001e+01	2.4048965244011963e-01
1.1685000000000000e+01	2.4021269343918655e-01
1.1695000000000000e+01	2.3993493238214636e-01
1.1705000000000000e+01	2.3965636990061587e-01
1.1715000000000000e+01	2.3937700662792694e-01
1.1725000000000000e+01	2.3909684319912303e-01
1.1734999999999999e+01	2.3881588025095782e-01
1.1745000000000001e+01	2.3853411842189187e-01
1.1755000000000001e+01	2.3825155835209080e-01
1.1765000000000001e+01	2.3796820068342264e-01
1.1775000000000000e+01	2.3768404605945545e-01
1.1785000000000000e+01	2.3739909512545493e-01
1.1795000000000000e+01	2.3711334852838203e-01
1.1805000000000000e+01	2.3682680691689006e-01
1.1815000000000000e+01	2.3653947094132294e-01
1.1825000000000001e+01	2.3625134125371222e-01
1.1835000000000001e+01	2.3596241850777461e-01
1.1845000000000001e+01	2.3567270335891016e-01
1.1855000000000000e+01	2.3538219646419889e-01
1.1865000000000000e+01	2.3509089848239878e-01
1.1875000000000000e+01	2.3479881007394310e-01
1.1885000000000000e+01	2.3450593190093844e-01
1.1895000000000000e+01	2.3421226462716144e-01
1.1904999999999999e+01	2.3391780891805675e-01
1.1915000000000001e+01	2.3362256544073440e-01
1.1925000000000001e+01	2.3332653486396737e-01
1.1935000000000000e+01	2.3302971785818891e-01
1.1945000000000000e+01	2.3273211509549013e-01
1.1955000000000000e+01	2.3243372724961728e-01
1.1965000000000000e+01	2.3213455499596955e-01
1.1975000000000000e+01	2.3183459901159631e-01
1.1984999999999999e+01	2.3153385997519452e-01
1.1995000000000001e+01	2.3123233856710615e-01
1.2005000000000001e+01	2.3093003546931587e-01
1.2015000000000001e+01	2.3062695136544803e-01
1.2025000000000000e+01	2.3032308694076470e-01
1.2035000000000000e+01	2.3001844288216253e-01
1.2045000000000000e+01	2.2971301987817036e-01
1.2055000000000000e+01	2.2940681861894677e-01
1.2065000000000000e+01	2.2909983979627735e-01
1.2075000000000001e+01	2.2879208410357199e-01
1.2085000000000001e+01	2.2848355223586250e-01
1.2095000000000001e+01	2.2817424488979965e-01
1.2105000000000000e+01	2.2786416276365118e-01
1.2115000000000000e+01	2.2755330655729850e-01
1.2125000000000000e+01	2.2724167697223435e-01
1.2135000000000000e+01	2.2692927471156019e-01
1.2145000000000000e+01	2.2661610047998357e-01
1.2155000000000001e+01	2.2630215498381534e-01
1.2165000000000001e+01	2.2598743893096701e-01
1.2175000000000001e+01	2.2567195303094831e-01
1.2185000000000000e+01	2.2535569799486441e-01
1.2195000000000000e+01	2.2503867453541301e-01
1.2205000000000000e+01	2.2472088336688206e-01
1.2215000000000000e+01	2.2440232520514694e-01
1.2225000000000000e+01	2.2408300076766738e-01
1.2234999999999999e+01	2.2376291077348545e-01
1.2245000000000001e+01	2.2344205594322236e-01
1.2255000000000001e+01	2.2312043699907613e-01
1.2265000000000001e+01	2.2279805466481858e-01
1.2275000000000000e+01	2.2247490966579248e-01
1.2285000000000000e+01	2.2215100272890934e-01
1.2295000000000000e+01	2.2182633458264622e-01
1.2305000000000000e+01	2.2150090595704344e-01
1.2315000000000000e+01	2.2117471758370133e-01
1.2325000000000001e+01	2.2084777019577811e-01
1.2335000000000001e+01	2.2052006452798634e-01
1.2345000000000001e+01	2.2019160131659088e-01
1.2355000000000000e+01	2.1986238129940600e-01
1.2365000000000000e+01	2.1953240521579220e-01
1.2375000000000000e+01	2.1920167380665384e-01
1.2385000000000000e+01	2.1887018781443660e-01
1.2395000000000000e+01	2.1853794798312379e-01
1.2405000000000001e+01	2.1820495505823467e-01
1.2415000000000001e+01	2.1787120978682087e-01
1.2425000000000001e+01	2.1753671291746390e-01
1.2435000000000000e+01	2.1720146520027250e-01
1.2445000000000000e+01	2.1686546738687940e-01
1.2455000000000000e+01	2.1652872023043895e-01
1.2465000000000000e+01	2.1619122448562422e-01
1.2475000000000000e+01	2.1585298090862406e-01
1.2484999999999999e+01	2.1551399025714002e-01
1.2495000000000001e+01	2.1517425329038434e-01
1.2505000000000001e+01	2.1483377076907606e-01
1.2515000000000001e+01	2.1449254345543928e-01
1.2525000000000000e+01	2.1415057211319929e-01
1.2535000000000000e+01	2.1380785750758044e-01
1.2545000000000000e+01	2.1346440040530312e-01
1.2555000000000000e+01	2.1312020157458042e-01
1.2565000000000000e+01	2.1277526178511624e-01
1.2575000000000001e+01	2.1242958180810151e-01
1.2585000000000001e+01	2.1208316241621172e-01
1.2595000000000001e+01	2.1173600438360407e-01
1.2605000000000000e+01	2.1138810848591436e-01
1.2615000000000000e+01	2.1103947550025451e-01
1.2625000000000000e+01	2.1069010620520903e-01
1.2635000000000000e+01	2.1034000138083303e-01
1.2645000000000000e+01	2.0998916180864843e-01
1.2655000000000001e+01	2.0963758827164145e-01
1.2665000000000001e+01	2.0928528155425974e-01
1.2675000000000001e+01	2.0893224244240940e-01
1.2685000000000000e+01	2.0857847172345223e-01
1.2695000000000000e+01	2.0822397018620217e-01
1.2705000000000000e+01	2.0786873862092345e-01
1.2715000000000000e+01	2.0751277781932648e-01
1.2725000000000000e+01	2.0715608857456594e-01
1.2734999999999999e+01	2.0679867168123700e-01
1.2745000000000001e+01	2.0644052793537293e-01
1.2755000000000001e+01	2.0608165813444199e-01
1.2765000000000001e+01	2.0572206307734450e-01
1.2775000000000000e+01	2.0536174356440959e-01
1.2785000000000000e+01	2.0500070039739265e-01
1.2795000000000000e+01	2.0463893437947223e-01
1.2805000000000000e+01	2.0427644631524675e-01
1.2815000000000000e+01	2.0391323701073225e-01
1.2825000000000001e+01	2.0354930727335835e-01
1.2835000000000001e+01	2.0318465791196622e-01
1.2845000000000001e+01	2.0281928973680541e-01
1.2855000000000000e+01	2.0245320355953020e-01
1.2865000000000000e+01	2.0208640019319737e-01
1.2875000000000000e+01	2.0171888045226274e-01
1.2885000000000000e+01	2.0135064515257828e-01
1.2895000000000000e+01	2.0098169511138944e-01
1.2905000000000001e+01	2.0061203114733123e-01
1.2915000000000001e+01	2.0024165408042646e-01
1.2925000000000001e+01	1.9987056473208142e-01
1.2935000000000000e+01	1.9949876392508392e-01
1.2945000000000000e+01	1.9912625248359928e-01
1.2955000000000000e+01	1.9875303123316845e-01
1.2965000000000000e+01	1.9837910100070361e-01
1.2975000000000000e+01	1.9800446261448648e-01
1.2984999999999999e+01	1.9762911690416421e-01
1.2995000000000001e+01	1.9725306470074658e-01
1.3005000000000001e+01	1.9687630683660365e-01
1.3015000000000001e+01	1.9649884414546143e-01
1.3025000000000000e+01	1.9612067746240011e-01
1.3035000000000000e+01	1.9574180762384980e-01
1.3045000000000000e+01	1.9536223546758855e-01
1.3055000000000000e+01	1.9498196183273839e-01
1.3065000000000000e+01	1.9460098755976274e-01
1.3075000000000001e+01	1.9421931349046320e-01
1.3085000000000001e+01	1.9383694046797620e-01
1.3095000000000001e+01	1.9345386933677031e-01
1.3105000000000000e+01	1.9307010094264315e-01
1.3115000000000000e+01	1.9268563613271755e-01
1.3125000000000000e+01	1.9230047575543935e-01
1.3135000000000000e+01	1.9191462066057383e-01
1.3145000000000000e+01	1.9152807169920272e-01
1.3155000000000001e+01	1.9114082972372093e-01
1.3165000000000001e+01	1.9075289558783326e-01
1.3175000000000001e+01	1.9036427014655213e-01
1.3185000000000000e+01	1.8997495425619321e-01
1.3195000000000000e+01	1.8958494877437337e-01
1.3205000000000000e+01	1.8919425456000666e-01
1.3215000000000000e+01	1.8880287247330199e-01
1.3225000000000000e+01	1.8841080337575924e-01
1.3234999999999999e+01	1.8801804813016643e-01
1.3245000000000001e+01	1.8762460760059660e-01
1.3255000000000001e+01	1.8723048265240483e-01
1.3265000000000001e+01	1.8683567415222441e-01
1.3275000000000000e+01	1.8644018296796452e-01
1.3285000000000000e+01	1.8604400996880643e-01
1.3295000000000000e+01	1.8564715602520032e-01
1.3305000000000000e+01	1.8524962200886275e-01
1.3315000000000000e+01	1.8485140879277254e-01
1.3325000000000001e+01	1.8445251725116857e-01
1.3335000000000001e+01	1.8405294825954571e-01
1.3345000000000001e+01	1.8365270269465217e-01
1.3355000000000000e+01	1.8325178143448589e-01
1.3365000000000000e+01	1.8285018535829203e-01
1.3375000000000000e+01	1.8244791534655880e-01
1.3385000000000000e+01	1.8204497228101499e-01
1.3395000000000000e+01	1.8164135704462647e-01
1.3405000000000001e+01	1.8123707052159324e-01
1.3415000000000001e+01	1.8083211359734544e-01
1.3425000000000001e+01	1.8042648715854134e-01
1.3435000000000000e+01	1.8002019209306275e-01
1.3445000000000000e+01	1.7961322929001314e-01
1.3455000000000000e+01	1.7920559963971330e-01
1.3465000000000000e+01	1.7879730403369845e-01
1.3475000000000000e+01	1.7838834336471565e-01
1.3484999999999999e+01	1.7797871852671920e-01
1.3495000000000001e+01	1.7756843041486889e-01
1.3505000000000001e+01	1.7715747992552563e-01
1.3515000000000001e+01	1.7674586795624861e-01
1.3525000000000000e+01	1.7633359540579219e-01
1.3535000000000000e+01	1.7592066317410238e-01
1.3545000000000000e+01	1.7550707216231357e-01
1.3555000000000000e+01	1.7509282327274556e-01
1.3565000000000000e+01	1.7467791740889968e-01
1.3575000000000001e+01	1.7426235547545652e-01
1.3585000000000001e+01	1.7384613837827134e-01
1.3595000000000001e+01	1.7342926702437206e-01
1.3605000000000000e+01	1.7301174232195499e-01
1.3615000000000000e+01	1.7259356518038219e-01
1.3625000000000000e+01	1.7217473651017784e-01
1.3635000000000000e+01	1.7175525722302501e-01
1.3645000000000000e+01	1.7133512823176247e-01
1.3655000000000001e+01	1.7091435045038106e-01
1.3665000000000001e+01	1.7049292479402087e-01
1.3675000000000001e+01	1.7007085217896756e-01
1.3685000000000000e+01	1.6964813352264924e-01
1.3695000000000000e+01	1.6922476974363312e-01
1.3705000000000000e+01	1.6880076176162195e-01
1.3715000000000000e+01	1.6837611049745108e-01
1.3725000000000000e+01	1.6795081687308475e-01
1.3734999999999999e+01	1.6752488181161329e-01
1.3745000000000001e+01	1.6709830623724919e-01
1.3755000000000001e+01	1.6667109107532416e-01
1.3765000000000001e+01	1.6624323725228562e-01
1.3775000000000000e+01	1.6581474569569332e-01
1.3785000000000000e+01	1.6538561733421642e-01
1.3795000000000000e+01	1.6495585309762953e-01
1.3805000000000000e+01	1.6452545391680953e-01
1.3815000000000000e+01	1.6409442072373251e-01
1.3825000000000001e+01	1.6366275445147038e-01
1.3835000000000001e+01	1.6323045603418718e-01
1.3845000000000001e+01	1.6279752640713582e-01
1.3855000000000000e+01	1.6236396650665497e-01
1.3865000000000000e+01	1.6192977727016544e-01
1.3875000000000000e+01	1.6149495963616700e-01
1.3885000000000000e+01	1.6105951454423476e-01
1.3895000000000000e+01	1.6062344293501601e-01
1.3905000000000001e+01	1.6018674575022676e-01
1.3915000000000001e+01	1.5974942393264829e-01
1.3925000000000001e+01	1.5931147842612406e-01
1.3935000000000000e+01	1.5887291017555588e-01
1.3945000000000000e+01	1.5843372012690093e-01
1.3955000000000000e+01	1.5799390922716805e-01
1.3965000000000000e+01	1.5755347842441464e-01
1.3975000000000000e+01	1.5711242866774294e-01
1.3984999999999999e+01	1.5667076090729684e-01
1.3995000000000001e+01	1.5622847609425861e-01
1.4005000000000001e+01	1.5578557518084504e-01
1.4015000000000001e+01	1.5534205912030469e-01
1.4025000000000000e+01	1.5489792886691364e-01
1.4035000000000000e+01	1.5445318537597291e-01
1.4045000000000000e+01	1.5400782960380466e-01
1.4055000000000000e+01	1.5356186250774856e-01
1.4065000000000000e+01	1.5311528504615898e-01
1.4075000000000001e+01	1.5266809817840071e-01
1.4085000000000001e+01	1.5222030286484636e-01
1.4095000000000001e+01	1.5177190006687244e-01
1.4105000000000000e+01	1.5132289074685640e-01
1.4115000000000000e+01	1.5087327586817229e-01
1.4125000000000000e+01	1.5042305639518858e-01
1.4135000000000000e+01	1.4997223329326342e-01
1.4145000000000000e+01	1.4952080752874250e-01
1.4155000000000001e+01	1.4906878006895427e-01
1.4165000000000001e+01	1.4861615188220770e-01
1.4175000000000001e+01	1.4816292393778827e-01
1.4185000000000000e+01	1.4770909720595410e-01
1.4195000000000000e+01	1.4725467265793352e-01
1.4205000000000000e+01	1.4679965126592068e-01
1.4215000000000000e+01	1.4634403400307280e-01
1.4225000000000000e+01	1.4588782184350599e-01
1.4234999999999999e+01	1.4543101576229245e-01
1.4245000000000001e+01	1.4497361673545675e-01
1.4255000000000001e+01	1.4451562573997243e-01
1.4265000000000001e+01	1.4405704375375819e-01
1.4275000000000000e+01	1.4359787175567490e-01
1.4285000000000000e+01	1.4313811072552188e-01
1.4295000000000000e+01	1.4267776164403348e-01
1.4305000000000000e+01	1.4221682549287579e-01
1.4315000000000000e+01	1.4175530325464250e-01
1.4325000000000001e+01	1.4129319591285233e-01
1.4335000000000001e+01	1.4083050445194512e-01
1.4345000000000001e+01	1.4036722985727820e-01
1.4355000000000000e+01	1.3990337311512285e-01
1.4365000000000000e+01	1.3943893521266140e-01
1.4375000000000000e+01	1.3897391713798316e-01
1.4385000000000000e+01	1.3850831988008122e-01
1.4395000000000000e+01	1.3804214442884863e-01
1.4405000000000001e+01	1.3757539177507555e-01
1.4415000000000001e+01	1.3710806291044483e-01
1.4425000000000001e+01	1.3664015882752964e-01
1.4435000000000000e+01	1.3617168051978878e-01
1.4445000000000000e+01	1.3570262898156416e-01
1.4455000000000000e+01	1.3523300520807657e-01
1.4465000000000000e+01	1.3476281019542288e-01
1.4475000000000000e+01	1.3429204494057176e-01
1.4484999999999999e+01	1.3382071044136079e-01
1.4495000000000001e+01	1.3334880769649274e-01
1.4505000000000001e+01	1.3287633770553192e-01
1.4515000000000001e+01	1.3240330146890084e-01
1.4525000000000000e+01	1.3192969998787663e-01
1.4535000000000000e+01	1.3145553426458767e-01
1.4545000000000000e+01	1.3098080530200962e-01
1.4555000000000000e+01	1.3050551410396249e-01
1.4565000000000000e+01	1.3002966167510685e-01
1.4575000000000001e+01	1.2955324902093998e-01
1.4585000000000001e+01	1.2907627714779316e-01
1.4595000000000001e+01	1.2859874706282709e-01
1.4605000000000000e+01	1.2812065977402948e-01
1.4615000000000000e+01	1.2764201629021055e-01
1.4625000000000000e+01	1.2716281762099993e-01
1.4635000000000000e+01	1.2668306477684346e-01
1.4645000000000000e+01	1.2620275876899875e-01
1.4655000000000001e+01	1.2572190060953278e-01
1.4665000000000001e+01	1.2524049131131718e-01
1.4675000000000001e+01	1.2475853188802584e-01
1.4685000000000000e+01	1.2427602335413052e-01
1.4695000000000000e+01	1.2379296672489766e-01
1.4705000000000000e+01	1.2330936301638461e-01
1.4715000000000000e+01	1.2282521324543658e-01
1.4725000000000000e+01	1.2234051842968245e-01
1.4734999999999999e+01	1.2185527958753178e-01
1.4745000000000001e+01	1.2136949773817107e-01
1.4755000000000001e+01	1.2088317390155974e-01
1.4765000000000001e+01	1.2039630909842752e-01
1.4775000000000000e+01	1.1990890435027012e-01
1.4785000000000000e+01	1.1942096067934593e-01
1.4795000000000000e+01	1.1893247910867247e-01
1.4805000000000000e+01	1.1844346066202288e-01
1.4815000000000000e+01	1.1795390636392256e-01
1.4825000000000001e+01	1.1746381723964479e-01
1.4835000000000001e+01	1.1697319431520813e-01
1.4845000000000001e+01	1.1648203861737270e-01
1.4855000000000000e+01	1.1599035117363587e-01
1.4865000000000000e+01	1.1549813301222966e-01
1.4875000000000000e+01	1.1500538516211649e-01
1.4885000000000000e+01	1.1451210865298593e-01
1.4895000000000000e+01	1.1401830451525098e-01
1.4905000000000001e+01	1.1352397378004489e-01
1.4915000000000001e+01	1.1302911747921704e-01
1.4925000000000001e+01	1.1253373664532956e-01
1.4935000000000000e+01	1.1203783231165396e-01
1.4945000000000000e+01	1.1154140551216753e-01
1.4955000000000000e+01	1.1104445728154935e-01
1.4965000000000000e+01	1.1054698865517727e-01
1.4975000000000000e+01	1.1004900066912413e-01
1.4984999999999999e+01	1.0955049436015385e-01
1.4995000000000001e+01	1.0905147076571850e-01
1.5005000000000001e+01	1.0855193092395410e-01
1.5015000000000001e+01	1.0805187587367736e-01
1.5025000000000000e+01	1.0755130665438233e-01
1.5035000000000000e+01	1.0705022430623629e-01
1.5045000000000000e+01	1.0654862987007634e-01
1.5055000000000000e+01	1.0604652438740618e-01
1.5065000000000000e+01	1.0554390890039200e-01
1.5075000000000001e+01	1.0504078445185930e-01
1.5085000000000001e+01	1.0453715208528920e-01
1.5095000000000001e+01	1.0403301284481473e-01
1.5105000000000000e+01	1.0352836777521722e-01
1.5115000000000000e+01	1.0302321792192308e-01
1.5125000000000000e+01	1.0251756433099986e-01
1.5135000000000000e+01	1.0201140804915243e-01
1.5145000000000000e+01	1.0150475012372032e-01
1.5155000000000001e+01	1.0099759160267316e-01
1.5165000000000001e+01	1.0048993353460749e-01
1.5175000000000001e+01	9.9981776968743219e-02
1.5185000000000000e+01	9.9473122954919835e-02
1.5195000000000000e+01	9.8963972543593334e-02
1.5205000000000000e+01	9.8454326785831728e-02
1.5215000000000000e+01	9.7944186733312164e-02
1.5225000000000000e+01	9.7433553438317416e-02
1.5234999999999999e+01	9.6922427953731460e-02
1.5245000000000001e+01	9.6410811333037055e-02
1.5255000000000001e+01	9.5898704630310957e-02
1.5265000000000001e+01	9.5386108900221159e-02
1.5275000000000000e+01	9.4873025198023084e-02
1.5285000000000000e+01	9.4359454579555843e-02
1.5295000000000000e+01	9.3845398101238667e-02
1.5305000000000000e+01	9.3330856820067726e-02
1.5315000000000000e+01	9.2815831793611761e-02
1.5325000000000001e+01	9.2300324080009044e-02
1.5335000000000001e+01	9.1784334737963866e-02
1.5345000000000001e+01	9.1267864826742429e-02
1.5355000000000000e+01	9.0750915406169641e-02
1.5365000000000000e+01	9.0233487536625676e-02
1.5375000000000000e+01	8.9715582279041819e-02
1.5385000000000000e+01	8.9197200694897213e-02
1.5395000000000000e+01	8.8678343846215354e-02
1.5405000000000001e+01	8.8159012795560127e-02
1.5415000000000001e+01	8.7639208606032873e-02
1.5425000000000001e+01	8.7118932341268024e-02
1.5435000000000000e+01	8.6598185065429920e-02
1.5445000000000000e+01	8.6076967843209007e-02
1.5455000000000000e+01	8.5555281739818731e-02
1.5465000000000000e+01	8.5033127820991095e-02
1.5475000000000000e+01	8.4510507152973979e-02
1.5485000000000001e+01	8.3987420802526774e-02
1.5495000000000001e+01	8.3463869836917240e-02
1.5505000000000001e+01	8.2939855323917872e-02
1.5515000000000001e+01	8.2415378331802111e-02
1.5525000000000000e+01	8.1890439929340669e-02
1.5535000000000000e+01	8.1365041185798487e-02
1.5545000000000000e+01	8.0839183170930487e-02
1.5555000000000000e+01	8.0312866954978163e-02
1.5565000000000000e+01	7.9786093608666342e-02
1.5575000000000001e+01	7.9258864203199039e-02
1.5585000000000001e+01	7.8731179810256305e-02
1.5595000000000001e+01	7.8203041501990117e-02
1.5605000000000000e+01	7.7674450351021745e-02
1.5615000000000000e+01	7.7145407430436741e-02
1.5625000000000000e+01	7.6615913813782702e-02
1.5635000000000000e+01	7.6085970575064818e-02
1.5645000000000000e+01	7.5555578788742556e-02
1.5655000000000001e+01	7.5024739529726089e-02
1.5665000000000001e+01	7.4493453873372709e-02
1.5675000000000001e+01	7.3961722895483056e-02
1.5685000000000000e+01	7.3429547672297910e-02
1.5695000000000000e+01	7.2896929280493766e-02
1.5705000000000000e+01	7.2363868797180556e-02
1.5715000000000000e+01	7.1830367299896739e-02
1.5725000000000000e+01	7.1296425866606478e-02
1.5735000000000001e+01	7.0762045575695723e-02
1.5745000000000001e+01	7.0227227505969006e-02
1.5755000000000001e+01	6.9691972736645166e-02
1.5765000000000001e+01	6.9156282347354298e-02
1.5775000000000000e+01	6.8620157418134403e-02
1.5785000000000000e+01	6.8083599029426817e-02
1.5795000000000000e+01	6.7546608262073468e-02
1.5805000000000000e+01	6.7009186197313164e-02
1.5815000000000000e+01	6.6471333916777786e-02
1.5825000000000001e+01	6.5933052502488695e-02
1.5835000000000001e+01	6.5394343036853195e-02
1.5845000000000001e+01	6.4855206602661170e-02
1.5855000000000000e+01	6.4315644283081161e-02
1.5865000000000000e+01	6.3775657161656743e-02
1.5875000000000000e+01	6.3235246322303526e-02
1.5885000000000000e+01	6.2694412849304784e-02
1.5895000000000000e+01	6.2153157827308486e-02
1.5905000000000001e+01	6.1611482341323395e-02
1.5915000000000001e+01	6.1069387476715246e-02
1.5925000000000001e+01	6.0526874319203942e-02
1.5935000000000000e+01	5.9983943954859141e-02
1.5945000000000000e+01	5.9440597470097077e-02
1.5955000000000000e+01	5.8896835951677225e-02
1.5965000000000000e+01	5.8352660486697926e-02
1.5975000000000000e+01	5.7808072162593503e-02
1.5985000000000001e+01	5.7263072067130848e-02
1.5995000000000001e+01	5.6717661288404657e-02
1.6004999999999999e+01	5.6171840914835493e-02
1.6015000000000001e+01	5.5625612035164751e-02
1.6024999999999999e+01	5.5078975738452197e-02
1.6035000000000000e+01	5.4531933114071479e-02
1.6045000000000002e+01	5.3984485251707182e-02
1.6055000000000000e+01	5.3436633241351131e-02
1.6065000000000001e+01	5.2888378173298570e-02
1.6074999999999999e+01	5.2339721138144737e-02
1.6085000000000001e+01	5.1790663226781580e-02
1.6094999999999999e+01	5.1241205530393394e-02
1.6105000000000000e+01	5.0691349140454388e-02
1.6115000000000002e+01	5.0141095148723856e-02
1.6125000000000000e+01	4.9590444647243756e-02
1.6135000000000002e+01	4.9039398728334439e-02
1.6145000000000000e+01	4.8487958484591288e-02
1.6155000000000001e+01	4.7936125008881121e-02
1.6164999999999999e+01	4.7383899394338638e-02
1.6175000000000001e+01	4.6831282734363024e-02
1.6184999999999999e+01	4.6278276122614016e-02
1.6195000000000000e+01	4.5724880653008802e-02
1.6205000000000002e+01	4.5171097419717796e-02
1.6215000000000000e+01	4.4616927517162126e-02
1.6225000000000001e+01	4.4062372040009047e-02
1.6234999999999999e+01	4.3507432083168672e-02
1.6245000000000001e+01	4.2952108741790986e-02
1.6254999999999999e+01	4.2396403111261388e-02
1.6265000000000001e+01	4.1840316287198039e-02
1.6274999999999999e+01	4.1283849365447385e-02
1.6285000000000000e+01	4.0727003442081522e-02
1.6295000000000002e+01	4.0169779613394026e-02
1.6305000000000000e+01	3.9612178975896493e-02
1.6315000000000001e+01	3.9054202626315225e-02
1.6324999999999999e+01	3.8495851661587636e-02
1.6335000000000001e+01	3.7937127178858325e-02
1.6344999999999999e+01	3.7378030275476419e-02
1.6355000000000000e+01	3.6818562048990602e-02
1.6365000000000002e+01	3.6258723597147227e-02
1.6375000000000000e+01	3.5698516017885519e-02
1.6385000000000002e+01	3.5137940409334732e-02
1.6395000000000000e+01	3.4576997869810028e-02
1.6405000000000001e+01	3.4015689497809851e-02
1.6414999999999999e+01	3.3454016392011350e-02
1.6425000000000001e+01	3.2891979651267444e-02
1.6434999999999999e+01	3.2329580374603296e-02
1.6445000000000000e+01	3.1766819661212635e-02
1.6455000000000002e+01	3.1203698610454293e-02
1.6465000000000000e+01	3.0640218321848576e-02
1.6475000000000001e+01	3.0076379895073797e-02
1.6484999999999999e+01	2.9512184429963013e-02
1.6495000000000001e+01	2.8947633026499924e-02
1.6504999999999999e+01	2.8382726784815890e-02
1.6515000000000001e+01	2.7817466805186420e-02
1.6524999999999999e+01	2.7251854188027082e-02
1.6535000000000000e+01	2.6685890033890505e-02
1.6545000000000002e+01	2.6119575443462870e-02
1.6555000000000000e+01	2.5552911517560225e-02
1.6565000000000001e+01	2.4985899357124804e-02
1.6574999999999999e+01	2.4418540063221965e-02
1.6585000000000001e+01	2.3850834737036308e-02
1.6594999999999999e+01	2.3282784479868555e-02
1.6605000000000000e+01	2.2714390393131313e-02
1.6615000000000002e+01	2.2145653578346601e-02
1.6625000000000000e+01	2.1576575137141604e-02
1.6635000000000002e+01	2.1007156171245288e-02
1.6645000000000000e+01	2.0437397782485336e-02
1.6655000000000001e+01	1.9867301072783724e-02
1.6664999999999999e+01	1.9296867144154538e-02
1.6675000000000001e+01	1.8726097098699317e-02
1.6684999999999999e+01	1.8154992038604347e-02
1.6695000000000000e+01	1.7583553066136414e-02
1.6705000000000002e+01	1.7011781283640295e-02
1.6715000000000000e+01	1.6439677793534446e-02
1.6725000000000001e+01	1.5867243698307946e-02
1.6734999999999999e+01	1.5294480100516686e-02
1.6745000000000001e+01	1.4721388102780493e-02
1.6754999999999999e+01	1.4147968807778761e-02
1.6765000000000001e+01	1.3574223318247968e-02
1.6774999999999999e+01	1.3000152736977570e-02
1.6785000000000000e+01	1.2425758166806621e-02
1.6795000000000002e+01	1.1851040710620424e-02
1.6805000000000000e+01	1.1276001471346787e-02
1.6815000000000001e+01	1.0700641551953568e-02
1.6824999999999999e+01	1.0124962055443366e-02
1.6835000000000001e+01	9.5489640848519918e-03
1.6844999999999999e+01	8.9726487432437944e-03
1.6855000000000000e+01	8.3960171337085845e-03
1.6865000000000002e+01	7.8190703593583755e-03
1.6875000000000000e+01	7.2418095233236744e-03
1.6885000000000002e+01	6.6642357287497022e-03
1.6895000000000000e+01	6.0863500787939557e-03
1.6905000000000001e+01	5.5081536766218089e-03
1.6914999999999999e+01	4.9296476254035524e-03
1.6925000000000001e+01	4.3508330283106309e-03
1.6934999999999999e+01	3.7717109885126859e-03
1.6945000000000000e+01	3.1922826091735452e-03
1.6955000000000002e+01	2.6125489934483779e-03
1.6965000000000000e+01	2.0325112444798260e-03
1.6975000000000001e+01	1.4521704653945107e-03
1.6984999999999999e+01	8.7152775930019204e-04
1.6995000000000001e+01	2.9058422928189494e-04
