2.5000000000000001e-03	-2.2204460492503131e-16
7.4999999999999997e-03	5.4976771880392072e-02
1.2500000000000001e-02	1.0994694641621372e-01
1.7500000000000002e-02	1.6490392626288808e-01
2.2499999999999999e-02	2.1984111407584461e-01
2.7500000000000000e-02	2.7475191251051190e-01
3.2500000000000001e-02	3.2962972422231718e-01
3.7499999999999999e-02	3.8446795186668675e-01
4.2500000000000003e-02	4.3925999809904814e-01
4.7500000000000001e-02	4.9399926557482976e-01
5.2499999999999998e-02	5.4867915694945779e-01
5.7500000000000002e-02	6.0329307487836092e-01
6.2500000000000000e-02	6.5783442201696496e-01
6.7500000000000004e-02	7.1229660102070014e-01
7.2499999999999995e-02	7.6667301454499193e-01
7.7499999999999999e-02	8.2095706524526835e-01
8.2500000000000004e-02	8.7514215577695575e-01
8.7500000000000008e-02	9.2922168879548317e-01
9.2499999999999999e-02	9.8318906695627639e-01
9.7500000000000003e-02	1.0370376929147658e+00
1.0250000000000001e-01	1.0907609693263758e+00
1.0750000000000000e-01	1.1443522988465356e+00
1.1250000000000000e-01	1.1978050841306713e+00
1.1750000000000001e-01	1.2511127278342125e+00
1.2250000000000000e-01	1.3042686326125850e+00
1.2750000000000000e-01	1.3572662011212153e+00
1.3250000000000001e-01	1.4100988360155324e+00
1.3750000000000001e-01	1.4627599399509643e+00
1.4250000000000002e-01	1.5152429155829379e+00
1.4749999999999999e-01	1.5675411655668798e+00
1.5250000000000000e-01	1.6196480925582180e+00
1.5750000000000000e-01	1.6715570992123807e+00
1.6250000000000001e-01	1.7232615881847937e+00
1.6750000000000001e-01	1.7747549621308858e+00
1.7250000000000001e-01	1.8260306237060844e+00
1.7749999999999999e-01	1.8770819755658172e+00
1.8250000000000000e-01	1.9279024203655104e+00
1.8750000000000000e-01	1.9784853607605923e+00
1.9250000000000000e-01	2.0288241994064902e+00
1.9750000000000001e-01	2.0789123389586317e+00
2.0250000000000001e-01	2.1287431820724447e+00
2.0750000000000002e-01	2.1783101314033546e+00
2.1249999999999999e-01	2.2276065896067916e+00
2.1750000000000000e-01	2.2766259593381819e+00
2.2250000000000000e-01	2.3253616432529531e+00
2.2750000000000001e-01	2.3738070440065329e+00
2.3250000000000001e-01	2.4219555642543473e+00
2.3750000000000002e-01	2.4698006066518259e+00
2.4249999999999999e-01	2.5173355738543952e+00
2.4750000000000000e-01	2.5645538685174820e+00
2.5250000000000000e-01	2.6114488932965152e+00
2.5750000000000001e-01	2.6580140508469219e+00
2.6250000000000001e-01	2.7042427438241283e+00
2.6750000000000002e-01	2.7501283748835625e+00
2.7250000000000002e-01	2.7956643466806521e+00
2.7750000000000002e-01	2.8408440618708255e+00
2.8250000000000003e-01	2.8856609231095085e+00
2.8750000000000003e-01	2.9301083330521296e+00
2.9249999999999998e-01	2.9741796943541168e+00
2.9749999999999999e-01	3.0178684096708954e+00
3.0249999999999999e-01	3.0611678816578953e+00
3.0750000000000000e-01	3.1040715129705427e+00
3.1250000000000000e-01	3.1465727062642643e+00
3.1750000000000000e-01	3.1886648641944886e+00
3.2250000000000001e-01	3.2303413894166439e+00
3.2750000000000001e-01	3.2715956845861567e+00
3.3250000000000002e-01	3.3124211523584544e+00
3.3750000000000002e-01	3.3528111953889637e+00
3.4250000000000003e-01	3.3927592163331131e+00
3.4750000000000003e-01	3.4322586178463288e+00
3.5249999999999998e-01	3.4713028025840416e+00
3.5749999999999998e-01	3.5098851732016758e+00
3.6249999999999999e-01	3.5479991323546605e+00
3.6749999999999999e-01	3.5856380826984213e+00
3.7250000000000000e-01	3.6227954268883877e+00
3.7750000000000000e-01	3.6594645675799851e+00
3.8250000000000001e-01	3.6956389074286435e+00
3.8750000000000001e-01	3.7313118490897885e+00
3.9250000000000002e-01	3.7664767952188472e+00
3.9750000000000002e-01	3.8011271484712479e+00
4.0250000000000002e-01	3.8352563115024196e+00
4.0750000000000003e-01	3.8688576869677869e+00
4.1250000000000003e-01	3.9019246775227798e+00
4.1749999999999998e-01	3.9344506858228225e+00
4.2249999999999999e-01	3.9664291145233466e+00
4.2749999999999999e-01	3.9978533662797768e+00
4.3250000000000000e-01	4.0287168437475405e+00
4.3750000000000000e-01	4.0590129495820664e+00
4.4250000000000000e-01	4.0887350864387813e+00
4.4750000000000001e-01	4.1178766569731131e+00
4.5250000000000001e-01	4.1464310638404882e+00
4.5750000000000002e-01	4.1743917096963354e+00
4.6250000000000002e-01	4.2017519971960819e+00
4.6750000000000003e-01	4.2285053289951549e+00
4.7250000000000003e-01	4.2546451077489813e+00
4.7750000000000004e-01	4.2801647361129884e+00
4.8249999999999998e-01	4.3050576167426051e+00
4.8749999999999999e-01	4.3293171522932594e+00
4.9249999999999999e-01	4.3529367454203758e+00
4.9750000000000000e-01	4.3759097987793840e+00
5.0250000000000006e-01	4.3982297150257104e+00
5.0750000000000006e-01	4.4200015018938021e+00
5.1249999999999996e-01	4.4413367644626769e+00
5.1749999999999996e-01	4.4622388014046201e+00
5.2249999999999996e-01	4.4827109113919255e+00
5.2749999999999997e-01	4.5027563930968686e+00
5.3249999999999997e-01	4.5223785451917431e+00
5.3749999999999998e-01	4.5415806663488301e+00
5.4249999999999998e-01	4.5603660552404213e+00
5.4749999999999999e-01	4.5787380105387943e+00
5.5249999999999999e-01	4.5966998309162461e+00
5.5750000000000000e-01	4.6142548150450580e+00
5.6250000000000000e-01	4.6314062615975136e+00
5.6750000000000000e-01	4.6481574692459011e+00
5.7250000000000001e-01	4.6645117366625133e+00
5.7750000000000001e-01	4.6804723625196258e+00
5.8250000000000002e-01	4.6960426454895314e+00
5.8750000000000002e-01	4.7112258842445112e+00
5.9250000000000003e-01	4.7260253774568612e+00
5.9750000000000003e-01	4.7404444237988583e+00
6.0250000000000004e-01	4.7544863219427933e+00
6.0750000000000004e-01	4.7681543705609490e+00
6.1250000000000004e-01	4.7814518683256155e+00
6.1750000000000005e-01	4.7943821139090774e+00
6.2250000000000005e-01	4.8069484059836194e+00
6.2750000000000006e-01	4.8191540432215296e+00
6.3250000000000006e-01	4.8310023242950937e+00
6.3750000000000007e-01	4.8424965478765980e+00
6.4249999999999996e-01	4.8536400126383326e+00
6.4749999999999996e-01	4.8644360172525776e+00
6.5249999999999997e-01	4.8748878603916204e+00
6.5749999999999997e-01	4.8849988407277527e+00
6.6249999999999998e-01	4.8947722569332530e+00
6.6749999999999998e-01	4.9042114076804113e+00
6.7249999999999999e-01	4.9133195916415158e+00
6.7749999999999999e-01	4.9221001074888493e+00
6.8250000000000000e-01	4.9305562538947001e+00
6.8750000000000000e-01	4.9386913295313555e+00
6.9250000000000000e-01	4.9465086330710992e+00
6.9750000000000001e-01	4.9540114631862231e+00
7.0250000000000001e-01	4.9612031185490011e+00
7.0750000000000002e-01	4.9680868978317321e+00
7.1250000000000002e-01	4.9746660997066936e+00
7.1750000000000003e-01	4.9809440228461801e+00
7.2250000000000003e-01	4.9869239659224709e+00
7.2750000000000004e-01	4.9926092276078560e+00
7.3250000000000004e-01	4.9980031065746227e+00
7.3750000000000004e-01	5.0031089014950503e+00
7.4250000000000005e-01	5.0079299110414359e+00
7.4750000000000005e-01	5.0124694338860571e+00
7.5250000000000006e-01	5.0167307687012004e+00
7.5750000000000006e-01	5.0207172141591574e+00
7.6250000000000007e-01	5.0244320689322111e+00
7.6750000000000007e-01	5.0278786316926496e+00
7.7249999999999996e-01	5.0310602011127550e+00
7.7749999999999997e-01	5.0339800758648172e+00
7.8249999999999997e-01	5.0366415546211218e+00
7.8749999999999998e-01	5.0390479360539562e+00
7.9249999999999998e-01	5.0412025188356049e+00
7.9749999999999999e-01	5.0431086016383526e+00
8.0249999999999999e-01	5.0447694831344894e+00
8.0750000000000000e-01	5.0461884619962989e+00
8.1250000000000000e-01	5.0473688368960703e+00
8.1750000000000000e-01	5.0483139065060847e+00
8.2250000000000001e-01	5.0490269694986356e+00
8.2750000000000001e-01	5.0495113245460042e+00
8.3250000000000002e-01	5.0497702703204741e+00
8.3750000000000002e-01	5.0498071054943363e+00
8.4250000000000003e-01	5.0496251287398790e+00
8.4750000000000003e-01	5.0492276387293824e+00
8.5250000000000004e-01	5.0486179341351374e+00
8.5750000000000004e-01	5.0477993136294286e+00
8.6250000000000004e-01	5.0467750758845407e+00
8.6750000000000005e-01	5.0455485195727636e+00
8.7250000000000005e-01	5.0441229433663812e+00
8.7750000000000006e-01	5.0425016459376799e+00
8.8250000000000006e-01	5.0406879259589461e+00
8.8750000000000007e-01	5.0386850821024662e+00
8.9250000000000007e-01	5.0364964130405259e+00
8.9749999999999996e-01	5.0341252174454132e+00
9.0249999999999997e-01	5.0315747939894120e+00
9.0749999999999997e-01	5.0288484413448105e+00
9.1249999999999998e-01	5.0259494581838950e+00
9.1749999999999998e-01	5.0228811431789495e+00
9.2249999999999999e-01	5.0196467950022630e+00
9.2749999999999999e-01	5.0162497123261200e+00
9.3250000000000000e-01	5.0126931938228081e+00
9.3750000000000000e-01	5.0089805381646118e+00
9.4250000000000000e-01	5.0051150440238183e+00
9.4750000000000001e-01	5.0011000100727134e+00
9.5250000000000001e-01	4.9969387349835852e+00
9.5750000000000002e-01	4.9926345174287166e+00
9.6250000000000002e-01	4.9881906560804001e+00
9.6750000000000003e-01	4.9836104496109144e+00
9.7250000000000003e-01	4.9788971966925502e+00
9.7750000000000004e-01	4.9740541959975921e+00
9.8250000000000004e-01	4.9690847461983267e+00
9.8750000000000004e-01	4.9639921459670422e+00
9.9250000000000005e-01	4.9587796939760223e+00
9.9750000000000005e-01	4.9534506888975542e+00
1.0024999999999999e+00	4.9480084294039237e+00
1.0075000000000001e+00	4.9424562141674180e+00
1.0125000000000000e+00	4.9367973418603235e+00
1.0175000000000001e+00	4.9310351111549258e+00
1.0225000000000000e+00	4.9251728207235104e+00
1.0275000000000001e+00	4.9192137692383646e+00
1.0325000000000000e+00	4.9131612553717758e+00
1.0375000000000001e+00	4.9070185777960287e+00
1.0425000000000000e+00	4.9007890351834078e+00
1.0475000000000001e+00	4.8944759262062032e+00
1.0525000000000000e+00	4.8880825495366986e+00
1.0575000000000001e+00	4.8816122038471823e+00
1.0625000000000000e+00	4.8750681878099371e+00
1.0675000000000001e+00	4.8684538000972530e+00
1.0725000000000000e+00	4.8617723393814147e+00
1.0775000000000001e+00	4.8550271043347086e+00
1.0825000000000000e+00	4.8482213936294212e+00
1.0875000000000001e+00	4.8413585059378379e+00
1.0925000000000000e+00	4.8344417399322452e+00
1.0974999999999999e+00	4.8274743942849296e+00
1.1025000000000000e+00	4.8204597676681784e+00
1.1074999999999999e+00	4.8134011587542771e+00
1.1125000000000000e+00	4.8063018662155104e+00
1.1174999999999999e+00	4.7991651887241673e+00
1.1225000000000001e+00	4.7919944249525335e+00
1.1274999999999999e+00	4.7847928735728917e+00
1.1325000000000001e+00	4.7775638332575330e+00
1.1375000000000000e+00	4.7703106026787410e+00
1.1425000000000001e+00	4.7630364805088030e+00
1.1475000000000000e+00	4.7557447654200056e+00
1.1525000000000001e+00	4.7484387560846324e+00
1.1575000000000000e+00	4.7411217511749735e+00
1.1625000000000001e+00	4.7337970493633117e+00
1.1675000000000000e+00	4.7264679493219344e+00
1.1725000000000001e+00	4.7191377497231306e+00
1.1775000000000000e+00	4.7118097492391842e+00
1.1825000000000001e+00	4.7044872465423815e+00
1.1875000000000000e+00	4.6971735403050072e+00
1.1925000000000001e+00	4.6898719291993505e+00
1.1975000000000000e+00	4.6825857118976959e+00
1.2025000000000001e+00	4.6753181870723299e+00
1.2075000000000000e+00	4.6680726533955399e+00
1.2125000000000001e+00	4.6608524095396113e+00
1.2175000000000000e+00	4.6536607541768289e+00
1.2224999999999999e+00	4.6465009859794817e+00
1.2275000000000000e+00	4.6393764036198544e+00
1.2324999999999999e+00	4.6322903057702334e+00
1.2375000000000000e+00	4.6252459911029060e+00
1.2424999999999999e+00	4.6182467582901570e+00
1.2475000000000001e+00	4.6112959060042726e+00
1.2524999999999999e+00	4.6043967329175404e+00
1.2575000000000001e+00	4.5975525377022466e+00
1.2625000000000000e+00	4.5907666190306751e+00
1.2675000000000001e+00	4.5840422755751158e+00
1.2725000000000000e+00	4.5773828060078525e+00
1.2775000000000001e+00	4.5707915090011726e+00
1.2825000000000000e+00	4.5642716832273607e+00
1.2875000000000001e+00	4.5578266273587058e+00
1.2925000000000000e+00	4.5514596400674918e+00
1.2975000000000001e+00	4.5451740200260051e+00
1.3025000000000000e+00	4.5389730659065339e+00
1.3075000000000001e+00	4.5328600763813629e+00
1.3125000000000000e+00	4.5268383501227767e+00
1.3175000000000001e+00	4.5209111858030653e+00
1.3225000000000000e+00	4.5150818820945133e+00
1.3275000000000001e+00	4.5093537376694082e+00
1.3325000000000000e+00	4.5037300512000327e+00
1.3375000000000001e+00	4.4982141213586759e+00
1.3425000000000000e+00	4.4928092468176235e+00
1.3474999999999999e+00	4.4875187262491609e+00
1.3525000000000000e+00	4.4823458583255773e+00
1.3574999999999999e+00	4.4772939417191555e+00
1.3625000000000000e+00	4.4723662751021847e+00
1.3674999999999999e+00	4.4675661571469476e+00
1.3725000000000001e+00	4.4628968865257335e+00
1.3774999999999999e+00	4.4583617619108269e+00
1.3825000000000001e+00	4.4539640819745161e+00
1.3875000000000000e+00	4.4497071453890857e+00
1.3925000000000001e+00	4.4455942508268222e+00
1.3975000000000000e+00	4.4416286969600112e+00
1.4025000000000001e+00	4.4378137824609416e+00
1.4075000000000000e+00	4.4341528060018964e+00
1.4125000000000001e+00	4.4306490662551647e+00
1.4175000000000000e+00	4.4273058618930303e+00
1.4225000000000001e+00	4.4241264915877823e+00
1.4275000000000000e+00	4.4211142540117043e+00
1.4325000000000001e+00	4.4182724478370821e+00
1.4375000000000000e+00	4.4156043717362046e+00
1.4425000000000001e+00	4.4131133243813574e+00
1.4475000000000000e+00	4.4108026044448261e+00
1.4525000000000001e+00	4.4086755105988962e+00
1.4575000000000000e+00	4.4067353415158550e+00
1.4625000000000001e+00	4.4049853958679899e+00
1.4675000000000000e+00	4.4034289723275855e+00
1.4724999999999999e+00	4.4020693695669282e+00
1.4775000000000000e+00	4.4009098862583036e+00
1.4824999999999999e+00	4.3999538210739999e+00
1.4875000000000000e+00	4.3992044726863035e+00
1.4924999999999999e+00	4.3986651397674983e+00
1.4975000000000001e+00	4.3983391209898715e+00
1.5024999999999999e+00	4.3982297150257104e+00
1.5075000000000001e+00	4.3982297150257104e+00
1.5125000000000000e+00	4.3982297150257095e+00
1.5175000000000001e+00	4.3982297150257086e+00
1.5225000000000000e+00	4.3982297150257113e+00
1.5275000000000001e+00	4.3982297150257104e+00
1.5325000000000000e+00	4.3982297150257130e+00
1.5375000000000001e+00	4.3982297150257121e+00
1.5425000000000000e+00	4.3982297150257130e+00
1.5475000000000001e+00	4.3982297150257104e+00
1.5525000000000000e+00	4.3982297150257113e+00
1.5575000000000001e+00	4.3982297150257121e+00
1.5625000000000000e+00	4.3982297150257104e+00
1.5675000000000001e+00	4.3982297150257077e+00
1.5725000000000000e+00	4.3982297150257121e+00
1.5775000000000001e+00	4.3982297150257095e+00
1.5825000000000000e+00	4.3982297150257113e+00
1.5875000000000001e+00	4.3982297150257068e+00
1.5925000000000000e+00	4.3982297150257095e+00
1.5975000000000001e+00	4.3982297150257095e+00
1.6025000000000000e+00	4.3982297150257113e+00
1.6074999999999999e+00	4.3982297150257095e+00
1.6125000000000000e+00	4.3982297150257095e+00
1.6174999999999999e+00	4.3982297150257113e+00
1.6225000000000001e+00	4.3982297150257095e+00
1.6274999999999999e+00	4.3982297150257095e+00
1.6325000000000001e+00	4.3982297150257086e+00
1.6375000000000000e+00	4.3982297150257086e+00
1.6425000000000001e+00	4.3982297150257104e+00
1.6475000000000000e+00	4.3982297150257104e+00
1.6525000000000001e+00	4.3982297150257086e+00
1.6575000000000000e+00	4.3982297150257113e+00
1.6625000000000001e+00	4.3982297150257104e+00
1.6675000000000000e+00	4.3982297150257095e+00
1.6725000000000001e+00	4.3982297150257104e+00
1.6775000000000000e+00	4.3982297150257086e+00
1.6825000000000001e+00	4.3982297150257086e+00
1.6875000000000000e+00	4.3982297150257086e+00
1.6925000000000001e+00	4.3982297150257086e+00
1.6975000000000000e+00	4.3982297150257139e+00
1.7025000000000001e+00	4.3982297150257104e+00
1.7075000000000000e+00	4.3982297150257121e+00
1.7125000000000001e+00	4.3982297150257086e+00
1.7175000000000000e+00	4.3982297150257104e+00
1.7225000000000001e+00	4.3982297150257104e+00
1.7275000000000000e+00	4.3982297150257104e+00
1.7324999999999999e+00	4.3982297150257121e+00
1.7375000000000000e+00	4.3982297150257095e+00
1.7424999999999999e+00	4.3982297150257121e+00
1.7475000000000001e+00	4.3982297150257130e+00
1.7524999999999999e+00	4.3982297150257095e+00
1.7575000000000001e+00	4.3982297150257104e+00
1.7625000000000000e+00	4.3982297150257104e+00
1.7675000000000001e+00	4.3982297150257121e+00
1.7725000000000000e+00	4.3982297150257104e+00
1.7775000000000001e+00	4.3982297150257095e+00
1.7825000000000000e+00	4.3982297150257104e+00
1.7875000000000001e+00	4.3982297150257113e+00
1.7925000000000000e+00	4.3982297150257113e+00
1.7975000000000001e+00	4.3982297150257095e+00
1.8025000000000000e+00	4.3982297150257104e+00
1.8075000000000001e+00	4.3982297150257095e+00
1.8125000000000000e+00	4.3982297150257113e+00
1.8175000000000001e+00	4.3982297150257086e+00
1.8225000000000000e+00	4.3982297150257104e+00
1.8275000000000001e+00	4.3982297150257121e+00
1.8325000000000000e+00	4.3982297150257104e+00
1.8375000000000001e+00	4.3982297150257104e+00
1.8425000000000000e+00	4.3982297150257113e+00
1.8475000000000001e+00	4.3982297150257095e+00
1.8525000000000000e+00	4.3982297150257104e+00
1.8574999999999999e+00	4.3982297150257104e+00
1.8625000000000000e+00	4.3982297150257095e+00
1.8674999999999999e+00	4.3982297150257104e+00
1.8725000000000001e+00	4.3982297150257104e+00
1.8774999999999999e+00	4.3982297150257104e+00
1.8825000000000001e+00	4.3982297150257095e+00
1.8875000000000000e+00	4.3982297150257104e+00
1.8925000000000001e+00	4.3982297150257095e+00
1.8975000000000000e+00	4.3982297150257104e+00
1.9025000000000001e+00	4.3982297150257095e+00
1.9075000000000000e+00	4.3982297150257095e+00
1.9125000000000001e+00	4.3982297150257104e+00
1.9175000000000000e+00	4.3982297150257104e+00
1.9225000000000001e+00	4.3982297150257104e+00
1.9275000000000000e+00	4.3982297150257104e+00
1.9325000000000001e+00	4.3982297150257113e+00
1.9375000000000000e+00	4.3982297150257113e+00
1.9425000000000001e+00	4.3982297150257104e+00
1.9475000000000000e+00	4.3982297150257104e+00
1.9525000000000001e+00	4.3982297150257104e+00
1.9575000000000000e+00	4.3982297150257095e+00
1.9625000000000001e+00	4.3982297150257104e+00
1.9675000000000000e+00	4.3982297150257104e+00
1.9725000000000001e+00	4.3982297150257104e+00
1.9775000000000000e+00	4.3982297150257104e+00
1.9825000000000002e+00	4.3982297150257104e+00
1.9875000000000000e+00	4.3982297150257104e+00
1.9924999999999999e+00	4.3982297150257104e+00
1.9975000000000001e+00	4.3982297150257104e+00
2.0024999999999999e+00	4.3982297150257104e+00
2.0074999999999998e+00	4.3982297150257104e+00
2.0125000000000002e+00	4.3982297150257104e+00
2.0175000000000001e+00	4.3982297150257113e+00
2.0225000000000000e+00	4.3982297150257104e+00
2.0274999999999999e+00	4.3982297150257095e+00
2.0325000000000002e+00	4.3982297150257104e+00
2.0375000000000001e+00	4.3982297150257113e+00
2.0425000000000000e+00	4.3982297150257104e+00
2.0474999999999999e+00	4.3982297150257104e+00
2.0525000000000002e+00	4.3982297150257104e+00
2.0575000000000001e+00	4.3982297150257113e+00
2.0625000000000000e+00	4.3982297150257104e+00
2.0674999999999999e+00	4.3982297150257104e+00
2.0725000000000002e+00	4.3982297150257104e+00
2.0775000000000001e+00	4.3982297150257113e+00
2.0825000000000000e+00	4.3982297150257104e+00
2.0874999999999999e+00	4.3982297150257104e+00
2.0925000000000002e+00	4.3982297150257095e+00
2.0975000000000001e+00	4.3982297150257104e+00
2.1025000000000000e+00	4.3982297150257104e+00
2.1074999999999999e+00	4.3982297150257113e+00
2.1124999999999998e+00	4.3982297150257095e+00
2.1175000000000002e+00	4.3982297150257104e+00
2.1225000000000001e+00	4.3982297150257121e+00
2.1274999999999999e+00	4.3982297150257104e+00
2.1324999999999998e+00	4.3982297150257104e+00
2.1375000000000002e+00	4.3982297150257104e+00
2.1425000000000001e+00	4.3982297150257104e+00
2.1475000000000000e+00	4.3982297150257113e+00
2.1524999999999999e+00	4.3982297150257104e+00
2.1575000000000002e+00	4.3982297150257113e+00
2.1625000000000001e+00	4.3982297150257113e+00
2.1675000000000000e+00	4.3982297150257086e+00
2.1724999999999999e+00	4.3982297150257104e+00
2.1775000000000002e+00	4.3982297150257113e+00
2.1825000000000001e+00	4.3982297150257113e+00
2.1875000000000000e+00	4.3982297150257104e+00
2.1924999999999999e+00	4.3982297150257113e+00
2.1975000000000002e+00	4.3982297150257104e+00
2.2025000000000001e+00	4.3982297150257104e+00
2.2075000000000000e+00	4.3982297150257104e+00
2.2124999999999999e+00	4.3982297150257113e+00
2.2175000000000002e+00	4.3982297150257104e+00
2.2225000000000001e+00	4.3982297150257113e+00
2.2275000000000000e+00	4.3982297150257104e+00
2.2324999999999999e+00	4.3982297150257095e+00
2.2375000000000003e+00	4.3982297150257104e+00
2.2425000000000002e+00	4.3982297150257104e+00
2.2475000000000001e+00	4.3982297150257104e+00
2.2524999999999999e+00	4.3982297150257104e+00
2.2574999999999998e+00	4.3982297150257104e+00
2.2625000000000002e+00	4.3982297150257104e+00
2.2675000000000001e+00	4.3982297150257104e+00
2.2725000000000000e+00	4.3982297150257104e+00
2.2774999999999999e+00	4.3982297150257113e+00
2.2825000000000002e+00	4.3982297150257104e+00
2.2875000000000001e+00	4.3982297150257104e+00
2.2925000000000000e+00	4.3982297150257104e+00
2.2974999999999999e+00	4.3982297150257113e+00
2.3025000000000002e+00	4.3982297150257113e+00
2.3075000000000001e+00	4.3982297150257113e+00
2.3125000000000000e+00	4.3982297150257104e+00
2.3174999999999999e+00	4.3982297150257095e+00
2.3225000000000002e+00	4.3982297150257104e+00
2.3275000000000001e+00	4.3982297150257113e+00
2.3325000000000000e+00	4.3982297150257113e+00
2.3374999999999999e+00	4.3982297150257113e+00
2.3425000000000002e+00	4.3982297150257104e+00
2.3475000000000001e+00	4.3982297150257095e+00
2.3525000000000000e+00	4.3982297150257104e+00
2.3574999999999999e+00	4.3982297150257104e+00
2.3625000000000003e+00	4.3982297150257113e+00
2.3675000000000002e+00	4.3982297150257104e+00
2.3725000000000001e+00	4.3982297150257104e+00
2.3774999999999999e+00	4.3982297150257104e+00
2.3824999999999998e+00	4.3982297150257104e+00
2.3875000000000002e+00	4.3982297150257104e+00
2.3925000000000001e+00	4.3982297150257104e+00
2.3975000000000000e+00	4.3982297150257095e+00
2.4024999999999999e+00	4.3982297150257104e+00
2.4075000000000002e+00	4.3982297150257095e+00
2.4125000000000001e+00	4.3982297150257095e+00
2.4175000000000000e+00	4.3982297150257104e+00
2.4224999999999999e+00	4.3982297150257104e+00
2.4275000000000002e+00	4.3982297150257104e+00
2.4325000000000001e+00	4.3982297150257104e+00
2.4375000000000000e+00	4.3982297150257095e+00
2.4424999999999999e+00	4.3982297150257104e+00
2.4475000000000002e+00	4.3982297150257104e+00
2.4525000000000001e+00	4.3982297150257104e+00
2.4575000000000000e+00	4.3982297150257104e+00
2.4624999999999999e+00	4.3982297150257104e+00
2.4675000000000002e+00	4.3982297150257104e+00
2.4725000000000001e+00	4.3982297150257104e+00
2.4775000000000000e+00	4.3982297150257104e+00
2.4824999999999999e+00	4.3982297150257104e+00
2.4875000000000003e+00	4.3982297150257113e+00
2.4925000000000002e+00	4.3982297150257104e+00
2.4975000000000001e+00	4.3982297150257104e+00
2.5024999999999999e+00	4.3982297150257104e+00
2.5074999999999998e+00	4.3982297150257104e+00
2.5125000000000002e+00	4.3982297150257095e+00
2.5175000000000001e+00	4.3982297150257086e+00
2.5225000000000000e+00	4.3982297150257113e+00
2.5274999999999999e+00	4.3982297150257104e+00
2.5325000000000002e+00	4.3982297150257130e+00
2.5375000000000001e+00	4.3982297150257121e+00
2.5425000000000000e+00	4.3982297150257130e+00
2.5474999999999999e+00	4.3982297150257104e+00
2.5525000000000002e+00	4.3982297150257113e+00
2.5575000000000001e+00	4.3982297150257121e+00
2.5625000000000000e+00	4.3982297150257104e+00
2.5674999999999999e+00	4.3982297150257077e+00
2.5725000000000002e+00	4.3982297150257121e+00
2.5775000000000001e+00	4.3982297150257095e+00
2.5825000000000000e+00	4.3982297150257113e+00
2.5874999999999999e+00	4.3982297150257068e+00
2.5925000000000002e+00	4.3982297150257095e+00
2.5975000000000001e+00	4.3982297150257095e+00
2.6025000000000000e+00	4.3982297150257113e+00
2.6074999999999999e+00	4.3982297150257095e+00
2.6125000000000003e+00	4.3982297150257095e+00
2.6175000000000002e+00	4.3982297150257113e+00
2.6225000000000001e+00	4.3982297150257095e+00
2.6274999999999999e+00	4.3982297150257095e+00
2.6324999999999998e+00	4.3982297150257086e+00
2.6375000000000002e+00	4.3982297150257086e+00
2.6425000000000001e+00	4.3982297150257104e+00
2.6475000000000000e+00	4.3982297150257104e+00
2.6524999999999999e+00	4.3982297150257086e+00
2.6575000000000002e+00	4.3982297150257113e+00
2.6625000000000001e+00	4.3982297150257104e+00
2.6675000000000000e+00	4.3982297150257095e+00
2.6724999999999999e+00	4.3982297150257104e+00
2.6775000000000002e+00	4.3982297150257086e+00
2.6825000000000001e+00	4.3982297150257086e+00
2.6875000000000000e+00	4.3982297150257086e+00
2.6924999999999999e+00	4.3982297150257086e+00
2.6975000000000002e+00	4.3982297150257139e+00
2.7025000000000001e+00	4.3982297150257104e+00
2.7075000000000000e+00	4.3982297150257121e+00
2.7124999999999999e+00	4.3982297150257086e+00
2.7175000000000002e+00	4.3982297150257104e+00
2.7225000000000001e+00	4.3982297150257104e+00
2.7275000000000000e+00	4.3982297150257104e+00
2.7324999999999999e+00	4.3982297150257121e+00
2.7375000000000003e+00	4.3982297150257095e+00
2.7425000000000002e+00	4.3982297150257121e+00
2.7475000000000001e+00	4.3982297150257130e+00
2.7524999999999999e+00	4.3982297150257095e+00
2.7574999999999998e+00	4.3982297150257104e+00
2.7625000000000002e+00	4.3982297150257104e+00
2.7675000000000001e+00	4.3982297150257121e+00
2.7725000000000000e+00	4.3982297150257104e+00
2.7774999999999999e+00	4.3982297150257095e+00
2.7825000000000002e+00	4.3982297150257104e+00
2.7875000000000001e+00	4.3982297150257113e+00
2.7925000000000000e+00	4.3982297150257113e+00
2.7974999999999999e+00	4.3982297150257095e+00
2.8025000000000002e+00	4.3982297150257104e+00
2.8075000000000001e+00	4.3982297150257095e+00
2.8125000000000000e+00	4.3982297150257113e+00
2.8174999999999999e+00	4.3982297150257086e+00
2.8225000000000002e+00	4.3982297150257104e+00
2.8275000000000001e+00	4.3982297150257121e+00
2.8325000000000000e+00	4.3982297150257104e+00
2.8374999999999999e+00	4.3982297150257104e+00
2.8425000000000002e+00	4.3982297150257113e+00
2.8475000000000001e+00	4.3982297150257095e+00
2.8525000000000000e+00	4.3982297150257104e+00
2.8574999999999999e+00	4.3982297150257104e+00
2.8625000000000003e+00	4.3982297150257095e+00
2.8675000000000002e+00	4.3982297150257104e+00
2.8725000000000001e+00	4.3982297150257104e+00
2.8774999999999999e+00	4.3982297150257104e+00
2.8824999999999998e+00	4.3982297150257095e+00
2.8875000000000002e+00	4.3982297150257104e+00
2.8925000000000001e+00	4.3982297150257095e+00
2.8975000000000000e+00	4.3982297150257104e+00
2.9024999999999999e+00	4.3982297150257095e+00
2.9075000000000002e+00	4.3982297150257095e+00
2.9125000000000001e+00	4.3982297150257104e+00
2.9175000000000000e+00	4.3982297150257104e+00
2.9224999999999999e+00	4.3982297150257104e+00
2.9275000000000002e+00	4.3982297150257104e+00
2.9325000000000001e+00	4.3982297150257113e+00
2.9375000000000000e+00	4.3982297150257113e+00
2.9424999999999999e+00	4.3982297150257104e+00
2.9475000000000002e+00	4.3982297150257104e+00
2.9525000000000001e+00	4.3982297150257104e+00
2.9575000000000000e+00	4.3982297150257095e+00
2.9624999999999999e+00	4.3982297150257104e+00
2.9675000000000002e+00	4.3982297150257104e+00
2.9725000000000001e+00	4.3982297150257104e+00
2.9775000000000000e+00	4.3982297150257104e+00
2.9824999999999999e+00	4.3982297150257104e+00
2.9875000000000003e+00	4.3982297150257104e+00
2.9925000000000002e+00	4.3982297150257104e+00
2.9975000000000001e+00	4.3982297150257104e+00
3.0024999999999999e+00	4.3982297150257104e+00
3.0075000000000003e+00	4.3982297150257104e+00
3.0125000000000002e+00	4.3982297150257104e+00
3.0175000000000001e+00	4.3982297150257113e+00
3.0225000000000000e+00	4.3982297150257104e+00
3.0274999999999999e+00	4.3982297150257095e+00
3.0325000000000002e+00	4.3982297150257104e+00
3.0375000000000001e+00	4.3982297150257113e+00
3.0425000000000000e+00	4.3982297150257104e+00
3.0474999999999999e+00	4.3982297150257104e+00
3.0525000000000002e+00	4.3982297150257104e+00
3.0575000000000001e+00	4.3982297150257113e+00
3.0625000000000000e+00	4.3982297150257104e+00
3.0674999999999999e+00	4.3982297150257104e+00
3.0725000000000002e+00	4.3982297150257104e+00
3.0775000000000001e+00	4.3982297150257113e+00
3.0825000000000000e+00	4.3982297150257104e+00
3.0874999999999999e+00	4.3982297150257104e+00
3.0925000000000002e+00	4.3982297150257095e+00
3.0975000000000001e+00	4.3982297150257104e+00
3.1025000000000000e+00	4.3982297150257104e+00
3.1074999999999999e+00	4.3982297150257113e+00
3.1125000000000003e+00	4.3982297150257095e+00
3.1175000000000002e+00	4.3982297150257104e+00
3.1225000000000001e+00	4.3982297150257121e+00
3.1274999999999999e+00	4.3982297150257104e+00
3.1325000000000003e+00	4.3982297150257104e+00
3.1375000000000002e+00	4.3982297150257104e+00
3.1425000000000001e+00	4.3982297150257104e+00
3.1475000000000000e+00	4.3982297150257113e+00
3.1524999999999999e+00	4.3982297150257104e+00
3.1575000000000002e+00	4.3982297150257113e+00
3.1625000000000001e+00	4.3982297150257113e+00
3.1675000000000000e+00	4.3982297150257086e+00
3.1724999999999999e+00	4.3982297150257104e+00
3.1775000000000002e+00	4.3982297150257113e+00
3.1825000000000001e+00	4.3982297150257113e+00
3.1875000000000000e+00	4.3982297150257104e+00
3.1924999999999999e+00	4.3982297150257113e+00
3.1975000000000002e+00	4.3982297150257104e+00
3.2025000000000001e+00	4.3982297150257104e+00
3.2075000000000000e+00	4.3982297150257104e+00
3.2124999999999999e+00	4.3982297150257113e+00
3.2175000000000002e+00	4.3982297150257104e+00
3.2225000000000001e+00	4.3982297150257113e+00
3.2275000000000000e+00	4.3982297150257104e+00
3.2324999999999999e+00	4.3982297150257095e+00
3.2375000000000003e+00	4.3982297150257104e+00
3.2425000000000002e+00	4.3982297150257104e+00
3.2475000000000001e+00	4.3982297150257104e+00
3.2524999999999999e+00	4.3982297150257104e+00
3.2575000000000003e+00	4.3982297150257104e+00
3.2625000000000002e+00	4.3982297150257104e+00
3.2675000000000001e+00	4.3982297150257104e+00
3.2725000000000000e+00	4.3982297150257104e+00
3.2774999999999999e+00	4.3982297150257113e+00
3.2825000000000002e+00	4.3982297150257104e+00
3.2875000000000001e+00	4.3982297150257104e+00
3.2925000000000000e+00	4.3982297150257104e+00
3.2974999999999999e+00	4.3982297150257113e+00
3.3025000000000002e+00	4.3982297150257113e+00
3.3075000000000001e+00	4.3982297150257113e+00
3.3125000000000000e+00	4.3982297150257104e+00
3.3174999999999999e+00	4.3982297150257095e+00
3.3225000000000002e+00	4.3982297150257104e+00
3.3275000000000001e+00	4.3982297150257113e+00
3.3325000000000000e+00	4.3982297150257113e+00
3.3374999999999999e+00	4.3982297150257113e+00
3.3425000000000002e+00	4.3982297150257104e+00
3.3475000000000001e+00	4.3982297150257095e+00
3.3525000000000000e+00	4.3982297150257104e+00
3.3574999999999999e+00	4.3982297150257104e+00
3.3625000000000003e+00	4.3982297150257113e+00
3.3675000000000002e+00	4.3982297150257104e+00
3.3725000000000001e+00	4.3982297150257104e+00
3.3774999999999999e+00	4.3982297150257104e+00
3.3825000000000003e+00	4.3982297150257104e+00
3.3875000000000002e+00	4.3982297150257104e+00
3.3925000000000001e+00	4.3982297150257104e+00
3.3975000000000000e+00	4.3982297150257095e+00
3.4024999999999999e+00	4.3982297150257104e+00
3.4075000000000002e+00	4.3982297150257095e+00
3.4125000000000001e+00	4.3982297150257095e+00
3.4175000000000000e+00	4.3982297150257104e+00
3.4224999999999999e+00	4.3982297150257104e+00
3.4275000000000002e+00	4.3982297150257104e+00
3.4325000000000001e+00	4.3982297150257104e+00
3.4375000000000000e+00	4.3982297150257095e+00
3.4424999999999999e+00	4.3982297150257104e+00
3.4475000000000002e+00	4.3982297150257104e+00
3.4525000000000001e+00	4.3982297150257104e+00
3.4575000000000000e+00	4.3982297150257104e+00
3.4624999999999999e+00	4.3982297150257104e+00
3.4675000000000002e+00	4.3982297150257104e+00
3.4725000000000001e+00	4.3982297150257104e+00
3.4775000000000000e+00	4.3982297150257104e+00
3.4824999999999999e+00	4.3982297150257104e+00
3.4875000000000003e+00	4.3982297150257113e+00
3.4925000000000002e+00	4.3982297150257104e+00
3.4975000000000001e+00	4.3982297150257104e+00
3.5024999999999999e+00	4.3982297150257104e+00
3.5075000000000003e+00	4.3982297150257104e+00
3.5125000000000002e+00	4.3982297150257095e+00
3.5175000000000001e+00	4.3982297150257086e+00
3.5225000000000000e+00	4.3982297150257113e+00
3.5274999999999999e+00	4.3982297150257104e+00
3.5325000000000002e+00	4.3982297150257130e+00
3.5375000000000001e+00	4.3982297150257121e+00
3.5425000000000000e+00	4.3982297150257130e+00
3.5474999999999999e+00	4.3982297150257104e+00
3.5525000000000002e+00	4.3982297150257113e+00
3.5575000000000001e+00	4.3982297150257121e+00
3.5625000000000000e+00	4.3982297150257104e+00
3.5674999999999999e+00	4.3982297150257077e+00
3.5725000000000002e+00	4.3982297150257121e+00
3.5775000000000001e+00	4.3982297150257095e+00
3.5825000000000000e+00	4.3982297150257113e+00
3.5874999999999999e+00	4.3982297150257068e+00
3.5925000000000002e+00	4.3982297150257095e+00
3.5975000000000001e+00	4.3982297150257095e+00
3.6025000000000000e+00	4.3982297150257113e+00
3.6074999999999999e+00	4.3982297150257095e+00
3.6125000000000003e+00	4.3982297150257095e+00
3.6175000000000002e+00	4.3982297150257113e+00
3.6225000000000001e+00	4.3982297150257095e+00
3.6274999999999999e+00	4.3982297150257095e+00
3.6325000000000003e+00	4.3982297150257086e+00
3.6375000000000002e+00	4.3982297150257086e+00
3.6425000000000001e+00	4.3982297150257104e+00
3.6475000000000000e+00	4.3982297150257104e+00
3.6524999999999999e+00	4.3982297150257086e+00
3.6575000000000002e+00	4.3982297150257113e+00
3.6625000000000001e+00	4.3982297150257104e+00
3.6675000000000000e+00	4.3982297150257095e+00
3.6724999999999999e+00	4.3982297150257104e+00
3.6775000000000002e+00	4.3982297150257086e+00
3.6825000000000001e+00	4.3982297150257086e+00
3.6875000000000000e+00	4.3982297150257086e+00
3.6924999999999999e+00	4.3982297150257086e+00
3.6975000000000002e+00	4.3982297150257139e+00
3.7025000000000001e+00	4.3982297150257104e+00
3.7075000000000000e+00	4.3982297150257121e+00
3.7124999999999999e+00	4.3982297150257086e+00
3.7175000000000002e+00	4.3982297150257104e+00
3.7225000000000001e+00	4.3982297150257104e+00
3.7275000000000000e+00	4.3982297150257104e+00
3.7324999999999999e+00	4.3982297150257121e+00
3.7375000000000003e+00	4.3982297150257095e+00
3.7425000000000002e+00	4.3982297150257121e+00
3.7475000000000001e+00	4.3982297150257130e+00
3.7524999999999999e+00	4.3982297150257095e+00
3.7575000000000003e+00	4.3982297150257104e+00
3.7625000000000002e+00	4.3982297150257104e+00
3.7675000000000001e+00	4.3982297150257121e+00
3.7725000000000000e+00	4.3982297150257104e+00
3.7774999999999999e+00	4.3982297150257095e+00
3.7825000000000002e+00	4.3982297150257104e+00
3.7875000000000001e+00	4.3982297150257113e+00
3.7925000000000000e+00	4.3982297150257113e+00
3.7974999999999999e+00	4.3982297150257095e+00
3.8025000000000002e+00	4.3982297150257104e+00
3.8075000000000001e+00	4.3982297150257095e+00
3.8125000000000000e+00	4.3982297150257113e+00
3.8174999999999999e+00	4.3982297150257086e+00
3.8225000000000002e+00	4.3982297150257104e+00
3.8275000000000001e+00	4.3982297150257121e+00
3.8325000000000000e+00	4.3982297150257104e+00
3.8374999999999999e+00	4.3982297150257104e+00
3.8425000000000002e+00	4.3982297150257113e+00
3.8475000000000001e+00	4.3982297150257095e+00
3.8525000000000000e+00	4.3982297150257104e+00
3.8574999999999999e+00	4.3982297150257104e+00
3.8625000000000003e+00	4.3982297150257095e+00
3.8675000000000002e+00	4.3982297150257104e+00
3.8725000000000001e+00	4.3982297150257104e+00
3.8774999999999999e+00	4.3982297150257104e+00
3.8825000000000003e+00	4.3982297150257095e+00
3.8875000000000002e+00	4.3982297150257104e+00
3.8925000000000001e+00	4.3982297150257095e+00
3.8975000000000000e+00	4.3982297150257104e+00
3.9025000000000003e+00	4.3982297150257095e+00
3.9075000000000002e+00	4.3982297150257095e+00
3.9125000000000001e+00	4.3982297150257104e+00
3.9175000000000000e+00	4.3982297150257104e+00
3.9224999999999999e+00	4.3982297150257104e+00
3.9275000000000002e+00	4.3982297150257104e+00
3.9325000000000001e+00	4.3982297150257113e+00
3.9375000000000000e+00	4.3982297150257113e+00
3.9424999999999999e+00	4.3982297150257104e+00
3.9475000000000002e+00	4.3982297150257104e+00
3.9525000000000001e+00	4.3982297150257104e+00
3.9575000000000000e+00	4.3982297150257095e+00
3.9624999999999999e+00	4.3982297150257104e+00
3.9675000000000002e+00	4.3982297150257104e+00
3.9725000000000001e+00	4.3982297150257104e+00
3.9775000000000000e+00	4.3982297150257104e+00
3.9824999999999999e+00	4.3982297150257104e+00
3.9875000000000003e+00	4.3982297150257104e+00
3.9925000000000002e+00	4.3982297150257104e+00
3.9975000000000001e+00	4.3982297150257104e+00
4.0025000000000004e+00	4.3982297150257104e+00
4.0075000000000003e+00	4.3982297150257104e+00
4.0125000000000002e+00	4.3982297150257104e+00
4.0175000000000001e+00	4.3982297150257113e+00
4.0225000000000000e+00	4.3982297150257104e+00
4.0274999999999999e+00	4.3982297150257095e+00
4.0324999999999998e+00	4.3982297150257104e+00
4.0374999999999996e+00	4.3982297150257113e+00
4.0425000000000004e+00	4.3982297150257104e+00
4.0475000000000003e+00	4.3982297150257104e+00
4.0525000000000002e+00	4.3982297150257104e+00
4.0575000000000001e+00	4.3982297150257113e+00
4.0625000000000000e+00	4.3982297150257104e+00
4.0674999999999999e+00	4.3982297150257104e+00
4.0724999999999998e+00	4.3982297150257104e+00
4.0774999999999997e+00	4.3982297150257113e+00
4.0825000000000005e+00	4.3982297150257104e+00
4.0875000000000004e+00	4.3982297150257104e+00
4.0925000000000002e+00	4.3982297150257095e+00
4.0975000000000001e+00	4.3982297150257104e+00
4.1025000000000000e+00	4.3982297150257104e+00
4.1074999999999999e+00	4.3982297150257113e+00
4.1124999999999998e+00	4.3982297150257095e+00
4.1174999999999997e+00	4.3982297150257104e+00
4.1225000000000005e+00	4.3982297150257121e+00
4.1275000000000004e+00	4.3982297150257104e+00
4.1325000000000003e+00	4.3982297150257104e+00
4.1375000000000002e+00	4.3982297150257104e+00
4.1425000000000001e+00	4.3982297150257104e+00
4.1475000000000000e+00	4.3982297150257113e+00
4.1524999999999999e+00	4.3982297150257104e+00
4.1574999999999998e+00	4.3982297150257113e+00
4.1624999999999996e+00	4.3982297150257113e+00
4.1675000000000004e+00	4.3982297150257086e+00
4.1725000000000003e+00	4.3982297150257104e+00
4.1775000000000002e+00	4.3982297150257113e+00
4.1825000000000001e+00	4.3982297150257113e+00
4.1875000000000000e+00	4.3982297150257104e+00
4.1924999999999999e+00	4.3982297150257113e+00
4.1974999999999998e+00	4.3982297150257104e+00
4.2024999999999997e+00	4.3982297150257104e+00
4.2075000000000005e+00	4.3982297150257104e+00
4.2125000000000004e+00	4.3982297150257113e+00
4.2175000000000002e+00	4.3982297150257104e+00
4.2225000000000001e+00	4.3982297150257113e+00
4.2275000000000000e+00	4.3982297150257104e+00
4.2324999999999999e+00	4.3982297150257095e+00
4.2374999999999998e+00	4.3982297150257104e+00
4.2424999999999997e+00	4.3982297150257104e+00
4.2475000000000005e+00	4.3982297150257104e+00
4.2525000000000004e+00	4.3982297150257104e+00
4.2575000000000003e+00	4.3982297150257104e+00
4.2625000000000002e+00	4.3982297150257104e+00
4.2675000000000001e+00	4.3982297150257104e+00
4.2725000000000000e+00	4.3982297150257104e+00
4.2774999999999999e+00	4.3982297150257113e+00
4.2824999999999998e+00	4.3982297150257104e+00
4.2875000000000005e+00	4.3982297150257104e+00
4.2925000000000004e+00	4.3982297150257104e+00
4.2975000000000003e+00	4.3982297150257113e+00
4.3025000000000002e+00	4.3982297150257113e+00
4.3075000000000001e+00	4.3982297150257113e+00
4.3125000000000000e+00	4.3982297150257104e+00
4.3174999999999999e+00	4.3982297150257095e+00
4.3224999999999998e+00	4.3982297150257104e+00
4.3274999999999997e+00	4.3982297150257113e+00
4.3325000000000005e+00	4.3982297150257113e+00
4.3375000000000004e+00	4.3982297150257113e+00
4.3425000000000002e+00	4.3982297150257104e+00
4.3475000000000001e+00	4.3982297150257095e+00
4.3525000000000000e+00	4.3982297150257104e+00
4.3574999999999999e+00	4.3982297150257104e+00
4.3624999999999998e+00	4.3982297150257113e+00
4.3674999999999997e+00	4.3982297150257104e+00
4.3725000000000005e+00	4.3982297150257104e+00
4.3775000000000004e+00	4.3982297150257104e+00
4.3825000000000003e+00	4.3982297150257104e+00
4.3875000000000002e+00	4.3982297150257104e+00
4.3925000000000001e+00	4.3982297150257104e+00
4.3975000000000000e+00	4.3982297150257095e+00
4.4024999999999999e+00	4.3982297150257104e+00
4.4074999999999998e+00	4.3982297150257095e+00
4.4125000000000005e+00	4.3982297150257095e+00
4.4175000000000004e+00	4.3982297150257104e+00
4.4225000000000003e+00	4.3982297150257104e+00
4.4275000000000002e+00	4.3982297150257104e+00
4.4325000000000001e+00	4.3982297150257104e+00
4.4375000000000000e+00	4.3982297150257095e+00
4.4424999999999999e+00	4.3982297150257104e+00
4.4474999999999998e+00	4.3982297150257104e+00
4.4524999999999997e+00	4.3982297150257104e+00
4.4575000000000005e+00	4.3982297150257104e+00
4.4625000000000004e+00	4.3982297150257104e+00
4.4675000000000002e+00	4.3982297150257104e+00
4.4725000000000001e+00	4.3982297150257104e+00
4.4775000000000000e+00	4.3982297150257104e+00
4.4824999999999999e+00	4.3982297150257104e+00
4.4874999999999998e+00	4.3982297150257113e+00
4.4924999999999997e+00	4.3982297150257104e+00
4.4975000000000005e+00	4.3982297150257104e+00
4.5025000000000004e+00	4.3982297150257104e+00
4.5075000000000003e+00	4.3982297150257104e+00
4.5125000000000002e+00	4.3982297150257095e+00
4.5175000000000001e+00	4.3982297150257086e+00
4.5225000000000000e+00	4.3982297150257113e+00
4.5274999999999999e+00	4.3982297150257104e+00
4.5324999999999998e+00	4.3982297150257130e+00
4.5375000000000005e+00	4.3982297150257121e+00
4.5425000000000004e+00	4.3982297150257130e+00
4.5475000000000003e+00	4.3982297150257104e+00
4.5525000000000002e+00	4.3982297150257113e+00
4.5575000000000001e+00	4.3982297150257121e+00
4.5625000000000000e+00	4.3982297150257104e+00
4.5674999999999999e+00	4.3982297150257077e+00
4.5724999999999998e+00	4.3982297150257121e+00
4.5774999999999997e+00	4.3982297150257095e+00
4.5825000000000005e+00	4.3982297150257113e+00
4.5875000000000004e+00	4.3982297150257068e+00
4.5925000000000002e+00	4.3982297150257095e+00
4.5975000000000001e+00	4.3982297150257095e+00
4.6025000000000000e+00	4.3982297150257113e+00
4.6074999999999999e+00	4.3982297150257095e+00
4.6124999999999998e+00	4.3982297150257095e+00
4.6174999999999997e+00	4.3982297150257113e+00
4.6225000000000005e+00	4.3982297150257095e+00
4.6275000000000004e+00	4.3982297150257095e+00
4.6325000000000003e+00	4.3982297150257086e+00
4.6375000000000002e+00	4.3982297150257086e+00
4.6425000000000001e+00	4.3982297150257104e+00
4.6475000000000000e+00	4.3982297150257104e+00
4.6524999999999999e+00	4.3982297150257086e+00
4.6574999999999998e+00	4.3982297150257113e+00
4.6625000000000005e+00	4.3982297150257104e+00
4.6675000000000004e+00	4.3982297150257095e+00
4.6725000000000003e+00	4.3982297150257104e+00
4.6775000000000002e+00	4.3982297150257086e+00
4.6825000000000001e+00	4.3982297150257086e+00
4.6875000000000000e+00	4.3982297150257086e+00
4.6924999999999999e+00	4.3982297150257086e+00
4.6974999999999998e+00	4.3982297150257139e+00
4.7024999999999997e+00	4.3982297150257104e+00
4.7075000000000005e+00	4.3982297150257121e+00
4.7125000000000004e+00	4.3982297150257086e+00
4.7175000000000002e+00	4.3982297150257104e+00
4.7225000000000001e+00	4.3982297150257104e+00
4.7275000000000000e+00	4.3982297150257104e+00
4.7324999999999999e+00	4.3982297150257121e+00
4.7374999999999998e+00	4.3982297150257095e+00
4.7424999999999997e+00	4.3982297150257121e+00
4.7475000000000005e+00	4.3982297150257130e+00
4.7525000000000004e+00	4.3982297150257095e+00
4.7575000000000003e+00	4.3982297150257104e+00
4.7625000000000002e+00	4.3982297150257104e+00
4.7675000000000001e+00	4.3982297150257121e+00
4.7725000000000000e+00	4.3982297150257104e+00
4.7774999999999999e+00	4.3982297150257095e+00
4.7824999999999998e+00	4.3982297150257104e+00
4.7875000000000005e+00	4.3982297150257113e+00
4.7925000000000004e+00	4.3982297150257113e+00
4.7975000000000003e+00	4.3982297150257095e+00
4.8025000000000002e+00	4.3982297150257104e+00
4.8075000000000001e+00	4.3982297150257095e+00
4.8125000000000000e+00	4.3982297150257113e+00
4.8174999999999999e+00	4.3982297150257086e+00
4.8224999999999998e+00	4.3982297150257104e+00
4.8274999999999997e+00	4.3982297150257121e+00
4.8325000000000005e+00	4.3982297150257104e+00
4.8375000000000004e+00	4.3982297150257104e+00
4.8425000000000002e+00	4.3982297150257113e+00
4.8475000000000001e+00	4.3982297150257095e+00
4.8525000000000000e+00	4.3982297150257104e+00
4.8574999999999999e+00	4.3982297150257104e+00
4.8624999999999998e+00	4.3982297150257095e+00
4.8674999999999997e+00	4.3982297150257104e+00
4.8725000000000005e+00	4.3982297150257104e+00
4.8775000000000004e+00	4.3982297150257104e+00
4.8825000000000003e+00	4.3982297150257095e+00
4.8875000000000002e+00	4.3982297150257104e+00
4.8925000000000001e+00	4.3982297150257095e+00
4.8975000000000000e+00	4.3982297150257104e+00
4.9024999999999999e+00	4.3982297150257095e+00
4.9074999999999998e+00	4.3982297150257095e+00
4.9125000000000005e+00	4.3982297150257104e+00
4.9175000000000004e+00	4.3982297150257104e+00
4.9225000000000003e+00	4.3982297150257104e+00
4.9275000000000002e+00	4.3982297150257104e+00
4.9325000000000001e+00	4.3982297150257113e+00
4.9375000000000000e+00	4.3982297150257113e+00
4.9424999999999999e+00	4.3982297150257104e+00
4.9474999999999998e+00	4.3982297150257104e+00
4.9524999999999997e+00	4.3982297150257104e+00
4.9575000000000005e+00	4.3982297150257095e+00
4.9625000000000004e+00	4.3982297150257104e+00
4.9675000000000002e+00	4.3982297150257104e+00
4.9725000000000001e+00	4.3982297150257104e+00
4.9775000000000000e+00	4.3982297150257104e+00
4.9824999999999999e+00	4.3982297150257104e+00
4.9874999999999998e+00	4.3982297150257104e+00
4.9924999999999997e+00	4.3982297150257104e+00
4.9975000000000005e+00	4.3982297150257104e+00
5.0025000000000004e+00	4.3982297150257104e+00
5.0075000000000003e+00	4.3982297150257104e+00
5.0125000000000002e+00	4.3982297150257104e+00
5.0175000000000001e+00	4.3982297150257113e+00
5.0225000000000000e+00	4.3982297150257104e+00
5.0274999999999999e+00	4.3982297150257095e+00
5.0324999999999998e+00	4.3982297150257104e+00
5.0375000000000005e+00	4.3982297150257113e+00
5.0425000000000004e+00	4.3982297150257104e+00
5.0475000000000003e+00	4.3982297150257104e+00
5.0525000000000002e+00	4.3982297150257104e+00
5.0575000000000001e+00	4.3982297150257113e+00
5.0625000000000000e+00	4.3982297150257104e+00
5.0674999999999999e+00	4.3982297150257104e+00
5.0724999999999998e+00	4.3982297150257104e+00
5.0774999999999997e+00	4.3982297150257113e+00
5.0825000000000005e+00	4.3982297150257104e+00
5.0875000000000004e+00	4.3982297150257104e+00
5.0925000000000002e+00	4.3982297150257095e+00
5.0975000000000001e+00	4.3982297150257104e+00
5.1025000000000000e+00	4.3982297150257104e+00
5.1074999999999999e+00	4.3982297150257113e+00
5.1124999999999998e+00	4.3982297150257095e+00
5.1174999999999997e+00	4.3982297150257104e+00
5.1225000000000005e+00	4.3982297150257121e+00
5.1275000000000004e+00	4.3982297150257104e+00
5.1325000000000003e+00	4.3982297150257104e+00
5.1375000000000002e+00	4.3982297150257104e+00
5.1425000000000001e+00	4.3982297150257104e+00
5.1475000000000000e+00	4.3982297150257113e+00
5.1524999999999999e+00	4.3982297150257104e+00
5.1574999999999998e+00	4.3982297150257113e+00
5.1625000000000005e+00	4.3982297150257113e+00
5.1675000000000004e+00	4.3982297150257086e+00
5.1725000000000003e+00	4.3982297150257104e+00
5.1775000000000002e+00	4.3982297150257113e+00
5.1825000000000001e+00	4.3982297150257113e+00
5.1875000000000000e+00	4.3982297150257104e+00
5.1924999999999999e+00	4.3982297150257113e+00
5.1974999999999998e+00	4.3982297150257104e+00
5.2024999999999997e+00	4.3982297150257104e+00
5.2075000000000005e+00	4.3982297150257104e+00
5.2125000000000004e+00	4.3982297150257113e+00
5.2175000000000002e+00	4.3982297150257104e+00
5.2225000000000001e+00	4.3982297150257113e+00
5.2275000000000000e+00	4.3982297150257104e+00
5.2324999999999999e+00	4.3982297150257095e+00
5.2374999999999998e+00	4.3982297150257104e+00
5.2424999999999997e+00	4.3982297150257104e+00
5.2475000000000005e+00	4.3982297150257104e+00
5.2525000000000004e+00	4.3982297150257104e+00
5.2575000000000003e+00	4.3982297150257104e+00
5.2625000000000002e+00	4.3982297150257104e+00
5.2675000000000001e+00	4.3982297150257104e+00
5.2725000000000000e+00	4.3982297150257104e+00
5.2774999999999999e+00	4.3982297150257113e+00
5.2824999999999998e+00	4.3982297150257104e+00
5.2875000000000005e+00	4.3982297150257104e+00
5.2925000000000004e+00	4.3982297150257104e+00
5.2975000000000003e+00	4.3982297150257113e+00
5.3025000000000002e+00	4.3982297150257113e+00
5.3075000000000001e+00	4.3982297150257113e+00
5.3125000000000000e+00	4.3982297150257104e+00
5.3174999999999999e+00	4.3982297150257095e+00
5.3224999999999998e+00	4.3982297150257104e+00
5.3274999999999997e+00	4.3982297150257113e+00
5.3325000000000005e+00	4.3982297150257113e+00
5.3375000000000004e+00	4.3982297150257113e+00
5.3425000000000002e+00	4.3982297150257104e+00
5.3475000000000001e+00	4.3982297150257095e+00
5.3525000000000000e+00	4.3982297150257104e+00
5.3574999999999999e+00	4.3982297150257104e+00
5.3624999999999998e+00	4.3982297150257113e+00
5.3674999999999997e+00	4.3982297150257104e+00
5.3725000000000005e+00	4.3982297150257104e+00
5.3775000000000004e+00	4.3982297150257104e+00
5.3825000000000003e+00	4.3982297150257104e+00
5.3875000000000002e+00	4.3982297150257104e+00
5.3925000000000001e+00	4.3982297150257104e+00
5.3975000000000000e+00	4.3982297150257095e+00
5.4024999999999999e+00	4.3982297150257104e+00
5.4074999999999998e+00	4.3982297150257095e+00
5.4125000000000005e+00	4.3982297150257095e+00
5.4175000000000004e+00	4.3982297150257104e+00
5.4225000000000003e+00	4.3982297150257104e+00
5.4275000000000002e+00	4.3982297150257104e+00
5.4325000000000001e+00	4.3982297150257104e+00
5.4375000000000000e+00	4.3982297150257095e+00
5.4424999999999999e+00	4.3982297150257104e+00
5.4474999999999998e+00	4.3982297150257104e+00
5.4524999999999997e+00	4.3982297150257104e+00
5.4575000000000005e+00	4.3982297150257104e+00
5.4625000000000004e+00	4.3982297150257104e+00
5.4675000000000002e+00	4.3982297150257104e+00
5.4725000000000001e+00	4.3982297150257104e+00
5.4775000000000000e+00	4.3982297150257104e+00
5.4824999999999999e+00	4.3982297150257104e+00
5.4874999999999998e+00	4.3982297150257113e+00
5.4924999999999997e+00	4.3982297150257104e+00
5.4975000000000005e+00	4.3982297150257104e+00
5.5025000000000004e+00	4.3982297150257104e+00
5.5075000000000003e+00	4.3982297150257104e+00
5.5125000000000002e+00	4.3982297150257095e+00
5.5175000000000001e+00	4.3982297150257086e+00
5.5225000000000000e+00	4.3982297150257113e+00
5.5274999999999999e+00	4.3982297150257104e+00
5.5324999999999998e+00	4.3982297150257130e+00
5.5375000000000005e+00	4.3982297150257121e+00
5.5425000000000004e+00	4.3982297150257130e+00
5.5475000000000003e+00	4.3982297150257104e+00
5.5525000000000002e+00	4.3982297150257113e+00
5.5575000000000001e+00	4.3982297150257121e+00
5.5625000000000000e+00	4.3982297150257104e+00
5.5674999999999999e+00	4.3982297150257077e+00
5.5724999999999998e+00	4.3982297150257121e+00
5.5774999999999997e+00	4.3982297150257095e+00
5.5825000000000005e+00	4.3982297150257113e+00
5.5875000000000004e+00	4.3982297150257068e+00
5.5925000000000002e+00	4.3982297150257095e+00
5.5975000000000001e+00	4.3982297150257095e+00
5.6025000000000000e+00	4.3982297150257113e+00
5.6074999999999999e+00	4.3982297150257095e+00
5.6124999999999998e+00	4.3982297150257095e+00
5.6174999999999997e+00	4.3982297150257113e+00
5.6225000000000005e+00	4.3982297150257095e+00
5.6275000000000004e+00	4.3982297150257095e+00
5.6325000000000003e+00	4.3982297150257086e+00
5.6375000000000002e+00	4.3982297150257086e+00
5.6425000000000001e+00	4.3982297150257104e+00
5.6475000000000000e+00	4.3982297150257104e+00
5.6524999999999999e+00	4.3982297150257086e+00
5.6574999999999998e+00	4.3982297150257113e+00
5.6625000000000005e+00	4.3982297150257104e+00
5.6675000000000004e+00	4.3982297150257095e+00
5.6725000000000003e+00	4.3982297150257104e+00
5.6775000000000002e+00	4.3982297150257086e+00
5.6825000000000001e+00	4.3982297150257086e+00
5.6875000000000000e+00	4.3982297150257086e+00
5.6924999999999999e+00	4.3982297150257086e+00
5.6974999999999998e+00	4.3982297150257139e+00
5.7024999999999997e+00	4.3982297150257104e+00
5.7075000000000005e+00	4.3982297150257121e+00
5.7125000000000004e+00	4.3982297150257086e+00
5.7175000000000002e+00	4.3982297150257104e+00
5.7225000000000001e+00	4.3982297150257104e+00
5.7275000000000000e+00	4.3982297150257104e+00
5.7324999999999999e+00	4.3982297150257121e+00
5.7374999999999998e+00	4.3982297150257095e+00
5.7424999999999997e+00	4.3982297150257121e+00
5.7475000000000005e+00	4.3982297150257130e+00
5.7525000000000004e+00	4.3982297150257095e+00
5.7575000000000003e+00	4.3982297150257104e+00
5.7625000000000002e+00	4.3982297150257104e+00
5.7675000000000001e+00	4.3982297150257121e+00
5.7725000000000000e+00	4.3982297150257104e+00
5.7774999999999999e+00	4.3982297150257095e+00
5.7824999999999998e+00	4.3982297150257104e+00
5.7875000000000005e+00	4.3982297150257113e+00
5.7925000000000004e+00	4.3982297150257113e+00
5.7975000000000003e+00	4.3982297150257095e+00
5.8025000000000002e+00	4.3982297150257104e+00
5.8075000000000001e+00	4.3982297150257095e+00
5.8125000000000000e+00	4.3982297150257113e+00
5.8174999999999999e+00	4.3982297150257086e+00
5.8224999999999998e+00	4.3982297150257104e+00
5.8274999999999997e+00	4.3982297150257121e+00
5.8325000000000005e+00	4.3982297150257104e+00
5.8375000000000004e+00	4.3982297150257104e+00
5.8425000000000002e+00	4.3982297150257113e+00
5.8475000000000001e+00	4.3982297150257095e+00
5.8525000000000000e+00	4.3982297150257104e+00
5.8574999999999999e+00	4.3982297150257104e+00
5.8624999999999998e+00	4.3982297150257095e+00
5.8674999999999997e+00	4.3982297150257104e+00
5.8725000000000005e+00	4.3982297150257104e+00
5.8775000000000004e+00	4.3982297150257104e+00
5.8825000000000003e+00	4.3982297150257095e+00
5.8875000000000002e+00	4.3982297150257104e+00
5.8925000000000001e+00	4.3982297150257095e+00
5.8975000000000000e+00	4.3982297150257104e+00
5.9024999999999999e+00	4.3982297150257095e+00
5.9074999999999998e+00	4.3982297150257095e+00
5.9125000000000005e+00	4.3982297150257104e+00
5.9175000000000004e+00	4.3982297150257104e+00
5.9225000000000003e+00	4.3982297150257104e+00
5.9275000000000002e+00	4.3982297150257104e+00
5.9325000000000001e+00	4.3982297150257113e+00
5.9375000000000000e+00	4.3982297150257113e+00
5.9424999999999999e+00	4.3982297150257104e+00
5.9474999999999998e+00	4.3982297150257104e+00
5.9524999999999997e+00	4.3982297150257104e+00
5.9575000000000005e+00	4.3982297150257095e+00
5.9625000000000004e+00	4.3982297150257104e+00
5.9675000000000002e+00	4.3982297150257104e+00
5.9725000000000001e+00	4.3982297150257104e+00
5.9775000000000000e+00	4.3982297150257104e+00
5.9824999999999999e+00	4.3982297150257104e+00
5.9874999999999998e+00	4.3982297150257104e+00
5.9924999999999997e+00	4.3982297150257104e+00
5.9975000000000005e+00	4.3982297150257104e+00
6.0025000000000004e+00	4.3982297150257104e+00
6.0075000000000003e+00	4.3982297150257104e+00
6.0125000000000002e+00	4.3982297150257104e+00
6.0175000000000001e+00	4.3982297150257113e+00
6.0225000000000000e+00	4.3982297150257104e+00
6.0274999999999999e+00	4.3982297150257095e+00
6.0324999999999998e+00	4.3982297150257104e+00
6.0375000000000005e+00	4.3982297150257113e+00
6.0425000000000004e+00	4.3982297150257104e+00
6.0475000000000003e+00	4.3982297150257104e+00
6.0525000000000002e+00	4.3982297150257104e+00
6.0575000000000001e+00	4.3982297150257113e+00
6.0625000000000000e+00	4.3982297150257104e+00
6.0674999999999999e+00	4.3982297150257104e+00
6.0724999999999998e+00	4.3982297150257104e+00
6.0775000000000006e+00	4.3982297150257113e+00
6.0825000000000005e+00	4.3982297150257104e+00
6.0875000000000004e+00	4.3982297150257104e+00
6.0925000000000002e+00	4.3982297150257095e+00
6.0975000000000001e+00	4.3982297150257104e+00
6.1025000000000000e+00	4.3982297150257104e+00
6.1074999999999999e+00	4.3982297150257113e+00
6.1124999999999998e+00	4.3982297150257095e+00
6.1174999999999997e+00	4.3982297150257104e+00
6.1225000000000005e+00	4.3982297150257121e+00
6.1275000000000004e+00	4.3982297150257104e+00
6.1325000000000003e+00	4.3982297150257104e+00
6.1375000000000002e+00	4.3982297150257104e+00
6.1425000000000001e+00	4.3982297150257104e+00
6.1475000000000000e+00	4.3982297150257113e+00
6.1524999999999999e+00	4.3982297150257104e+00
6.1574999999999998e+00	4.3982297150257113e+00
6.1625000000000005e+00	4.3982297150257113e+00
6.1675000000000004e+00	4.3982297150257086e+00
6.1725000000000003e+00	4.3982297150257104e+00
6.1775000000000002e+00	4.3982297150257113e+00
6.1825000000000001e+00	4.3982297150257113e+00
6.1875000000000000e+00	4.3982297150257104e+00
6.1924999999999999e+00	4.3982297150257113e+00
6.1974999999999998e+00	4.3982297150257104e+00
6.2025000000000006e+00	4.3982297150257104e+00
6.2075000000000005e+00	4.3982297150257104e+00
6.2125000000000004e+00	4.3982297150257113e+00
6.2175000000000002e+00	4.3982297150257104e+00
6.2225000000000001e+00	4.3982297150257113e+00
6.2275000000000000e+00	4.3982297150257104e+00
6.2324999999999999e+00	4.3982297150257095e+00
6.2374999999999998e+00	4.3982297150257104e+00
6.2424999999999997e+00	4.3982297150257104e+00
6.2475000000000005e+00	4.3982297150257104e+00
6.2525000000000004e+00	4.3982297150257104e+00
6.2575000000000003e+00	4.3982297150257104e+00
6.2625000000000002e+00	4.3982297150257104e+00
6.2675000000000001e+00	4.3982297150257104e+00
6.2725000000000000e+00	4.3982297150257104e+00
6.2774999999999999e+00	4.3982297150257113e+00
6.2824999999999998e+00	4.3982297150257104e+00
6.2875000000000005e+00	4.3982297150257104e+00
6.2925000000000004e+00	4.3982297150257104e+00
6.2975000000000003e+00	4.3982297150257113e+00
6.3025000000000002e+00	4.3982297150257113e+00
6.3075000000000001e+00	4.3982297150257113e+00
6.3125000000000000e+00	4.3982297150257104e+00
6.3174999999999999e+00	4.3982297150257095e+00
6.3224999999999998e+00	4.3982297150257104e+00
6.3275000000000006e+00	4.3982297150257113e+00
6.3325000000000005e+00	4.3982297150257113e+00
6.3375000000000004e+00	4.3982297150257113e+00
6.3425000000000002e+00	4.3982297150257104e+00
6.3475000000000001e+00	4.3982297150257095e+00
6.3525000000000000e+00	4.3982297150257104e+00
6.3574999999999999e+00	4.3982297150257104e+00
6.3624999999999998e+00	4.3982297150257113e+00
6.3674999999999997e+00	4.3982297150257104e+00
6.3725000000000005e+00	4.3982297150257104e+00
6.3775000000000004e+00	4.3982297150257104e+00
6.3825000000000003e+00	4.3982297150257104e+00
6.3875000000000002e+00	4.3982297150257104e+00
6.3925000000000001e+00	4.3982297150257104e+00
6.3975000000000000e+00	4.3982297150257095e+00
6.4024999999999999e+00	4.3982297150257104e+00
6.4074999999999998e+00	4.3982297150257095e+00
6.4125000000000005e+00	4.3982297150257095e+00
6.4175000000000004e+00	4.3982297150257104e+00
6.4225000000000003e+00	4.3982297150257104e+00
6.4275000000000002e+00	4.3982297150257104e+00
6.4325000000000001e+00	4.3982297150257104e+00
6.4375000000000000e+00	4.3982297150257095e+00
6.4424999999999999e+00	4.3982297150257104e+00
6.4474999999999998e+00	4.3982297150257104e+00
6.4525000000000006e+00	4.3982297150257104e+00
6.4575000000000005e+00	4.3982297150257104e+00
6.4625000000000004e+00	4.3982297150257104e+00
6.4675000000000002e+00	4.3982297150257104e+00
6.4725000000000001e+00	4.3982297150257104e+00
6.4775000000000000e+00	4.3982297150257104e+00
6.4824999999999999e+00	4.3982297150257104e+00
6.4874999999999998e+00	4.3982297150257113e+00
6.4924999999999997e+00	4.3982297150257104e+00
6.4975000000000005e+00	4.3982297150257104e+00
6.5025000000000004e+00	4.3982297150257104e+00
6.5075000000000003e+00	4.3982297150257104e+00
6.5125000000000002e+00	4.3982297150257095e+00
6.5175000000000001e+00	4.3982297150257086e+00
6.5225000000000000e+00	4.3982297150257113e+00
6.5274999999999999e+00	4.3982297150257104e+00
6.5324999999999998e+00	4.3982297150257130e+00
6.5375000000000005e+00	4.3982297150257121e+00
6.5425000000000004e+00	4.3982297150257130e+00
6.5475000000000003e+00	4.3982297150257104e+00
6.5525000000000002e+00	4.3982297150257113e+00
6.5575000000000001e+00	4.3982297150257121e+00
6.5625000000000000e+00	4.3982297150257104e+00
6.5674999999999999e+00	4.3982297150257077e+00
6.5724999999999998e+00	4.3982297150257121e+00
6.5775000000000006e+00	4.3982297150257095e+00
6.5825000000000005e+00	4.3982297150257113e+00
6.5875000000000004e+00	4.3982297150257068e+00
6.5925000000000002e+00	4.3982297150257095e+00
6.5975000000000001e+00	4.3982297150257095e+00
6.6025000000000000e+00	4.3982297150257113e+00
6.6074999999999999e+00	4.3982297150257095e+00
6.6124999999999998e+00	4.3982297150257095e+00
6.6174999999999997e+00	4.3982297150257113e+00
6.6225000000000005e+00	4.3982297150257095e+00
6.6275000000000004e+00	4.3982297150257095e+00
6.6325000000000003e+00	4.3982297150257086e+00
6.6375000000000002e+00	4.3982297150257086e+00
6.6425000000000001e+00	4.3982297150257104e+00
6.6475000000000000e+00	4.3982297150257104e+00
6.6524999999999999e+00	4.3982297150257086e+00
6.6574999999999998e+00	4.3982297150257113e+00
6.6625000000000005e+00	4.3982297150257104e+00
6.6675000000000004e+00	4.3982297150257095e+00
6.6725000000000003e+00	4.3982297150257104e+00
6.6775000000000002e+00	4.3982297150257086e+00
6.6825000000000001e+00	4.3982297150257086e+00
6.6875000000000000e+00	4.3982297150257086e+00
6.6924999999999999e+00	4.3982297150257086e+00
6.6974999999999998e+00	4.3982297150257139e+00
6.7025000000000006e+00	4.3982297150257104e+00
6.7075000000000005e+00	4.3982297150257121e+00
6.7125000000000004e+00	4.3982297150257086e+00
6.7175000000000002e+00	4.3982297150257104e+00
6.7225000000000001e+00	4.3982297150257104e+00
6.7275000000000000e+00	4.3982297150257104e+00
6.7324999999999999e+00	4.3982297150257121e+00
6.7374999999999998e+00	4.3982297150257095e+00
6.7424999999999997e+00	4.3982297150257121e+00
6.7475000000000005e+00	4.3982297150257130e+00
6.7525000000000004e+00	4.3982297150257095e+00
6.7575000000000003e+00	4.3982297150257104e+00
6.7625000000000002e+00	4.3982297150257104e+00
6.7675000000000001e+00	4.3982297150257121e+00
6.7725000000000000e+00	4.3982297150257104e+00
6.7774999999999999e+00	4.3982297150257095e+00
6.7824999999999998e+00	4.3982297150257104e+00
6.7875000000000005e+00	4.3982297150257113e+00
6.7925000000000004e+00	4.3982297150257113e+00
6.7975000000000003e+00	4.3982297150257095e+00
6.8025000000000002e+00	4.3982297150257104e+00
6.8075000000000001e+00	4.3982297150257095e+00
6.8125000000000000e+00	4.3982297150257113e+00
6.8174999999999999e+00	4.3982297150257086e+00
6.8224999999999998e+00	4.3982297150257104e+00
6.8275000000000006e+00	4.3982297150257121e+00
6.8325000000000005e+00	4.3982297150257104e+00
6.8375000000000004e+00	4.3982297150257104e+00
6.8425000000000002e+00	4.3982297150257113e+00
6.8475000000000001e+00	4.3982297150257095e+00
6.8525000000000000e+00	4.3982297150257104e+00
6.8574999999999999e+00	4.3982297150257104e+00
6.8624999999999998e+00	4.3982297150257095e+00
6.8674999999999997e+00	4.3982297150257104e+00
6.8725000000000005e+00	4.3982297150257104e+00
6.8775000000000004e+00	4.3982297150257104e+00
6.8825000000000003e+00	4.3982297150257095e+00
6.8875000000000002e+00	4.3982297150257104e+00
6.8925000000000001e+00	4.3982297150257095e+00
6.8975000000000000e+00	4.3982297150257104e+00
6.9024999999999999e+00	4.3982297150257095e+00
6.9074999999999998e+00	4.3982297150257095e+00
6.9125000000000005e+00	4.3982297150257104e+00
6.9175000000000004e+00	4.3982297150257104e+00
6.9225000000000003e+00	4.3982297150257104e+00
6.9275000000000002e+00	4.3982297150257104e+00
6.9325000000000001e+00	4.3982297150257113e+00
6.9375000000000000e+00	4.3982297150257113e+00
6.9424999999999999e+00	4.3982297150257104e+00
6.9474999999999998e+00	4.3982297150257104e+00
6.9525000000000006e+00	4.3982297150257104e+00
6.9575000000000005e+00	4.3982297150257095e+00
6.9625000000000004e+00	4.3982297150257104e+00
6.9675000000000002e+00	4.3982297150257104e+00
6.9725000000000001e+00	4.3982297150257104e+00
6.9775000000000000e+00	4.3982297150257104e+00
6.9824999999999999e+00	4.3982297150257104e+00
6.9874999999999998e+00	4.3982297150257104e+00
6.9924999999999997e+00	4.3982297150257104e+00
6.9975000000000005e+00	4.3982297150257104e+00
7.0025000000000004e+00	4.3982297150257104e+00
7.0075000000000003e+00	4.3982297150257104e+00
7.0125000000000002e+00	4.3982297150257104e+00
7.0175000000000001e+00	4.3982297150257113e+00
7.0225000000000000e+00	4.3982297150257104e+00
7.0274999999999999e+00	4.3982297150257095e+00
7.0324999999999998e+00	4.3982297150257104e+00
7.0375000000000005e+00	4.3982297150257113e+00
7.0425000000000004e+00	4.3982297150257104e+00
7.0475000000000003e+00	4.3982297150257104e+00
7.0525000000000002e+00	4.3982297150257104e+00
7.0575000000000001e+00	4.3982297150257113e+00
7.0625000000000000e+00	4.3982297150257104e+00
7.0674999999999999e+00	4.3982297150257104e+00
7.0724999999999998e+00	4.3982297150257104e+00
7.0775000000000006e+00	4.3982297150257113e+00
7.0825000000000005e+00	4.3982297150257104e+00
7.0875000000000004e+00	4.3982297150257104e+00
7.0925000000000002e+00	4.3982297150257095e+00
7.0975000000000001e+00	4.3982297150257104e+00
7.1025000000000000e+00	4.3982297150257104e+00
7.1074999999999999e+00	4.3982297150257113e+00
7.1124999999999998e+00	4.3982297150257095e+00
7.1174999999999997e+00	4.3982297150257104e+00
7.1225000000000005e+00	4.3982297150257121e+00
7.1275000000000004e+00	4.3982297150257104e+00
7.1325000000000003e+00	4.3982297150257104e+00
7.1375000000000002e+00	4.3982297150257104e+00
7.1425000000000001e+00	4.3982297150257104e+00
7.1475000000000000e+00	4.3982297150257113e+00
7.1524999999999999e+00	4.3982297150257104e+00
7.1574999999999998e+00	4.3982297150257113e+00
7.1625000000000005e+00	4.3982297150257113e+00
7.1675000000000004e+00	4.3982297150257086e+00
7.1725000000000003e+00	4.3982297150257104e+00
7.1775000000000002e+00	4.3982297150257113e+00
7.1825000000000001e+00	4.3982297150257113e+00
7.1875000000000000e+00	4.3982297150257104e+00
7.1924999999999999e+00	4.3982297150257113e+00
7.1974999999999998e+00	4.3982297150257104e+00
7.2025000000000006e+00	4.3982297150257104e+00
7.2075000000000005e+00	4.3982297150257104e+00
7.2125000000000004e+00	4.3982297150257113e+00
7.2175000000000002e+00	4.3982297150257104e+00
7.2225000000000001e+00	4.3982297150257113e+00
7.2275000000000000e+00	4.3982297150257104e+00
7.2324999999999999e+00	4.3982297150257095e+00
7.2374999999999998e+00	4.3982297150257104e+00
7.2424999999999997e+00	4.3982297150257104e+00
7.2475000000000005e+00	4.3982297150257104e+00
7.2525000000000004e+00	4.3982297150257104e+00
7.2575000000000003e+00	4.3982297150257104e+00
7.2625000000000002e+00	4.3982297150257104e+00
7.2675000000000001e+00	4.3982297150257104e+00
7.2725000000000000e+00	4.3982297150257104e+00
7.2774999999999999e+00	4.3982297150257113e+00
7.2824999999999998e+00	4.3982297150257104e+00
7.2875000000000005e+00	4.3982297150257104e+00
7.2925000000000004e+00	4.3982297150257104e+00
7.2975000000000003e+00	4.3982297150257113e+00
7.3025000000000002e+00	4.3982297150257113e+00
7.3075000000000001e+00	4.3982297150257113e+00
7.3125000000000000e+00	4.3982297150257104e+00
7.3174999999999999e+00	4.3982297150257095e+00
7.3224999999999998e+00	4.3982297150257104e+00
7.3275000000000006e+00	4.3982297150257113e+00
7.3325000000000005e+00	4.3982297150257113e+00
7.3375000000000004e+00	4.3982297150257113e+00
7.3425000000000002e+00	4.3982297150257104e+00
7.3475000000000001e+00	4.3982297150257095e+00
7.3525000000000000e+00	4.3982297150257104e+00
7.3574999999999999e+00	4.3982297150257104e+00
7.3624999999999998e+00	4.3982297150257113e+00
7.3674999999999997e+00	4.3982297150257104e+00
7.3725000000000005e+00	4.3982297150257104e+00
7.3775000000000004e+00	4.3982297150257104e+00
7.3825000000000003e+00	4.3982297150257104e+00
7.3875000000000002e+00	4.3982297150257104e+00
7.3925000000000001e+00	4.3982297150257104e+00
7.3975000000000000e+00	4.3982297150257095e+00
7.4024999999999999e+00	4.3982297150257104e+00
7.4074999999999998e+00	4.3982297150257095e+00
7.4125000000000005e+00	4.3982297150257095e+00
7.4175000000000004e+00	4.3982297150257104e+00
7.4225000000000003e+00	4.3982297150257104e+00
7.4275000000000002e+00	4.3982297150257104e+00
7.4325000000000001e+00	4.3982297150257104e+00
7.4375000000000000e+00	4.3982297150257095e+00
7.4424999999999999e+00	4.3982297150257104e+00
7.4474999999999998e+00	4.3982297150257104e+00
7.4525000000000006e+00	4.3982297150257104e+00
7.4575000000000005e+00	4.3982297150257104e+00
7.4625000000000004e+00	4.3982297150257104e+00
7.4675000000000002e+00	4.3982297150257104e+00
7.4725000000000001e+00	4.3982297150257104e+00
7.4775000000000000e+00	4.3982297150257104e+00
7.4824999999999999e+00	4.3982297150257104e+00
7.4874999999999998e+00	4.3982297150257113e+00
7.4924999999999997e+00	4.3982297150257104e+00
7.4975000000000005e+00	4.3982297150257104e+00
7.5025000000000004e+00	4.3982297150257104e+00
7.5075000000000003e+00	4.3982297150257104e+00
7.5125000000000002e+00	4.3982297150257095e+00
7.5175000000000001e+00	4.3982297150257086e+00
7.5225000000000000e+00	4.3982297150257113e+00
7.5274999999999999e+00	4.3982297150257104e+00
7.5324999999999998e+00	4.3982297150257130e+00
7.5375000000000005e+00	4.3982297150257121e+00
7.5425000000000004e+00	4.3982297150257130e+00
7.5475000000000003e+00	4.3982297150257104e+00
7.5525000000000002e+00	4.3982297150257113e+00
7.5575000000000001e+00	4.3982297150257121e+00
7.5625000000000000e+00	4.3982297150257104e+00
7.5674999999999999e+00	4.3982297150257077e+00
7.5724999999999998e+00	4.3982297150257121e+00
7.5775000000000006e+00	4.3982297150257095e+00
7.5825000000000005e+00	4.3982297150257113e+00
7.5875000000000004e+00	4.3982297150257068e+00
7.5925000000000002e+00	4.3982297150257095e+00
7.5975000000000001e+00	4.3982297150257095e+00
7.6025000000000000e+00	4.3982297150257113e+00
7.6074999999999999e+00	4.3982297150257095e+00
7.6124999999999998e+00	4.3982297150257095e+00
7.6174999999999997e+00	4.3982297150257113e+00
7.6225000000000005e+00	4.3982297150257095e+00
7.6275000000000004e+00	4.3982297150257095e+00
7.6325000000000003e+00	4.3982297150257086e+00
7.6375000000000002e+00	4.3982297150257086e+00
7.6425000000000001e+00	4.3982297150257104e+00
7.6475000000000000e+00	4.3982297150257104e+00
7.6524999999999999e+00	4.3982297150257086e+00
7.6574999999999998e+00	4.3982297150257113e+00
7.6625000000000005e+00	4.3982297150257104e+00
7.6675000000000004e+00	4.3982297150257095e+00
7.6725000000000003e+00	4.3982297150257104e+00
7.6775000000000002e+00	4.3982297150257086e+00
7.6825000000000001e+00	4.3982297150257086e+00
7.6875000000000000e+00	4.3982297150257086e+00
7.6924999999999999e+00	4.3982297150257086e+00
7.6974999999999998e+00	4.3982297150257139e+00
7.7025000000000006e+00	4.3982297150257104e+00
7.7075000000000005e+00	4.3982297150257121e+00
7.7125000000000004e+00	4.3982297150257086e+00
7.7175000000000002e+00	4.3982297150257104e+00
7.7225000000000001e+00	4.3982297150257104e+00
7.7275000000000000e+00	4.3982297150257104e+00
7.7324999999999999e+00	4.3982297150257121e+00
7.7374999999999998e+00	4.3982297150257095e+00
7.7425000000000006e+00	4.3982297150257121e+00
7.7475000000000005e+00	4.3982297150257130e+00
7.7525000000000004e+00	4.3982297150257095e+00
7.7575000000000003e+00	4.3982297150257104e+00
7.7625000000000002e+00	4.3982297150257104e+00
7.7675000000000001e+00	4.3982297150257121e+00
7.7725000000000000e+00	4.3982297150257104e+00
7.7774999999999999e+00	4.3982297150257095e+00
7.7824999999999998e+00	4.3982297150257104e+00
7.7875000000000005e+00	4.3982297150257113e+00
7.7925000000000004e+00	4.3982297150257113e+00
7.7975000000000003e+00	4.3982297150257095e+00
7.8025000000000002e+00	4.3982297150257104e+00
7.8075000000000001e+00	4.3982297150257095e+00
7.8125000000000000e+00	4.3982297150257113e+00
7.8174999999999999e+00	4.3982297150257086e+00
7.8224999999999998e+00	4.3982297150257104e+00
7.8275000000000006e+00	4.3982297150257121e+00
7.8325000000000005e+00	4.3982297150257104e+00
7.8375000000000004e+00	4.3982297150257104e+00
7.8425000000000002e+00	4.3982297150257113e+00
7.8475000000000001e+00	4.3982297150257095e+00
7.8525000000000000e+00	4.3982297150257104e+00
7.8574999999999999e+00	4.3982297150257104e+00
7.8624999999999998e+00	4.3982297150257095e+00
7.8675000000000006e+00	4.3982297150257104e+00
7.8725000000000005e+00	4.3982297150257104e+00
7.8775000000000004e+00	4.3982297150257104e+00
7.8825000000000003e+00	4.3982297150257095e+00
7.8875000000000002e+00	4.3982297150257104e+00
7.8925000000000001e+00	4.3982297150257095e+00
7.8975000000000000e+00	4.3982297150257104e+00
7.9024999999999999e+00	4.3982297150257095e+00
7.9074999999999998e+00	4.3982297150257095e+00
7.9125000000000005e+00	4.3982297150257104e+00
7.9175000000000004e+00	4.3982297150257104e+00
7.9225000000000003e+00	4.3982297150257104e+00
7.9275000000000002e+00	4.3982297150257104e+00
7.9325000000000001e+00	4.3982297150257113e+00
7.9375000000000000e+00	4.3982297150257113e+00
7.9424999999999999e+00	4.3982297150257104e+00
7.9474999999999998e+00	4.3982297150257104e+00
7.9525000000000006e+00	4.3982297150257104e+00
7.9575000000000005e+00	4.3982297150257095e+00
7.9625000000000004e+00	4.3982297150257104e+00
7.9675000000000002e+00	4.3982297150257104e+00
7.9725000000000001e+00	4.3982297150257104e+00
7.9775000000000000e+00	4.3982297150257104e+00
7.9824999999999999e+00	4.3982297150257104e+00
7.9874999999999998e+00	4.3982297150257104e+00
7.9925000000000006e+00	4.3982297150257104e+00
7.9975000000000005e+00	4.3982297150257104e+00
8.0024999999999995e+00	4.3982297150257104e+00
8.0075000000000003e+00	4.3982297150257104e+00
8.0124999999999993e+00	4.3982297150257104e+00
8.0175000000000001e+00	4.3982297150257113e+00
8.0225000000000009e+00	4.3982297150257104e+00
8.0274999999999999e+00	4.3982297150257095e+00
8.0325000000000006e+00	4.3982297150257104e+00
8.0374999999999996e+00	4.3982297150257113e+00
8.0425000000000004e+00	4.3982297150257104e+00
8.0474999999999994e+00	4.3982297150257104e+00
8.0525000000000002e+00	4.3982297150257104e+00
8.0575000000000010e+00	4.3982297150257113e+00
8.0625000000000000e+00	4.3982297150257104e+00
8.0675000000000008e+00	4.3982297150257104e+00
8.0724999999999998e+00	4.3982297150257104e+00
8.0775000000000006e+00	4.3982297150257113e+00
8.0824999999999996e+00	4.3982297150257104e+00
8.0875000000000004e+00	4.3982297150257104e+00
8.0924999999999994e+00	4.3982297150257095e+00
8.0975000000000001e+00	4.3982297150257104e+00
8.1025000000000009e+00	4.3982297150257104e+00
8.1074999999999999e+00	4.3982297150257113e+00
8.1125000000000007e+00	4.3982297150257095e+00
8.1174999999999997e+00	4.3982297150257104e+00
8.1225000000000005e+00	4.3982297150257121e+00
8.1274999999999995e+00	4.3982297150257104e+00
8.1325000000000003e+00	4.3982297150257104e+00
8.1374999999999993e+00	4.3982297150257104e+00
8.1425000000000001e+00	4.3982297150257104e+00
8.1475000000000009e+00	4.3982297150257113e+00
8.1524999999999999e+00	4.3982297150257104e+00
8.1575000000000006e+00	4.3982297150257113e+00
8.1624999999999996e+00	4.3982297150257113e+00
8.1675000000000004e+00	4.3982297150257086e+00
8.1724999999999994e+00	4.3982297150257104e+00
8.1775000000000002e+00	4.3982297150257113e+00
8.1825000000000010e+00	4.3982297150257113e+00
8.1875000000000000e+00	4.3982297150257104e+00
8.1925000000000008e+00	4.3982297150257113e+00
8.1974999999999998e+00	4.3982297150257104e+00
8.2025000000000006e+00	4.3982297150257104e+00
8.2074999999999996e+00	4.3982297150257104e+00
8.2125000000000004e+00	4.3982297150257113e+00
8.2174999999999994e+00	4.3982297150257104e+00
8.2225000000000001e+00	4.3982297150257113e+00
8.2275000000000009e+00	4.3982297150257104e+00
8.2324999999999999e+00	4.3982297150257095e+00
8.2375000000000007e+00	4.3982297150257104e+00
8.2424999999999997e+00	4.3982297150257104e+00
8.2475000000000005e+00	4.3982297150257104e+00
8.2524999999999995e+00	4.3982297150257104e+00
8.2575000000000003e+00	4.3982297150257104e+00
8.2624999999999993e+00	4.3982297150257104e+00
8.2675000000000001e+00	4.3982297150257104e+00
8.2725000000000009e+00	4.3982297150257104e+00
8.2774999999999999e+00	4.3982297150257113e+00
8.2825000000000006e+00	4.3982297150257104e+00
8.2874999999999996e+00	4.3982297150257104e+00
8.2925000000000004e+00	4.3982297150257104e+00
8.2974999999999994e+00	4.3982297150257113e+00
8.3025000000000002e+00	4.3982297150257113e+00
8.3075000000000010e+00	4.3982297150257113e+00
8.3125000000000000e+00	4.3982297150257104e+00
8.3175000000000008e+00	4.3982297150257095e+00
8.3224999999999998e+00	4.3982297150257104e+00
8.3275000000000006e+00	4.3982297150257113e+00
8.3324999999999996e+00	4.3982297150257113e+00
8.3375000000000004e+00	4.3982297150257113e+00
8.3424999999999994e+00	4.3982297150257104e+00
8.3475000000000001e+00	4.3982297150257095e+00
8.3525000000000009e+00	4.3982297150257104e+00
8.3574999999999999e+00	4.3982297150257104e+00
8.3625000000000007e+00	4.3982297150257113e+00
8.3674999999999997e+00	4.3982297150257104e+00
8.3725000000000005e+00	4.3982297150257104e+00
8.3774999999999995e+00	4.3982297150257104e+00
8.3825000000000003e+00	4.3982297150257104e+00
8.3874999999999993e+00	4.3982297150257104e+00
8.3925000000000001e+00	4.3982297150257104e+00
8.3975000000000009e+00	4.3982297150257095e+00
8.4024999999999999e+00	4.3982297150257104e+00
8.4075000000000006e+00	4.3982297150257095e+00
8.4124999999999996e+00	4.3982297150257095e+00
8.4175000000000004e+00	4.3982297150257104e+00
8.4224999999999994e+00	4.3982297150257104e+00
8.4275000000000002e+00	4.3982297150257104e+00
8.4325000000000010e+00	4.3982297150257104e+00
8.4375000000000000e+00	4.3982297150257095e+00
8.4425000000000008e+00	4.3982297150257104e+00
8.4474999999999998e+00	4.3982297150257104e+00
8.4525000000000006e+00	4.3982297150257104e+00
8.4574999999999996e+00	4.3982297150257104e+00
8.4625000000000004e+00	4.3982297150257104e+00
8.4674999999999994e+00	4.3982297150257104e+00
8.4725000000000001e+00	4.3982297150257104e+00
8.4775000000000009e+00	4.3982297150257104e+00
8.4824999999999999e+00	4.3982297150257104e+00
8.4875000000000007e+00	4.3982297150257113e+00
8.4924999999999997e+00	4.3982297150257104e+00
8.4975000000000005e+00	4.3982297150257104e+00
8.5024999999999995e+00	4.3982297150257104e+00
8.5075000000000003e+00	4.3983391209898706e+00
8.5124999999999993e+00	4.3986651397674974e+00
8.5175000000000001e+00	4.3992044726863018e+00
8.5225000000000009e+00	4.3999538210740008e+00
8.5274999999999999e+00	4.4009098862583045e+00
8.5325000000000006e+00	4.4020693695669300e+00
8.5374999999999996e+00	4.4034289723275872e+00
8.5425000000000004e+00	4.4049853958679916e+00
8.5474999999999994e+00	4.4067353415158550e+00
8.5525000000000002e+00	4.4086755105988980e+00
8.5575000000000010e+00	4.4108026044448270e+00
8.5625000000000000e+00	4.4131133243813583e+00
8.5675000000000008e+00	4.4156043717362019e+00
8.5724999999999998e+00	4.4182724478370847e+00
8.5775000000000006e+00	4.4211142540117025e+00
8.5824999999999996e+00	4.4241264915877823e+00
8.5875000000000004e+00	4.4273058618930268e+00
8.5924999999999994e+00	4.4306490662551630e+00
8.5975000000000001e+00	4.4341528060018964e+00
8.6025000000000009e+00	4.4378137824609416e+00
8.6074999999999999e+00	4.4416286969600121e+00
8.6125000000000007e+00	4.4455942508268214e+00
8.6174999999999997e+00	4.4497071453890866e+00
8.6225000000000005e+00	4.4539640819745161e+00
8.6274999999999995e+00	4.4583617619108269e+00
8.6325000000000003e+00	4.4628968865257317e+00
8.6375000000000011e+00	4.4675661571469458e+00
8.6425000000000001e+00	4.4723662751021838e+00
8.6475000000000009e+00	4.4772939417191555e+00
8.6524999999999999e+00	4.4823458583255764e+00
8.6575000000000006e+00	4.4875187262491627e+00
8.6624999999999996e+00	4.4928092468176235e+00
8.6675000000000004e+00	4.4982141213586742e+00
8.6724999999999994e+00	4.5037300512000318e+00
8.6775000000000002e+00	4.5093537376694055e+00
8.6825000000000010e+00	4.5150818820945116e+00
8.6875000000000000e+00	4.5209111858030635e+00
8.6925000000000008e+00	4.5268383501227749e+00
8.6974999999999998e+00	4.5328600763813665e+00
8.7025000000000006e+00	4.5389730659065322e+00
8.7074999999999996e+00	4.5451740200260087e+00
8.7125000000000004e+00	4.5514596400674883e+00
8.7174999999999994e+00	4.5578266273587058e+00
8.7225000000000001e+00	4.5642716832273607e+00
8.7275000000000009e+00	4.5707915090011717e+00
8.7324999999999999e+00	4.5773828060078543e+00
8.7375000000000007e+00	4.5840422755751140e+00
8.7424999999999997e+00	4.5907666190306777e+00
8.7475000000000005e+00	4.5975525377022484e+00
8.7524999999999995e+00	4.6043967329175404e+00
8.7575000000000003e+00	4.6112959060042726e+00
8.7625000000000011e+00	4.6182467582901570e+00
8.7675000000000001e+00	4.6252459911029078e+00
8.7725000000000009e+00	4.6322903057702334e+00
8.7774999999999999e+00	4.6393764036198535e+00
8.7825000000000006e+00	4.6465009859794826e+00
8.7874999999999996e+00	4.6536607541768307e+00
8.7925000000000004e+00	4.6608524095396122e+00
8.7974999999999994e+00	4.6680726533955381e+00
8.8025000000000002e+00	4.6753181870723299e+00
8.8075000000000010e+00	4.6825857118976950e+00
8.8125000000000000e+00	4.6898719291993514e+00
8.8175000000000008e+00	4.6971735403050054e+00
8.8224999999999998e+00	4.7044872465423815e+00
8.8275000000000006e+00	4.7118097492391851e+00
8.8324999999999996e+00	4.7191377497231315e+00
8.8375000000000004e+00	4.7264679493219361e+00
8.8424999999999994e+00	4.7337970493633135e+00
8.8475000000000001e+00	4.7411217511749717e+00
8.8525000000000009e+00	4.7484387560846333e+00
8.8574999999999999e+00	4.7557447654200047e+00
8.8625000000000007e+00	4.7630364805088012e+00
8.8674999999999997e+00	4.7703106026787410e+00
8.8725000000000005e+00	4.7775638332575330e+00
8.8774999999999995e+00	4.7847928735728917e+00
8.8825000000000003e+00	4.7919944249525317e+00
8.8875000000000011e+00	4.7991651887241673e+00
8.8925000000000001e+00	4.8063018662155104e+00
8.8975000000000009e+00	4.8134011587542762e+00
8.9024999999999999e+00	4.8204597676681784e+00
8.9075000000000006e+00	4.8274743942849296e+00
8.9124999999999996e+00	4.8344417399322452e+00
8.9175000000000004e+00	4.8413585059378370e+00
8.9224999999999994e+00	4.8482213936294212e+00
8.9275000000000002e+00	4.8550271043347095e+00
8.9325000000000010e+00	4.8617723393814165e+00
8.9375000000000000e+00	4.8684538000972539e+00
8.9425000000000008e+00	4.8750681878099371e+00
8.9474999999999998e+00	4.8816122038471814e+00
8.9525000000000006e+00	4.8880825495366977e+00
8.9574999999999996e+00	4.8944759262062023e+00
8.9625000000000004e+00	4.9007890351834078e+00
8.9674999999999994e+00	4.9070185777960287e+00
8.9725000000000001e+00	4.9131612553717758e+00
8.9775000000000009e+00	4.9192137692383646e+00
8.9824999999999999e+00	4.9251728207235104e+00
8.9875000000000007e+00	4.9310351111549267e+00
8.9924999999999997e+00	4.9367973418603235e+00
8.9975000000000005e+00	4.9424562141674180e+00
9.0024999999999995e+00	4.9480084294039237e+00
9.0075000000000003e+00	4.9534506888975542e+00
9.0125000000000011e+00	4.9587796939760231e+00
9.0175000000000001e+00	4.9639921459670431e+00
9.0225000000000009e+00	4.9690847461983267e+00
9.0274999999999999e+00	4.9740541959975912e+00
9.0325000000000006e+00	4.9788971966925502e+00
9.0374999999999996e+00	4.9836104496109153e+00
9.0425000000000004e+00	4.9881906560804001e+00
9.0474999999999994e+00	4.9926345174287174e+00
9.0525000000000002e+00	4.9969387349835852e+00
9.0575000000000010e+00	5.0011000100727143e+00
9.0625000000000000e+00	5.0051150440238175e+00
9.0675000000000008e+00	5.0089805381646109e+00
9.0724999999999998e+00	5.0126931938228072e+00
9.0775000000000006e+00	5.0162497123261209e+00
9.0824999999999996e+00	5.0196467950022630e+00
9.0875000000000004e+00	5.0228811431789495e+00
9.0924999999999994e+00	5.0259494581838942e+00
9.0975000000000001e+00	5.0288484413448113e+00
9.1025000000000009e+00	5.0315747939894120e+00
9.1074999999999999e+00	5.0341252174454132e+00
9.1125000000000007e+00	5.0364964130405250e+00
9.1174999999999997e+00	5.0386850821024662e+00
9.1225000000000005e+00	5.0406879259589470e+00
9.1274999999999995e+00	5.0425016459376799e+00
9.1325000000000003e+00	5.0441229433663803e+00
9.1375000000000011e+00	5.0455485195727636e+00
9.1425000000000001e+00	5.0467750758845416e+00
9.1475000000000009e+00	5.0477993136294286e+00
9.1524999999999999e+00	5.0486179341351374e+00
9.1575000000000006e+00	5.0492276387293833e+00
9.1624999999999996e+00	5.0496251287398790e+00
9.1675000000000004e+00	5.0498071054943363e+00
9.1724999999999994e+00	5.0497702703204741e+00
9.1775000000000002e+00	5.0495113245460024e+00
9.1825000000000010e+00	5.0490269694986347e+00
9.1875000000000000e+00	5.0483139065060865e+00
9.1925000000000008e+00	5.0473688368960703e+00
9.1974999999999998e+00	5.0461884619962998e+00
9.2025000000000006e+00	5.0447694831344894e+00
9.2074999999999996e+00	5.0431086016383535e+00
9.2125000000000004e+00	5.0412025188356049e+00
9.2174999999999994e+00	5.0390479360539562e+00
9.2225000000000001e+00	5.0366415546211227e+00
9.2275000000000009e+00	5.0339800758648181e+00
9.2324999999999999e+00	5.0310602011127541e+00
9.2375000000000007e+00	5.0278786316926478e+00
9.2424999999999997e+00	5.0244320689322102e+00
9.2475000000000005e+00	5.0207172141591574e+00
9.2524999999999995e+00	5.0167307687012013e+00
9.2575000000000003e+00	5.0124694338860554e+00
9.2625000000000011e+00	5.0079299110414350e+00
9.2675000000000001e+00	5.0031089014950521e+00
9.2725000000000009e+00	4.9980031065746218e+00
9.2774999999999999e+00	4.9926092276078569e+00
9.2825000000000006e+00	4.9869239659224718e+00
9.2874999999999996e+00	4.9809440228461792e+00
9.2925000000000004e+00	4.9746660997066954e+00
9.2974999999999994e+00	4.9680868978317312e+00
9.3025000000000002e+00	4.9612031185490020e+00
9.3075000000000010e+00	4.9540114631862204e+00
9.3125000000000000e+00	4.9465086330711010e+00
9.3175000000000008e+00	4.9386913295313564e+00
9.3224999999999998e+00	4.9305562538947019e+00
9.3275000000000006e+00	4.9221001074888511e+00
9.3324999999999996e+00	4.9133195916415167e+00
9.3375000000000004e+00	4.9042114076804131e+00
9.3424999999999994e+00	4.8947722569332530e+00
9.3475000000000001e+00	4.8849988407277509e+00
9.3525000000000009e+00	4.8748878603916221e+00
9.3574999999999999e+00	4.8644360172525776e+00
9.3625000000000007e+00	4.8536400126383326e+00
9.3674999999999997e+00	4.8424965478765998e+00
9.3725000000000005e+00	4.8310023242950955e+00
9.3774999999999995e+00	4.8191540432215305e+00
9.3825000000000003e+00	4.8069484059836203e+00
9.3875000000000011e+00	4.7943821139090765e+00
9.3925000000000001e+00	4.7814518683256146e+00
9.3975000000000009e+00	4.7681543705609490e+00
9.4024999999999999e+00	4.7544863219427924e+00
9.4075000000000006e+00	4.7404444237988583e+00
9.4124999999999996e+00	4.7260253774568612e+00
9.4175000000000004e+00	4.7112258842445147e+00
9.4224999999999994e+00	4.6960426454895305e+00
9.4275000000000002e+00	4.6804723625196250e+00
9.4325000000000010e+00	4.6645117366625115e+00
9.4375000000000000e+00	4.6481574692459029e+00
9.4425000000000008e+00	4.6314062615975136e+00
9.4474999999999998e+00	4.6142548150450562e+00
9.4525000000000006e+00	4.5966998309162452e+00
9.4574999999999996e+00	4.5787380105387943e+00
9.4625000000000004e+00	4.5603660552404186e+00
9.4674999999999994e+00	4.5415806663488283e+00
9.4725000000000001e+00	4.5223785451917404e+00
9.4775000000000009e+00	4.5027563930968686e+00
9.4824999999999999e+00	4.4827109113919246e+00
9.4875000000000007e+00	4.4622388014046228e+00
9.4924999999999997e+00	4.4413367644626778e+00
9.4975000000000005e+00	4.4200015018938021e+00
9.5024999999999995e+00	4.3982297150257104e+00
9.5075000000000003e+00	4.3759097987793840e+00
9.5125000000000011e+00	4.3529367454203749e+00
9.5175000000000001e+00	4.3293171522932621e+00
9.5225000000000009e+00	4.3050576167426042e+00
9.5274999999999999e+00	4.2801647361129884e+00
9.5325000000000006e+00	4.2546451077489786e+00
9.5374999999999996e+00	4.2285053289951531e+00
9.5425000000000004e+00	4.2017519971960793e+00
9.5474999999999994e+00	4.1743917096963354e+00
9.5525000000000002e+00	4.1464310638404873e+00
9.5575000000000010e+00	4.1178766569731113e+00
9.5625000000000000e+00	4.0887350864387795e+00
9.5675000000000008e+00	4.0590129495820699e+00
9.5724999999999998e+00	4.0287168437475387e+00
9.5775000000000006e+00	3.9978533662797759e+00
9.5824999999999996e+00	3.9664291145233461e+00
9.5875000000000004e+00	3.9344506858228256e+00
9.5924999999999994e+00	3.9019246775227794e+00
9.5975000000000001e+00	3.8688576869677882e+00
9.6025000000000009e+00	3.8352563115024214e+00
9.6074999999999999e+00	3.8011271484712492e+00
9.6125000000000007e+00	3.7664767952188472e+00
9.6174999999999997e+00	3.7313118490897876e+00
9.6225000000000005e+00	3.6956389074286418e+00
9.6274999999999995e+00	3.6594645675799851e+00
9.6325000000000003e+00	3.6227954268883886e+00
9.6375000000000011e+00	3.5856380826984222e+00
9.6425000000000001e+00	3.5479991323546587e+00
9.6475000000000009e+00	3.5098851732016763e+00
9.6524999999999999e+00	3.4713028025840420e+00
9.6575000000000006e+00	3.4322586178463279e+00
9.6624999999999996e+00	3.3927592163331108e+00
9.6675000000000004e+00	3.3528111953889637e+00
9.6724999999999994e+00	3.3124211523584530e+00
9.6775000000000002e+00	3.2715956845861567e+00
9.6825000000000010e+00	3.2303413894166453e+00
9.6875000000000000e+00	3.1886648641944881e+00
9.6925000000000008e+00	3.1465727062642683e+00
9.6974999999999998e+00	3.1040715129705365e+00
9.7025000000000006e+00	3.0611678816578962e+00
9.7074999999999996e+00	3.0178684096708923e+00
9.7125000000000004e+00	2.9741796943541186e+00
9.7174999999999994e+00	2.9301083330521300e+00
9.7225000000000001e+00	2.8856609231095098e+00
9.7275000000000009e+00	2.8408440618708246e+00
9.7324999999999999e+00	2.7956643466806508e+00
9.7375000000000007e+00	2.7501283748835630e+00
9.7424999999999997e+00	2.7042427438241265e+00
9.7475000000000005e+00	2.6580140508469197e+00
9.7524999999999995e+00	2.6114488932965152e+00
9.7575000000000003e+00	2.5645538685174825e+00
9.7625000000000011e+00	2.5173355738543952e+00
9.7675000000000001e+00	2.4698006066518241e+00
9.7725000000000009e+00	2.4219555642543469e+00
9.7774999999999999e+00	2.3738070440065329e+00
9.7825000000000006e+00	2.3253616432529531e+00
9.7874999999999996e+00	2.2766259593381810e+00
9.7925000000000004e+00	2.2276065896067907e+00
9.7974999999999994e+00	2.1783101314033564e+00
9.8025000000000002e+00	2.1287431820724434e+00
9.8075000000000010e+00	2.0789123389586330e+00
9.8125000000000000e+00	2.0288241994064884e+00
9.8175000000000008e+00	1.9784853607605934e+00
9.8224999999999998e+00	1.9279024203655073e+00
9.8275000000000006e+00	1.8770819755658157e+00
9.8324999999999996e+00	1.8260306237060833e+00
9.8375000000000004e+00	1.7747549621308871e+00
9.8424999999999994e+00	1.7232615881847912e+00
9.8475000000000001e+00	1.6715570992123816e+00
9.8525000000000009e+00	1.6196480925582168e+00
9.8574999999999999e+00	1.5675411655668794e+00
9.8625000000000007e+00	1.5152429155829386e+00
9.8674999999999997e+00	1.4627599399509641e+00
9.8725000000000005e+00	1.4100988360155327e+00
9.8774999999999995e+00	1.3572662011212153e+00
9.8825000000000003e+00	1.3042686326125850e+00
9.8875000000000011e+00	1.2511127278342113e+00
9.8925000000000001e+00	1.1978050841306715e+00
9.8975000000000009e+00	1.1443522988465356e+00
9.9024999999999999e+00	1.0907609693263758e+00
9.9075000000000006e+00	1.0370376929147660e+00
9.9124999999999996e+00	9.8318906695627684e-01
9.9175000000000004e+00	9.2922168879548284e-01
9.9224999999999994e+00	8.7514215577695653e-01
9.9275000000000002e+00	8.2095706524526668e-01
9.9325000000000010e+00	7.6667301454499281e-01
9.9375000000000000e+00	7.1229660102069881e-01
9.9425000000000008e+00	6.5783442201696674e-01
9.9474999999999998e+00	6.0329307487836037e-01
9.9525000000000006e+00	5.4867915694945824e-01
9.9574999999999996e+00	4.9399926557482887e-01
9.9625000000000004e+00	4.3925999809904837e-01
9.9674999999999994e+00	3.8446795186668453e-01
9.9725000000000001e+00	3.2962972422231707e-01
9.9775000000000009e+00	2.7475191251051084e-01
9.9824999999999999e+00	2.1984111407584594e-01
9.9875000000000007e+00	1.6490392626288664e-01
9.9924999999999997e+00	1.0994694641621283e-01
9.9975000000000005e+00	5.4976771880392183e-02
