1	8.6870557908777601e-01
101	1.8352095551040781e-02
201	1.8260795627613957e-02
301	1.8185249551044835e-02
401	1.8123496831675912e-02
501	1.8068505539610924e-02
601	1.8018774737973309e-02
701	1.7973293713792193e-02
801	1.7929338161064790e-02
901	1.7886088172101244e-02
1001	1.7842664880741710e-02
1101	1.7797022775552507e-02
1201	1.7747039109436757e-02
1301	1.7691313092915051e-02
1401	1.7627698621785814e-02
1501	1.7551963107166224e-02
1601	1.7456355064892182e-02
1701	1.7337380223111931e-02
1801	1.7185095092267622e-02
1901	1.6985020535074780e-02
2001	1.6743773018293551e-02
2101	1.6437825637967363e-02
2201	1.6094016037427550e-02
2301	1.5677441947432924e-02
2401	1.5151054859490865e-02
2501	1.4485754967547337e-02
2601	1.3640499674825501e-02
2701	1.2669601029559940e-02
2801	1.1740961839930120e-02
2901	1.0906974534155456e-02
3001	1.0303984852755521e-02
3101	9.8599762943494262e-03
3201	9.5240242950478393e-03
3301	9.2229245412993599e-03
3401	8.9313706855069785e-03
3501	8.6478222998469523e-03
3601	8.4055907589115630e-03
3701	8.1935882195329768e-03
3801	7.9824410736160090e-03
3901	7.7740164621595831e-03
4001	7.5785023540693164e-03
4101	7.3985783431811392e-03
4201	7.2414923735009129e-03
4301	7.0826716159485548e-03
4401	6.9029076920119614e-03
4501	6.7329092445213012e-03
4601	6.5886529506751224e-03
4701	6.3612457916422116e-03
4801	6.1720504594863224e-03
4901	5.9201576205889506e-03
5001	5.7414839734093448e-03
5101	5.5537478105542881e-03
5201	5.3568296470518639e-03
5301	5.1609632854324738e-03
5401	4.9704387905600278e-03
5501	4.7781743386812181e-03
5601	4.5896788457305826e-03
5701	4.4038903732546153e-03
5801	4.2118609246970529e-03
5901	4.0225610555901792e-03
6001	3.8280394349337055e-03
6101	3.6323081247613409e-03
6201	3.4297766633615279e-03
6301	3.2274865397579067e-03
6401	3.0178697630750539e-03
6501	2.8114681445107204e-03
6601	2.6152096506814049e-03
6701	2.4335313406854686e-03
6801	2.2705293499608592e-03
6901	2.1266423354824315e-03
7001	1.9989215075553179e-03
7101	1.8822468558953309e-03
7201	1.7765755356843327e-03
7301	1.6758605058750931e-03
7401	1.5802040031281939e-03
7501	1.4873899309678640e-03
7601	1.3948526116430715e-03
7701	1.3038879732354403e-03
7801	1.2123641751116132e-03
7901	1.1179115700897801e-03
8001	1.0232755304689922e-03
8101	9.2608485814116293e-04
8201	8.2981705843632181e-04
8301	7.3410814625252119e-04
8401	6.4366628798206982e-04
8501	5.5950333151288945e-04
8601	4.8535362014445749e-04
8701	4.2247004086526374e-04
8801	3.7101174546649851e-04
8901	3.2950563636724439e-04
9001	2.9628072141418826e-04
9101	2.6971613341086886e-04
9201	2.4836153273510853e-04
9301	2.3107079246187379e-04
9401	2.1673871568528291e-04
9501	2.0489357854924783e-04
9601	1.9507557715625623e-04
9701	1.8656897124924576e-04
9801	1.7929504943769992e-04
9901	1.7298860325531962e-04
10001	1.6745954758090598e-04
10101	1.6256568163441898e-04
10201	1.5820536634358895e-04
10301	1.5419541143857352e-04
10401	1.5060971500746589e-04
10501	1.4732680822604483e-04
10601	1.4430954431543519e-04
10701	1.4152766208752610e-04
10801	1.3894454171459181e-04
10901	1.3656682689344724e-04
11001	1.3434267746437190e-04
11101	1.3221481238911981e-04
11201	1.3022321910494128e-04
11301	1.2834866915278909e-04
11401	1.2660014708831824e-04
11501	1.2491980731454966e-04
11601	1.2332430148598306e-04
11701	1.2180601668276836e-04
11801	1.2038046204732034e-04
11901	1.1900272059106598e-04
12001	1.1766605199614588e-04
12101	1.1641358847991334e-04
12201	1.1520058158098756e-04
12301	1.1402565542395493e-04
12401	1.1291577829009025e-04
12501	1.1183198878927936e-04
12601	1.1078671572173349e-04
12701	1.0980450299735711e-04
12801	1.0881983614208224e-04
12901	1.0789073995054466e-04
13001	1.0698522321783699e-04
13101	1.0610071074590444e-04
13201	1.0525884102952077e-04
13301	1.0443332083065471e-04
13401	1.0364319742395267e-04
13501	1.0286291545524850e-04
13601	1.0211662006687217e-04
13701	1.0138219587219055e-04
13801	1.0067768230348495e-04
13901	9.9983609594067602e-05
14001	9.9316607011568081e-05
14101	9.8658694220765675e-05
14201	9.8025965799553028e-05
14301	9.7401431244259484e-05
14401	9.6800486899750737e-05
14501	9.6206759243711026e-05
14601	9.5636286677414084e-05
14701	9.5069291135785328e-05
14801	9.4522982858058491e-05
14901	9.3982932270364472e-05
15001	9.3464091285300199e-05
15101	9.2952408181856683e-05
15201	9.2447538101003701e-05
15301	9.1963693942931357e-05
15401	9.1475521297290641e-05
15501	9.1010229548604826e-05
15601	9.0549438766407420e-05
15701	9.0096940706052564e-05
15801	8.9653967729419470e-05
15901	8.9220555660074474e-05
16001	8.8792891612454738e-05
16101	8.8376068275386466e-05
16201	8.7965897591302245e-05
16301	8.7561794680057758e-05
16401	8.7166505533309291e-05
16501	8.6778707247381348e-05
16601	8.6392810414004373e-05
16701	8.6019858287711415e-05
16801	8.5649828171163733e-05
16901	8.5281130901559976e-05
17001	8.4923406708847793e-05
17101	8.4571182314086002e-05
17201	8.4224225209927894e-05
17301	8.3877667142462364e-05
17401	8.3540746383392595e-05
17501	8.3208651579624870e-05
17601	8.2881370590759396e-05
17701	8.2554279512425666e-05
17801	8.2233524609898190e-05
17901	8.1917999692038279e-05
18001	8.1606704517289685e-05
18101	8.1299922805255775e-05
18201	8.0993662803563460e-05
18301	8.0690959349594138e-05
18401	8.0394362862445945e-05
18501	8.0103087129357320e-05
18601	7.9810116152101429e-05
18701	7.9523912022594345e-05
18801	7.9238595311337257e-05
18901	7.8953989384400458e-05
19001	7.8675074546508128e-05
19101	7.8399715492283306e-05
19201	7.8125929293015872e-05
19301	7.7856562437195187e-05
19401	7.7587054958083712e-05
19501	7.7321398427088184e-05
19601	7.7058513942795948e-05
19701	7.6796458811534407e-05
19801	7.6537445119373437e-05
19901	7.6278277849173293e-05
20001	7.6022365913197554e-05
20101	7.5769158292660066e-05
20201	7.5518204570523828e-05
20301	7.5269259003363231e-05
20401	7.5023878666091726e-05
20501	7.4777579882834289e-05
20601	7.4533347051319865e-05
20701	7.4290991138648010e-05
20801	7.4050391843605290e-05
20901	7.3811473052298737e-05
21001	7.3574191873704287e-05
21101	7.3338537721179264e-05
21201	7.3104540084356628e-05
21301	7.2872290714176557e-05
21401	7.2638778489508837e-05
21501	7.2408370642818021e-05
21601	7.2179409468575706e-05
21701	7.1952024703114681e-05
21801	7.1726507237857007e-05
21901	7.1503243203485667e-05
22001	7.1279156854675563e-05
22101	7.1056896025489813e-05
22201	7.0837333791540225e-05
22301	7.0614052827155938e-05
22401	7.0395306214443565e-05
22501	7.0176252629283731e-05
22601	6.9958984878604191e-05
22701	6.9742711698239646e-05
22801	6.9527183038986529e-05
22901	6.9314770369421908e-05
23001	6.9102260752629263e-05
23101	6.8892549649257617e-05
23201	6.8678452792125810e-05
23301	6.8467589221965497e-05
23401	6.8258782003782770e-05
23501	6.8048998625780399e-05
23601	6.7843833576164414e-05
23701	6.7637592081393194e-05
23801	6.7430378348776188e-05
23901	6.7224786995279118e-05
24001	6.7020337814360786e-05
24101	6.6816868919739036e-05
24201	6.6615885263243690e-05
24301	6.6413313899005288e-05
24401	6.6211716878483706e-05
24501	6.6010961950357938e-05
24601	6.5812651611318884e-05
24701	6.5615502692129013e-05
24801	6.5416341474167083e-05
24901	6.5218079419393504e-05
25001	6.5020641040192118e-05
25101	6.4826683929486428e-05
25201	6.4630789212039019e-05
25301	6.4435676060181635e-05
25401	6.4241376862228528e-05
25501	6.4050894416300963e-05
25601	6.3855314476946035e-05
25701	6.3662525399243997e-05
25801	6.3472950383669513e-05
25901	6.3281684734572963e-05
26001	6.3091388344815869e-05
26101	6.2902386726237935e-05
26201	6.2713262514724200e-05
26301	6.2524299640820402e-05
26401	6.2336527492323768e-05
26501	6.2150409911643223e-05
26601	6.1963015875021732e-05
26701	6.1776946365332819e-05
26801	6.1592626994899646e-05
26901	6.1407072637020832e-05
27001	6.1223453781567017e-05
27101	6.1039781050653552e-05
27201	6.0856747986282045e-05
27301	6.0674814292172030e-05
27401	6.0492762172681402e-05
27501	6.0309552849524550e-05
27601	6.0131163410526156e-05
27701	5.9948768094564286e-05
27801	5.9769668962150746e-05
27901	5.9590254576802337e-05
28001	5.9410329586229160e-05
28101	5.9234296282184573e-05
28201	5.9054614953701901e-05
28301	5.8878698901532189e-05
28401	5.8701922166282117e-05
28501	5.8523712142433126e-05
28601	5.8349044158134689e-05
28701	5.8172873572237549e-05
28801	5.8000199526064833e-05
28901	5.7824092789537929e-05
29001	5.7651227310162589e-05
29101	5.7476756685770347e-05
29201	5.7305162188381331e-05
29301	5.7133536064513102e-05
29401	5.6959701944636620e-05
29501	5.6788984696076739e-05
29601	5.6616547748911117e-05
29701	5.6447047026231267e-05
29801	5.6275694946705812e-05
29901	5.6107111540582011e-05
30001	5.5936739671080815e-05
30101	5.5769176719122626e-05
30201	5.5599774872572283e-05
30301	5.5433153110184819e-05
30401	5.5264811194222219e-05
30501	5.5099485707366114e-05
30601	5.4932465684442988e-05
30701	5.4765037690085450e-05
30801	5.4600309922214763e-05
30901	5.4433922374919064e-05
31001	5.4270412199852736e-05
31101	5.4105598937592703e-05
31201	5.3941221612952006e-05
31301	5.3776337162192434e-05
31401	5.3614384877942456e-05
31501	5.3451432563300649e-05
31601	5.3288563276354672e-05
31701	5.3127615624815050e-05
31801	5.2965801543458646e-05
31901	5.2804360893721203e-05
32001	5.2642556616300240e-05
32101	5.2484665336693936e-05
32201	5.2323696512313056e-05
32301	5.2163700368201837e-05
32401	5.2004432753660623e-05
32501	5.1844829096481249e-05
32601	5.1686787763238762e-05
32701	5.1529945484962703e-05
32801	5.1370602461631165e-05
32901	5.1214638491670073e-05
33001	5.1057989491676281e-05
33101	5.0901026848348963e-05
33201	5.0744845786487858e-05
33301	5.0589521065735887e-05
33401	5.0433330365695639e-05
33501	5.0278869919040403e-05
33601	5.0123956059300312e-05
33701	4.9969449318787440e-05
33801	4.9816183484763243e-05
33901	4.9662490548829652e-05
34001	4.9509037485018226e-05
34101	4.9356707244818665e-05
34201	4.9205021446674380e-05
34301	4.9052369778701532e-05
34401	4.8900692781406185e-05
34501	4.8749736512698760e-05
34601	4.8597380164716597e-05
