1.2500000000000000e-01	7.7680946596242384e-01	-3.7647411219325962e-03	-7.4019258332190585e-02
3.7500000000000000e-01	1.0299505315558513e+00	6.2188111781970616e-03	-7.4019258332190585e-02
6.2500000000000000e-01	1.2406450570470973e+00	2.8838322434203173e-02	-7.4019258332190585e-02
8.7500000000000000e-01	1.4098576374733234e+00	6.3508935129205482e-02	-7.4019258332190585e-02
1.1250000000000000e+00	1.5536431385102172e+00	1.0240694649779529e-01	-7.4019258332190585e-02
1.3750000000000000e+00	1.6871397386888787e+00	1.3399662404319632e-01	-7.4019258332190585e-02
1.6250000000000000e+00	1.8217041147778681e+00	1.5032077972373670e-01	-7.4019258332190585e-02
1.8750000000000000e+00	1.9607010445732720e+00	1.5201575255570798e-01	-7.4019258332190585e-02
2.1250000000000000e+00	2.0911893656567964e+00	1.4746682764691993e-01	-7.4019258332190585e-02
2.3750000000000000e+00	2.1874672385601168e+00	1.4789348126370716e-01	-7.4019258332190585e-02
2.6250000000000000e+00	2.2298973597446121e+00	1.6146884472839104e-01	-7.4019258332190585e-02
2.8750000000000000e+00	2.2206975657942762e+00	1.8874540249185290e-01	-7.4019258332190585e-02
3.1250000000000000e+00	2.1822986936020610e+00	2.2198425273963268e-01	-7.4019258332190585e-02
3.3750000000000000e+00	2.1422457198053584e+00	2.4970196226505148e-01	-7.4019258332190585e-02
3.6250000000000000e+00	2.1182445282749560e+00	2.6368401417038362e-01	-7.4019258332190585e-02
3.8750000000000000e+00	2.1120996418826681e+00	2.6246201481454368e-01	-7.4019258332190585e-02
4.1250000000000000e+00	2.1131361351026254e+00	2.4905067174167203e-01	-7.4019258332190585e-02
4.3750000000000000e+00	2.1059278211760457e+00	2.2603586541096113e-01	-7.4019258332190585e-02
4.6250000000000000e+00	2.0786411961866218e+00	1.9354209006654094e-01	-7.4019258332190585e-02
4.8750000000000000e+00	2.0293511254538164e+00	1.5147770488102869e-01	-7.4019258332190585e-02
5.1250000000000000e+00	1.9668102107317420e+00	1.0212512880106621e-01	-7.4019258332190585e-02
5.3750000000000000e+00	1.9037511732326868e+00	4.8591278031943935e-02	-7.4019258332190585e-02
5.6250000000000000e+00	1.8484393145225535e+00	-8.0515551116534054e-03	-7.4019258332190585e-02
5.8750000000000000e+00	1.8048148125704158e+00	-6.6010045701750730e-02	-7.4019258332190585e-02
6.1250000000000000e+00	1.7800281362936354e+00	-1.1675623234170707e-01	-7.4019258332190585e-02
6.3750000000000000e+00	1.7882798372452364e+00	-1.4529418837884911e-01	-7.4019258332190585e-02
6.6250000000000000e+00	1.8428852943090297e+00	-1.3965140434960549e-01	-7.4019258332190585e-02
6.8750000000000000e+00	1.9418393643721761e+00	-1.0159944212239853e-01	-7.4019258332190585e-02
7.1250000000000000e+00	2.0617996721309719e+00	-4.8496000409668921e-02	-7.4019258332190585e-02
7.3750000000000000e+00	2.1701075495964393e+00	-3.8713602945073681e-03	-7.4019258332190585e-02
7.6250000000000000e+00	2.2452726365083655e+00	1.6176418544836018e-02	-7.4019258332190585e-02
7.8750000000000000e+00	2.2869805692447143e+00	1.0908153572993405e-02	-7.4019258332190585e-02
8.1250000000000000e+00	2.3096817193406909e+00	-7.2940606619030148e-03	-7.4019258332190585e-02
8.3750000000000000e+00	2.3305271351142642e+00	-2.1729422834068288e-02	-7.4019258332190585e-02
8.6250000000000000e+00	2.3609559818975745e+00	-2.0627949917740994e-02	-7.4019258332190585e-02
8.8750000000000000e+00	2.4010600413526002e+00	-1.8972498240345202e-03	-7.4019258332190585e-02
9.1250000000000000e+00	2.4372001551581186e+00	2.8401426863571687e-02	-7.4019258332190585e-02
9.3750000000000000e+00	2.4469317672107618e+00	6.2139036577026269e-02	-7.4019258332190585e-02
9.6250000000000000e+00	2.4123057077214884e+00	9.4532468639500863e-02	-7.4019258332190585e-02
9.8750000000000000e+00	2.3342804801982604e+00	1.2406890272772560e-01	-7.4019258332190585e-02
1.0125000000000000e+01	2.2363289126956527e+00	1.4870755370092906e-01	-7.4019258332190585e-02
1.0375000000000000e+01	2.1517000141520430e+00	1.6412750725657471e-01	-7.4019258332190585e-02
1.0625000000000000e+01	2.1034729531991858e+00	1.6638950866755078e-01	-7.4019258332190585e-02
1.0875000000000000e+01	2.0948224444500014e+00	1.5477437342170589e-01	-7.4019258332190585e-02
1.1125000000000000e+01	2.1154169259264850e+00	1.3104485299775259e-01	-7.4019258332190585e-02
1.1375000000000000e+01	2.1540846497120558e+00	9.5904442866407980e-02	-7.4019258332190585e-02
1.1625000000000000e+01	2.2048757284929010e+00	4.7890101950033299e-02	-7.4019258332190585e-02
1.1875000000000000e+01	2.2609091579724647e+00	-1.2625989979481769e-02	-7.4019258332190585e-02
1.2125000000000000e+01	2.3049102765640885e+00	-7.9211000954318198e-02	-7.4019258332190585e-02
1.2375000000000000e+01	2.3094407183772190e+00	-1.4191676241486792e-01	-7.4019258332190585e-02
1.2625000000000000e+01	2.2517130339050881e+00	-1.9420118054381449e-01	-7.4019258332190585e-02
1.2875000000000000e+01	2.1330165836942672e+00	-2.3406245883359933e-01	-7.4019258332190585e-02
1.3125000000000000e+01	1.9843964320652347e+00	-2.5822759757799785e-01	-7.4019258332190585e-02
1.3375000000000000e+01	1.8494630281298023e+00	-2.5851403907510045e-01	-7.4019258332190585e-02
1.3625000000000000e+01	1.7577185150338819e+00	-2.2706147272625632e-01	-7.4019258332190585e-02
1.3875000000000000e+01	1.7137558792913197e+00	-1.6683540254098617e-01	-7.4019258332190585e-02
1.4125000000000000e+01	1.7083152098464112e+00	-9.6504336024275217e-02	-7.4019258332190585e-02
1.4375000000000000e+01	1.7343847619651516e+00	-4.2633454845624384e-02	-7.4019258332190585e-02
1.4625000000000000e+01	1.7909575884913180e+00	-2.4045487483201688e-02	-7.4019258332190585e-02
1.4875000000000000e+01	1.8743409307128567e+00	-4.0734954597344150e-02	-7.4019258332190585e-02
1.5125000000000000e+01	1.9706624616159414e+00	-7.5411115214991248e-02	-7.4019258332190585e-02
1.5375000000000000e+01	2.0606337363373473e+00	-1.0495686657020926e-01	-7.4019258332190585e-02
1.5625000000000000e+01	2.1313420191407242e+00	-1.1337794114831967e-01	-7.4019258332190585e-02
1.5875000000000000e+01	2.1789988271482641e+00	-9.8332188175851584e-02	-7.4019258332190585e-02
1.6125000000000000e+01	2.2001986496729988e+00	-6.8621295671458041e-02	-7.4019258332190585e-02
1.6375000000000000e+01	2.1849219702105329e+00	-3.5836406701151652e-02	-7.4019258332190585e-02
1.6625000000000000e+01	2.1225884088225504e+00	-6.9760029668870516e-03	-7.4019258332190585e-02
1.6875000000000000e+01	2.0177566561487046e+00	1.7131386492343137e-02	-7.4019258332190585e-02
1.7125000000000000e+01	1.8987550542871992e+00	3.8843076924850624e-02	-7.4019258332190585e-02
1.7375000000000000e+01	1.8062329277302149e+00	6.0907332149573563e-02	-7.4019258332190585e-02
1.7625000000000000e+01	1.7685679239655976e+00	8.5351821868174263e-02	-7.4019258332190585e-02
1.7875000000000000e+01	1.7836334661032942e+00	1.1125813315889695e-01	-7.4019258332190585e-02
1.8125000000000000e+01	1.8202776757119996e+00	1.3205361398553742e-01	-7.4019258332190585e-02
1.8375000000000000e+01	1.8352507316879456e+00	1.3650968576765746e-01	-7.4019258332190585e-02
1.8625000000000000e+01	1.7955026408202304e+00	1.1538129883744459e-01	-7.4019258332190585e-02
1.8875000000000000e+01	1.6918758581244411e+00	6.9748379317232920e-02	-7.4019258332190585e-02
1.9125000000000000e+01	1.5352677978656708e+00	1.3588367096411879e-02	-7.4019258332190585e-02
1.9375000000000000e+01	1.3372547165322330e+00	-3.3316448323723838e-02	-7.4019258332190585e-02
1.9625000000000000e+01	1.0981617806654487e+00	-5.7228744611038454e-02	-7.4019258332190585e-02
1.9875000000000000e+01	8.2205360151713303e-01	-5.7254797613066469e-02	-7.4019258332190585e-02
