1.0000000000000001e-05	0.0000000000000000e+00	0.0000000000000000e+00
3.0000000000000004e-05	0.0000000000000000e+00	0.0000000000000000e+00
5.0000000000000002e-05	0.0000000000000000e+00	0.0000000000000000e+00
7.0000000000000007e-05	0.0000000000000000e+00	0.0000000000000000e+00
9.0000000000000006e-05	0.0000000000000000e+00	0.0000000000000000e+00
1.1000000000000000e-04	0.0000000000000000e+00	0.0000000000000000e+00
1.3000000000000002e-04	0.0000000000000000e+00	0.0000000000000000e+00
1.5000000000000001e-04	0.0000000000000000e+00	0.0000000000000000e+00
1.7000000000000001e-04	0.0000000000000000e+00	0.0000000000000000e+00
1.9000000000000001e-04	0.0000000000000000e+00	0.0000000000000000e+00
2.1000000000000001e-04	0.0000000000000000e+00	0.0000000000000000e+00
2.3000000000000001e-04	0.0000000000000000e+00	0.0000000000000000e+00
2.5000000000000001e-04	0.0000000000000000e+00	0.0000000000000000e+00
2.7000000000000000e-04	0.0000000000000000e+00	0.0000000000000000e+00
2.9000000000000000e-04	0.0000000000000000e+00	0.0000000000000000e+00
3.1000000000000000e-04	0.0000000000000000e+00	0.0000000000000000e+00
3.3000000000000005e-04	0.0000000000000000e+00	0.0000000000000000e+00
3.5000000000000005e-04	0.0000000000000000e+00	0.0000000000000000e+00
3.7000000000000005e-04	0.0000000000000000e+00	0.0000000000000000e+00
3.9000000000000005e-04	0.0000000000000000e+00	0.0000000000000000e+00
4.1000000000000005e-04	0.0000000000000000e+00	0.0000000000000000e+00
4.3000000000000004e-04	0.0000000000000000e+00	0.0000000000000000e+00
4.5000000000000004e-04	0.0000000000000000e+00	0.0000000000000000e+00
4.7000000000000004e-04	0.0000000000000000e+00	0.0000000000000000e+00
4.9000000000000009e-04	0.0000000000000000e+00	0.0000000000000000e+00
5.1000000000000004e-04	0.0000000000000000e+00	0.0000000000000000e+00
5.3000000000000009e-04	0.0000000000000000e+00	0.0000000000000000e+00
5.5000000000000003e-04	0.0000000000000000e+00	0.0000000000000000e+00
5.7000000000000009e-04	0.0000000000000000e+00	0.0000000000000000e+00
5.9000000000000003e-04	0.0000000000000000e+00	0.0000000000000000e+00
6.1000000000000008e-04	0.0000000000000000e+00	0.0000000000000000e+00
6.3000000000000003e-04	0.0000000000000000e+00	0.0000000000000000e+00
6.5000000000000008e-04	0.0000000000000000e+00	0.0000000000000000e+00
6.7000000000000002e-04	0.0000000000000000e+00	0.0000000000000000e+00
6.9000000000000008e-04	0.0000000000000000e+00	0.0000000000000000e+00
7.1000000000000002e-04	0.0000000000000000e+00	0.0000000000000000e+00
7.3000000000000007e-04	0.0000000000000000e+00	0.0000000000000000e+00
7.5000000000000002e-04	0.0000000000000000e+00	0.0000000000000000e+00
7.7000000000000007e-04	0.0000000000000000e+00	0.0000000000000000e+00
7.9000000000000001e-04	0.0000000000000000e+00	0.0000000000000000e+00
8.1000000000000006e-04	0.0000000000000000e+00	0.0000000000000000e+00
8.3000000000000012e-04	0.0000000000000000e+00	0.0000000000000000e+00
8.5000000000000006e-04	0.0000000000000000e+00	0.0000000000000000e+00
8.7000000000000011e-04	0.0000000000000000e+00	0.0000000000000000e+00
8.9000000000000006e-04	0.0000000000000000e+00	0.0000000000000000e+00
9.1000000000000011e-04	0.0000000000000000e+00	0.0000000000000000e+00
9.3000000000000005e-04	0.0000000000000000e+00	0.0000000000000000e+00
9.5000000000000011e-04	0.0000000000000000e+00	0.0000000000000000e+00
9.7000000000000005e-04	0.0000000000000000e+00	0.0000000000000000e+00
9.8999999999999999e-04	0.0000000000000000e+00	0.0000000000000000e+00
1.0100000000000000e-03	0.0000000000000000e+00	0.0000000000000000e+00
1.0300000000000001e-03	0.0000000000000000e+00	0.0000000000000000e+00
1.0500000000000002e-03	0.0000000000000000e+00	0.0000000000000000e+00
1.0700000000000000e-03	0.0000000000000000e+00	0.0000000000000000e+00
1.0900000000000000e-03	0.0000000000000000e+00	0.0000000000000000e+00
1.1100000000000001e-03	0.0000000000000000e+00	0.0000000000000000e+00
1.1300000000000001e-03	0.0000000000000000e+00	0.0000000000000000e+00
1.1500000000000002e-03	0.0000000000000000e+00	0.0000000000000000e+00
1.1700000000000000e-03	0.0000000000000000e+00	0.0000000000000000e+00
1.1900000000000001e-03	0.0000000000000000e+00	0.0000000000000000e+00
1.2100000000000001e-03	0.0000000000000000e+00	0.0000000000000000e+00
1.2300000000000002e-03	0.0000000000000000e+00	0.0000000000000000e+00
1.2500000000000000e-03	0.0000000000000000e+00	0.0000000000000000e+00
1.2700000000000001e-03	0.0000000000000000e+00	0.0000000000000000e+00
1.2900000000000001e-03	0.0000000000000000e+00	0.0000000000000000e+00
1.3100000000000002e-03	0.0000000000000000e+00	0.0000000000000000e+00
1.3300000000000000e-03	0.0000000000000000e+00	0.0000000000000000e+00
1.3500000000000001e-03	0.0000000000000000e+00	0.0000000000000000e+00
1.3700000000000001e-03	0.0000000000000000e+00	0.0000000000000000e+00
1.3900000000000002e-03	0.0000000000000000e+00	0.0000000000000000e+00
1.4100000000000000e-03	0.0000000000000000e+00	0.0000000000000000e+00
1.4300000000000001e-03	0.0000000000000000e+00	0.0000000000000000e+00
1.4500000000000001e-03	0.0000000000000000e+00	0.0000000000000000e+00
1.4700000000000002e-03	0.0000000000000000e+00	0.0000000000000000e+00
1.4900000000000002e-03	0.0000000000000000e+00	0.0000000000000000e+00
1.5100000000000001e-03	0.0000000000000000e+00	0.0000000000000000e+00
1.5300000000000001e-03	0.0000000000000000e+00	0.0000000000000000e+00
1.5500000000000002e-03	0.0000000000000000e+00	0.0000000000000000e+00
1.5700000000000002e-03	0.0000000000000000e+00	0.0000000000000000e+00
1.5900000000000001e-03	0.0000000000000000e+00	0.0000000000000000e+00
1.6100000000000001e-03	0.0000000000000000e+00	0.0000000000000000e+00
1.6300000000000002e-03	0.0000000000000000e+00	0.0000000000000000e+00
1.6500000000000002e-03	0.0000000000000000e+00	0.0000000000000000e+00
1.6700000000000000e-03	0.0000000000000000e+00	0.0000000000000000e+00
1.6900000000000001e-03	0.0000000000000000e+00	0.0000000000000000e+00
1.7100000000000001e-03	0.0000000000000000e+00	0.0000000000000000e+00
1.7300000000000002e-03	0.0000000000000000e+00	0.0000000000000000e+00
1.7500000000000000e-03	0.0000000000000000e+00	0.0000000000000000e+00
1.7700000000000001e-03	0.0000000000000000e+00	0.0000000000000000e+00
1.7900000000000001e-03	0.0000000000000000e+00	0.0000000000000000e+00
1.8100000000000002e-03	0.0000000000000000e+00	0.0000000000000000e+00
1.8300000000000002e-03	0.0000000000000000e+00	0.0000000000000000e+00
1.8500000000000001e-03	0.0000000000000000e+00	0.0000000000000000e+00
1.8700000000000001e-03	0.0000000000000000e+00	0.0000000000000000e+00
1.8900000000000002e-03	0.0000000000000000e+00	0.0000000000000000e+00
1.9100000000000002e-03	0.0000000000000000e+00	0.0000000000000000e+00
1.9300000000000001e-03	0.0000000000000000e+00	0.0000000000000000e+00
1.9500000000000001e-03	0.0000000000000000e+00	0.0000000000000000e+00
1.9700000000000000e-03	0.0000000000000000e+00	0.0000000000000000e+00
1.9900000000000000e-03	0.0000000000000000e+00	0.0000000000000000e+00
2.0100000000000001e-03	0.0000000000000000e+00	0.0000000000000000e+00
2.0300000000000001e-03	0.0000000000000000e+00	0.0000000000000000e+00
2.0500000000000002e-03	0.0000000000000000e+00	0.0000000000000000e+00
2.0700000000000002e-03	0.0000000000000000e+00	0.0000000000000000e+00
2.0900000000000003e-03	0.0000000000000000e+00	0.0000000000000000e+00
2.1100000000000003e-03	0.0000000000000000e+00	0.0000000000000000e+00
2.1300000000000004e-03	0.0000000000000000e+00	0.0000000000000000e+00
2.1500000000000000e-03	0.0000000000000000e+00	0.0000000000000000e+00
2.1700000000000001e-03	0.0000000000000000e+00	0.0000000000000000e+00
2.1900000000000001e-03	0.0000000000000000e+00	0.0000000000000000e+00
2.2100000000000002e-03	0.0000000000000000e+00	0.0000000000000000e+00
2.2300000000000002e-03	0.0000000000000000e+00	0.0000000000000000e+00
2.2500000000000003e-03	0.0000000000000000e+00	0.0000000000000000e+00
2.2700000000000003e-03	0.0000000000000000e+00	0.0000000000000000e+00
2.2900000000000004e-03	0.0000000000000000e+00	0.0000000000000000e+00
2.3100000000000000e-03	0.0000000000000000e+00	0.0000000000000000e+00
2.3300000000000000e-03	0.0000000000000000e+00	0.0000000000000000e+00
2.3500000000000001e-03	0.0000000000000000e+00	0.0000000000000000e+00
2.3700000000000001e-03	0.0000000000000000e+00	0.0000000000000000e+00
2.3900000000000002e-03	0.0000000000000000e+00	0.0000000000000000e+00
2.4100000000000002e-03	0.0000000000000000e+00	0.0000000000000000e+00
2.4300000000000003e-03	0.0000000000000000e+00	0.0000000000000000e+00
2.4500000000000004e-03	0.0000000000000000e+00	0.0000000000000000e+00
2.4700000000000004e-03	0.0000000000000000e+00	0.0000000000000000e+00
2.4900000000000000e-03	0.0000000000000000e+00	0.0000000000000000e+00
2.5100000000000001e-03	0.0000000000000000e+00	0.0000000000000000e+00
2.5300000000000001e-03	0.0000000000000000e+00	0.0000000000000000e+00
2.5500000000000002e-03	0.0000000000000000e+00	0.0000000000000000e+00
2.5700000000000002e-03	0.0000000000000000e+00	0.0000000000000000e+00
2.5900000000000003e-03	0.0000000000000000e+00	0.0000000000000000e+00
2.6100000000000003e-03	0.0000000000000000e+00	0.0000000000000000e+00
2.6300000000000004e-03	0.0000000000000000e+00	0.0000000000000000e+00
2.6500000000000000e-03	0.0000000000000000e+00	0.0000000000000000e+00
2.6700000000000001e-03	0.0000000000000000e+00	0.0000000000000000e+00
2.6900000000000001e-03	0.0000000000000000e+00	0.0000000000000000e+00
2.7100000000000002e-03	0.0000000000000000e+00	0.0000000000000000e+00
2.7300000000000002e-03	0.0000000000000000e+00	0.0000000000000000e+00
2.7500000000000003e-03	0.0000000000000000e+00	0.0000000000000000e+00
2.7700000000000003e-03	0.0000000000000000e+00	0.0000000000000000e+00
2.7900000000000004e-03	0.0000000000000000e+00	0.0000000000000000e+00
2.8100000000000004e-03	0.0000000000000000e+00	0.0000000000000000e+00
2.8300000000000001e-03	0.0000000000000000e+00	0.0000000000000000e+00
2.8500000000000001e-03	0.0000000000000000e+00	0.0000000000000000e+00
2.8700000000000002e-03	0.0000000000000000e+00	0.0000000000000000e+00
2.8900000000000002e-03	0.0000000000000000e+00	0.0000000000000000e+00
2.9100000000000003e-03	0.0000000000000000e+00	0.0000000000000000e+00
2.9300000000000003e-03	0.0000000000000000e+00	0.0000000000000000e+00
2.9500000000000004e-03	0.0000000000000000e+00	0.0000000000000000e+00
2.9700000000000004e-03	0.0000000000000000e+00	0.0000000000000000e+00
2.9900000000000000e-03	0.0000000000000000e+00	0.0000000000000000e+00
3.0100000000000001e-03	0.0000000000000000e+00	0.0000000000000000e+00
3.0300000000000001e-03	0.0000000000000000e+00	0.0000000000000000e+00
3.0500000000000002e-03	0.0000000000000000e+00	0.0000000000000000e+00
3.0700000000000002e-03	0.0000000000000000e+00	0.0000000000000000e+00
3.0900000000000003e-03	0.0000000000000000e+00	0.0000000000000000e+00
3.1100000000000004e-03	0.0000000000000000e+00	0.0000000000000000e+00
3.1300000000000004e-03	0.0000000000000000e+00	0.0000000000000000e+00
3.1500000000000005e-03	0.0000000000000000e+00	0.0000000000000000e+00
3.1700000000000001e-03	0.0000000000000000e+00	0.0000000000000000e+00
3.1900000000000001e-03	0.0000000000000000e+00	0.0000000000000000e+00
3.2100000000000002e-03	0.0000000000000000e+00	0.0000000000000000e+00
3.2300000000000002e-03	0.0000000000000000e+00	0.0000000000000000e+00
3.2500000000000003e-03	0.0000000000000000e+00	0.0000000000000000e+00
3.2700000000000003e-03	0.0000000000000000e+00	0.0000000000000000e+00
3.2900000000000004e-03	0.0000000000000000e+00	0.0000000000000000e+00
3.3100000000000004e-03	0.0000000000000000e+00	0.0000000000000000e+00
3.3300000000000001e-03	0.0000000000000000e+00	0.0000000000000000e+00
3.3500000000000001e-03	0.0000000000000000e+00	0.0000000000000000e+00
3.3700000000000002e-03	0.0000000000000000e+00	0.0000000000000000e+00
3.3900000000000002e-03	0.0000000000000000e+00	0.0000000000000000e+00
3.4100000000000003e-03	0.0000000000000000e+00	0.0000000000000000e+00
3.4300000000000003e-03	0.0000000000000000e+00	0.0000000000000000e+00
3.4500000000000004e-03	0.0000000000000000e+00	0.0000000000000000e+00
3.4700000000000004e-03	0.0000000000000000e+00	0.0000000000000000e+00
3.4900000000000005e-03	0.0000000000000000e+00	0.0000000000000000e+00
3.5100000000000001e-03	0.0000000000000000e+00	0.0000000000000000e+00
3.5300000000000002e-03	0.0000000000000000e+00	0.0000000000000000e+00
3.5500000000000002e-03	0.0000000000000000e+00	0.0000000000000000e+00
3.5700000000000003e-03	0.0000000000000000e+00	0.0000000000000000e+00
3.5900000000000003e-03	0.0000000000000000e+00	0.0000000000000000e+00
3.6100000000000004e-03	0.0000000000000000e+00	0.0000000000000000e+00
3.6300000000000004e-03	0.0000000000000000e+00	0.0000000000000000e+00
3.6500000000000005e-03	0.0000000000000000e+00	0.0000000000000000e+00
3.6700000000000001e-03	0.0000000000000000e+00	0.0000000000000000e+00
3.6900000000000001e-03	0.0000000000000000e+00	0.0000000000000000e+00
3.7100000000000002e-03	0.0000000000000000e+00	0.0000000000000000e+00
3.7300000000000002e-03	0.0000000000000000e+00	0.0000000000000000e+00
3.7500000000000003e-03	0.0000000000000000e+00	0.0000000000000000e+00
3.7700000000000003e-03	0.0000000000000000e+00	0.0000000000000000e+00
3.7900000000000004e-03	0.0000000000000000e+00	0.0000000000000000e+00
3.8100000000000005e-03	0.0000000000000000e+00	0.0000000000000000e+00
3.8300000000000005e-03	0.0000000000000000e+00	0.0000000000000000e+00
3.8500000000000001e-03	0.0000000000000000e+00	0.0000000000000000e+00
3.8700000000000002e-03	0.0000000000000000e+00	0.0000000000000000e+00
3.8900000000000002e-03	0.0000000000000000e+00	0.0000000000000000e+00
3.9100000000000003e-03	0.0000000000000000e+00	0.0000000000000000e+00
3.9300000000000003e-03	0.0000000000000000e+00	0.0000000000000000e+00
3.9500000000000004e-03	0.0000000000000000e+00	0.0000000000000000e+00
3.9700000000000004e-03	0.0000000000000000e+00	0.0000000000000000e+00
3.9900000000000005e-03	0.0000000000000000e+00	0.0000000000000000e+00
4.0100000000000005e-03	0.0000000000000000e+00	0.0000000000000000e+00
4.0300000000000006e-03	0.0000000000000000e+00	0.0000000000000000e+00
4.0500000000000006e-03	0.0000000000000000e+00	0.0000000000000000e+00
4.0700000000000007e-03	0.0000000000000000e+00	0.0000000000000000e+00
4.0900000000000008e-03	0.0000000000000000e+00	0.0000000000000000e+00
4.1099999999999999e-03	0.0000000000000000e+00	0.0000000000000000e+00
4.1300000000000000e-03	0.0000000000000000e+00	0.0000000000000000e+00
4.1500000000000000e-03	0.0000000000000000e+00	0.0000000000000000e+00
4.1700000000000001e-03	0.0000000000000000e+00	0.0000000000000000e+00
4.1900000000000001e-03	0.0000000000000000e+00	0.0000000000000000e+00
4.2100000000000002e-03	0.0000000000000000e+00	0.0000000000000000e+00
4.2300000000000003e-03	0.0000000000000000e+00	0.0000000000000000e+00
4.2500000000000003e-03	0.0000000000000000e+00	0.0000000000000000e+00
4.2700000000000004e-03	0.0000000000000000e+00	0.0000000000000000e+00
4.2900000000000004e-03	0.0000000000000000e+00	0.0000000000000000e+00
4.3100000000000005e-03	0.0000000000000000e+00	0.0000000000000000e+00
4.3300000000000005e-03	0.0000000000000000e+00	0.0000000000000000e+00
4.3500000000000006e-03	0.0000000000000000e+00	0.0000000000000000e+00
4.3700000000000006e-03	0.0000000000000000e+00	0.0000000000000000e+00
4.3900000000000007e-03	0.0000000000000000e+00	0.0000000000000000e+00
4.4100000000000007e-03	0.0000000000000000e+00	0.0000000000000000e+00
4.4300000000000008e-03	0.0000000000000000e+00	0.0000000000000000e+00
4.4500000000000000e-03	0.0000000000000000e+00	0.0000000000000000e+00
4.4700000000000000e-03	0.0000000000000000e+00	0.0000000000000000e+00
4.4900000000000001e-03	0.0000000000000000e+00	0.0000000000000000e+00
4.5100000000000001e-03	0.0000000000000000e+00	0.0000000000000000e+00
4.5300000000000002e-03	0.0000000000000000e+00	0.0000000000000000e+00
4.5500000000000002e-03	0.0000000000000000e+00	0.0000000000000000e+00
4.5700000000000003e-03	0.0000000000000000e+00	0.0000000000000000e+00
4.5900000000000003e-03	0.0000000000000000e+00	0.0000000000000000e+00
4.6100000000000004e-03	0.0000000000000000e+00	0.0000000000000000e+00
4.6300000000000004e-03	0.0000000000000000e+00	0.0000000000000000e+00
4.6500000000000005e-03	0.0000000000000000e+00	0.0000000000000000e+00
4.6700000000000005e-03	0.0000000000000000e+00	0.0000000000000000e+00
4.6900000000000006e-03	0.0000000000000000e+00	0.0000000000000000e+00
4.7100000000000006e-03	0.0000000000000000e+00	0.0000000000000000e+00
4.7300000000000007e-03	0.0000000000000000e+00	0.0000000000000000e+00
4.7500000000000007e-03	0.0000000000000000e+00	0.0000000000000000e+00
4.7700000000000008e-03	0.0000000000000000e+00	0.0000000000000000e+00
4.7900000000000000e-03	0.0000000000000000e+00	0.0000000000000000e+00
4.8100000000000000e-03	0.0000000000000000e+00	0.0000000000000000e+00
4.8300000000000001e-03	0.0000000000000000e+00	0.0000000000000000e+00
4.8500000000000001e-03	0.0000000000000000e+00	0.0000000000000000e+00
4.8700000000000002e-03	0.0000000000000000e+00	0.0000000000000000e+00
4.8900000000000002e-03	0.0000000000000000e+00	0.0000000000000000e+00
4.9100000000000003e-03	0.0000000000000000e+00	0.0000000000000000e+00
4.9300000000000004e-03	0.0000000000000000e+00	0.0000000000000000e+00
4.9500000000000004e-03	0.0000000000000000e+00	0.0000000000000000e+00
4.9700000000000005e-03	0.0000000000000000e+00	0.0000000000000000e+00
4.9900000000000005e-03	0.0000000000000000e+00	0.0000000000000000e+00
5.0100000000000006e-03	0.0000000000000000e+00	0.0000000000000000e+00
5.0300000000000006e-03	0.0000000000000000e+00	0.0000000000000000e+00
5.0500000000000007e-03	0.0000000000000000e+00	0.0000000000000000e+00
5.0700000000000007e-03	0.0000000000000000e+00	0.0000000000000000e+00
5.0900000000000008e-03	0.0000000000000000e+00	0.0000000000000000e+00
5.1100000000000008e-03	0.0000000000000000e+00	0.0000000000000000e+00
5.1300000000000000e-03	0.0000000000000000e+00	0.0000000000000000e+00
5.1500000000000001e-03	0.0000000000000000e+00	0.0000000000000000e+00
5.1700000000000001e-03	0.0000000000000000e+00	0.0000000000000000e+00
5.1900000000000002e-03	0.0000000000000000e+00	0.0000000000000000e+00
5.2100000000000002e-03	0.0000000000000000e+00	0.0000000000000000e+00
5.2300000000000003e-03	0.0000000000000000e+00	0.0000000000000000e+00
5.2500000000000003e-03	0.0000000000000000e+00	0.0000000000000000e+00
5.2700000000000004e-03	0.0000000000000000e+00	0.0000000000000000e+00
5.2900000000000004e-03	0.0000000000000000e+00	0.0000000000000000e+00
5.3100000000000005e-03	0.0000000000000000e+00	0.0000000000000000e+00
5.3300000000000005e-03	0.0000000000000000e+00	0.0000000000000000e+00
5.3500000000000006e-03	0.0000000000000000e+00	0.0000000000000000e+00
5.3700000000000006e-03	0.0000000000000000e+00	0.0000000000000000e+00
5.3900000000000007e-03	0.0000000000000000e+00	0.0000000000000000e+00
5.4100000000000007e-03	0.0000000000000000e+00	0.0000000000000000e+00
5.4300000000000008e-03	0.0000000000000000e+00	0.0000000000000000e+00
5.4500000000000009e-03	0.0000000000000000e+00	0.0000000000000000e+00
5.4700000000000000e-03	0.0000000000000000e+00	0.0000000000000000e+00
5.4900000000000001e-03	0.0000000000000000e+00	0.0000000000000000e+00
5.5100000000000001e-03	0.0000000000000000e+00	0.0000000000000000e+00
5.5300000000000002e-03	0.0000000000000000e+00	0.0000000000000000e+00
5.5500000000000002e-03	0.0000000000000000e+00	0.0000000000000000e+00
5.5700000000000003e-03	0.0000000000000000e+00	0.0000000000000000e+00
5.5900000000000004e-03	0.0000000000000000e+00	0.0000000000000000e+00
5.6100000000000004e-03	0.0000000000000000e+00	0.0000000000000000e+00
5.6300000000000005e-03	0.0000000000000000e+00	0.0000000000000000e+00
5.6500000000000005e-03	0.0000000000000000e+00	0.0000000000000000e+00
5.6700000000000006e-03	0.0000000000000000e+00	0.0000000000000000e+00
5.6900000000000006e-03	0.0000000000000000e+00	0.0000000000000000e+00
5.7100000000000007e-03	0.0000000000000000e+00	0.0000000000000000e+00
5.7300000000000007e-03	0.0000000000000000e+00	0.0000000000000000e+00
5.7500000000000008e-03	0.0000000000000000e+00	0.0000000000000000e+00
5.7700000000000008e-03	0.0000000000000000e+00	0.0000000000000000e+00
5.7900000000000009e-03	0.0000000000000000e+00	0.0000000000000000e+00
5.8100000000000001e-03	0.0000000000000000e+00	0.0000000000000000e+00
5.8300000000000001e-03	0.0000000000000000e+00	0.0000000000000000e+00
5.8500000000000002e-03	0.0000000000000000e+00	0.0000000000000000e+00
5.8700000000000002e-03	0.0000000000000000e+00	0.0000000000000000e+00
5.8900000000000003e-03	0.0000000000000000e+00	0.0000000000000000e+00
5.9100000000000003e-03	0.0000000000000000e+00	0.0000000000000000e+00
5.9300000000000004e-03	0.0000000000000000e+00	0.0000000000000000e+00
5.9500000000000004e-03	0.0000000000000000e+00	0.0000000000000000e+00
5.9700000000000005e-03	0.0000000000000000e+00	0.0000000000000000e+00
5.9900000000000005e-03	0.0000000000000000e+00	0.0000000000000000e+00
6.0100000000000006e-03	0.0000000000000000e+00	0.0000000000000000e+00
6.0300000000000006e-03	0.0000000000000000e+00	0.0000000000000000e+00
6.0500000000000007e-03	0.0000000000000000e+00	0.0000000000000000e+00
6.0700000000000007e-03	0.0000000000000000e+00	0.0000000000000000e+00
6.0900000000000008e-03	0.0000000000000000e+00	0.0000000000000000e+00
6.1100000000000008e-03	0.0000000000000000e+00	0.0000000000000000e+00
6.1300000000000009e-03	0.0000000000000000e+00	0.0000000000000000e+00
6.1500000000000001e-03	0.0000000000000000e+00	0.0000000000000000e+00
6.1700000000000001e-03	0.0000000000000000e+00	0.0000000000000000e+00
6.1900000000000002e-03	0.0000000000000000e+00	0.0000000000000000e+00
6.2100000000000002e-03	0.0000000000000000e+00	0.0000000000000000e+00
6.2300000000000003e-03	0.0000000000000000e+00	0.0000000000000000e+00
6.2500000000000003e-03	0.0000000000000000e+00	0.0000000000000000e+00
6.2700000000000004e-03	0.0000000000000000e+00	0.0000000000000000e+00
6.2900000000000005e-03	0.0000000000000000e+00	0.0000000000000000e+00
6.3100000000000005e-03	0.0000000000000000e+00	0.0000000000000000e+00
6.3300000000000006e-03	0.0000000000000000e+00	0.0000000000000000e+00
6.3500000000000006e-03	0.0000000000000000e+00	0.0000000000000000e+00
6.3700000000000007e-03	0.0000000000000000e+00	0.0000000000000000e+00
6.3900000000000007e-03	0.0000000000000000e+00	0.0000000000000000e+00
6.4100000000000008e-03	0.0000000000000000e+00	0.0000000000000000e+00
6.4300000000000008e-03	0.0000000000000000e+00	0.0000000000000000e+00
6.4500000000000009e-03	0.0000000000000000e+00	0.0000000000000000e+00
6.4700000000000009e-03	0.0000000000000000e+00	0.0000000000000000e+00
6.4900000000000001e-03	0.0000000000000000e+00	0.0000000000000000e+00
6.5100000000000002e-03	0.0000000000000000e+00	0.0000000000000000e+00
6.5300000000000002e-03	0.0000000000000000e+00	0.0000000000000000e+00
6.5500000000000003e-03	0.0000000000000000e+00	0.0000000000000000e+00
6.5700000000000003e-03	0.0000000000000000e+00	0.0000000000000000e+00
6.5900000000000004e-03	0.0000000000000000e+00	0.0000000000000000e+00
6.6100000000000004e-03	0.0000000000000000e+00	0.0000000000000000e+00
6.6300000000000005e-03	0.0000000000000000e+00	0.0000000000000000e+00
6.6500000000000005e-03	0.0000000000000000e+00	0.0000000000000000e+00
6.6700000000000006e-03	0.0000000000000000e+00	0.0000000000000000e+00
6.6900000000000006e-03	0.0000000000000000e+00	0.0000000000000000e+00
6.7100000000000007e-03	0.0000000000000000e+00	0.0000000000000000e+00
6.7300000000000007e-03	0.0000000000000000e+00	0.0000000000000000e+00
6.7500000000000008e-03	0.0000000000000000e+00	0.0000000000000000e+00
6.7700000000000008e-03	0.0000000000000000e+00	0.0000000000000000e+00
6.7900000000000009e-03	0.0000000000000000e+00	0.0000000000000000e+00
6.8100000000000009e-03	0.0000000000000000e+00	0.0000000000000000e+00
6.8300000000000001e-03	0.0000000000000000e+00	0.0000000000000000e+00
6.8500000000000002e-03	0.0000000000000000e+00	0.0000000000000000e+00
6.8700000000000002e-03	0.0000000000000000e+00	0.0000000000000000e+00
6.8900000000000003e-03	0.0000000000000000e+00	0.0000000000000000e+00
6.9100000000000003e-03	0.0000000000000000e+00	0.0000000000000000e+00
6.9300000000000004e-03	0.0000000000000000e+00	0.0000000000000000e+00
6.9500000000000004e-03	0.0000000000000000e+00	0.0000000000000000e+00
6.9700000000000005e-03	0.0000000000000000e+00	0.0000000000000000e+00
6.9900000000000006e-03	0.0000000000000000e+00	0.0000000000000000e+00
7.0100000000000006e-03	0.0000000000000000e+00	0.0000000000000000e+00
7.0300000000000007e-03	0.0000000000000000e+00	0.0000000000000000e+00
7.0500000000000007e-03	0.0000000000000000e+00	0.0000000000000000e+00
7.0700000000000008e-03	0.0000000000000000e+00	0.0000000000000000e+00
7.0900000000000008e-03	0.0000000000000000e+00	0.0000000000000000e+00
7.1100000000000009e-03	0.0000000000000000e+00	0.0000000000000000e+00
7.1300000000000009e-03	0.0000000000000000e+00	0.0000000000000000e+00
7.1500000000000010e-03	0.0000000000000000e+00	0.0000000000000000e+00
7.1700000000000002e-03	0.0000000000000000e+00	0.0000000000000000e+00
7.1900000000000002e-03	0.0000000000000000e+00	0.0000000000000000e+00
7.2100000000000003e-03	0.0000000000000000e+00	0.0000000000000000e+00
7.2300000000000003e-03	0.0000000000000000e+00	0.0000000000000000e+00
7.2500000000000004e-03	0.0000000000000000e+00	0.0000000000000000e+00
7.2700000000000004e-03	0.0000000000000000e+00	0.0000000000000000e+00
7.2900000000000005e-03	0.0000000000000000e+00	0.0000000000000000e+00
7.3100000000000005e-03	0.0000000000000000e+00	0.0000000000000000e+00
7.3300000000000006e-03	0.0000000000000000e+00	0.0000000000000000e+00
7.3500000000000006e-03	0.0000000000000000e+00	0.0000000000000000e+00
7.3700000000000007e-03	0.0000000000000000e+00	0.0000000000000000e+00
7.3900000000000007e-03	0.0000000000000000e+00	0.0000000000000000e+00
7.4100000000000008e-03	0.0000000000000000e+00	0.0000000000000000e+00
7.4300000000000008e-03	0.0000000000000000e+00	0.0000000000000000e+00
7.4500000000000009e-03	0.0000000000000000e+00	0.0000000000000000e+00
7.4700000000000009e-03	0.0000000000000000e+00	0.0000000000000000e+00
7.4900000000000010e-03	0.0000000000000000e+00	0.0000000000000000e+00
7.5100000000000002e-03	0.0000000000000000e+00	0.0000000000000000e+00
7.5300000000000002e-03	0.0000000000000000e+00	0.0000000000000000e+00
7.5500000000000003e-03	0.0000000000000000e+00	0.0000000000000000e+00
7.5700000000000003e-03	0.0000000000000000e+00	0.0000000000000000e+00
7.5900000000000004e-03	0.0000000000000000e+00	0.0000000000000000e+00
7.6100000000000004e-03	0.0000000000000000e+00	0.0000000000000000e+00
7.6300000000000005e-03	0.0000000000000000e+00	0.0000000000000000e+00
7.6500000000000005e-03	0.0000000000000000e+00	0.0000000000000000e+00
7.6700000000000006e-03	0.0000000000000000e+00	0.0000000000000000e+00
7.6900000000000007e-03	0.0000000000000000e+00	0.0000000000000000e+00
7.7100000000000007e-03	0.0000000000000000e+00	0.0000000000000000e+00
7.7300000000000008e-03	0.0000000000000000e+00	0.0000000000000000e+00
7.7500000000000008e-03	0.0000000000000000e+00	0.0000000000000000e+00
7.7700000000000009e-03	0.0000000000000000e+00	0.0000000000000000e+00
7.7900000000000009e-03	0.0000000000000000e+00	0.0000000000000000e+00
7.8100000000000010e-03	0.0000000000000000e+00	0.0000000000000000e+00
7.8300000000000002e-03	0.0000000000000000e+00	0.0000000000000000e+00
7.8500000000000011e-03	0.0000000000000000e+00	0.0000000000000000e+00
7.8700000000000003e-03	0.0000000000000000e+00	0.0000000000000000e+00
7.8900000000000012e-03	0.0000000000000000e+00	0.0000000000000000e+00
7.9100000000000004e-03	0.0000000000000000e+00	0.0000000000000000e+00
7.9300000000000013e-03	0.0000000000000000e+00	0.0000000000000000e+00
7.9500000000000005e-03	0.0000000000000000e+00	0.0000000000000000e+00
7.9700000000000014e-03	0.0000000000000000e+00	0.0000000000000000e+00
7.9900000000000006e-03	0.0000000000000000e+00	0.0000000000000000e+00
8.0100000000000015e-03	0.0000000000000000e+00	0.0000000000000000e+00
8.0300000000000007e-03	0.0000000000000000e+00	0.0000000000000000e+00
8.0499999999999999e-03	0.0000000000000000e+00	0.0000000000000000e+00
8.0700000000000008e-03	0.0000000000000000e+00	0.0000000000000000e+00
8.0900000000000000e-03	0.0000000000000000e+00	0.0000000000000000e+00
8.1100000000000009e-03	0.0000000000000000e+00	0.0000000000000000e+00
8.1300000000000001e-03	0.0000000000000000e+00	0.0000000000000000e+00
8.1500000000000010e-03	0.0000000000000000e+00	0.0000000000000000e+00
8.1700000000000002e-03	0.0000000000000000e+00	0.0000000000000000e+00
8.1900000000000011e-03	0.0000000000000000e+00	0.0000000000000000e+00
8.2100000000000003e-03	0.0000000000000000e+00	0.0000000000000000e+00
8.2300000000000012e-03	0.0000000000000000e+00	0.0000000000000000e+00
8.2500000000000004e-03	0.0000000000000000e+00	0.0000000000000000e+00
8.2700000000000013e-03	0.0000000000000000e+00	0.0000000000000000e+00
8.2900000000000005e-03	0.0000000000000000e+00	0.0000000000000000e+00
8.3100000000000014e-03	0.0000000000000000e+00	0.0000000000000000e+00
8.3300000000000006e-03	0.0000000000000000e+00	0.0000000000000000e+00
8.3500000000000015e-03	0.0000000000000000e+00	0.0000000000000000e+00
8.3700000000000007e-03	0.0000000000000000e+00	0.0000000000000000e+00
8.3899999999999999e-03	0.0000000000000000e+00	0.0000000000000000e+00
8.4100000000000008e-03	0.0000000000000000e+00	0.0000000000000000e+00
8.4300000000000000e-03	0.0000000000000000e+00	0.0000000000000000e+00
8.4500000000000009e-03	0.0000000000000000e+00	0.0000000000000000e+00
8.4700000000000001e-03	0.0000000000000000e+00	0.0000000000000000e+00
8.4900000000000010e-03	0.0000000000000000e+00	0.0000000000000000e+00
8.5100000000000002e-03	0.0000000000000000e+00	0.0000000000000000e+00
8.5300000000000011e-03	0.0000000000000000e+00	0.0000000000000000e+00
8.5500000000000003e-03	0.0000000000000000e+00	0.0000000000000000e+00
8.5700000000000012e-03	0.0000000000000000e+00	0.0000000000000000e+00
8.5900000000000004e-03	0.0000000000000000e+00	0.0000000000000000e+00
8.6100000000000013e-03	0.0000000000000000e+00	0.0000000000000000e+00
8.6300000000000005e-03	0.0000000000000000e+00	0.0000000000000000e+00
8.6500000000000014e-03	0.0000000000000000e+00	0.0000000000000000e+00
8.6700000000000006e-03	0.0000000000000000e+00	0.0000000000000000e+00
8.6900000000000015e-03	0.0000000000000000e+00	0.0000000000000000e+00
8.7100000000000007e-03	0.0000000000000000e+00	0.0000000000000000e+00
8.7299999999999999e-03	0.0000000000000000e+00	0.0000000000000000e+00
8.7500000000000008e-03	0.0000000000000000e+00	0.0000000000000000e+00
8.7700000000000000e-03	0.0000000000000000e+00	0.0000000000000000e+00
8.7900000000000009e-03	0.0000000000000000e+00	0.0000000000000000e+00
8.8100000000000001e-03	0.0000000000000000e+00	0.0000000000000000e+00
8.8300000000000010e-03	0.0000000000000000e+00	0.0000000000000000e+00
8.8500000000000002e-03	0.0000000000000000e+00	0.0000000000000000e+00
8.8700000000000011e-03	0.0000000000000000e+00	0.0000000000000000e+00
8.8900000000000003e-03	0.0000000000000000e+00	0.0000000000000000e+00
8.9100000000000013e-03	0.0000000000000000e+00	0.0000000000000000e+00
8.9300000000000004e-03	0.0000000000000000e+00	0.0000000000000000e+00
8.9500000000000014e-03	0.0000000000000000e+00	0.0000000000000000e+00
8.9700000000000005e-03	0.0000000000000000e+00	0.0000000000000000e+00
8.9900000000000015e-03	0.0000000000000000e+00	0.0000000000000000e+00
9.0100000000000006e-03	0.0000000000000000e+00	0.0000000000000000e+00
9.0300000000000016e-03	0.0000000000000000e+00	0.0000000000000000e+00
9.0500000000000008e-03	0.0000000000000000e+00	0.0000000000000000e+00
9.0699999999999999e-03	0.0000000000000000e+00	0.0000000000000000e+00
9.0900000000000009e-03	0.0000000000000000e+00	0.0000000000000000e+00
9.1100000000000000e-03	0.0000000000000000e+00	0.0000000000000000e+00
9.1300000000000010e-03	0.0000000000000000e+00	0.0000000000000000e+00
9.1500000000000001e-03	0.0000000000000000e+00	0.0000000000000000e+00
9.1700000000000011e-03	0.0000000000000000e+00	0.0000000000000000e+00
9.1900000000000003e-03	0.0000000000000000e+00	0.0000000000000000e+00
9.2100000000000012e-03	0.0000000000000000e+00	0.0000000000000000e+00
9.2300000000000004e-03	0.0000000000000000e+00	0.0000000000000000e+00
9.2500000000000013e-03	0.0000000000000000e+00	0.0000000000000000e+00
9.2700000000000005e-03	0.0000000000000000e+00	0.0000000000000000e+00
9.2900000000000014e-03	0.0000000000000000e+00	0.0000000000000000e+00
9.3100000000000006e-03	0.0000000000000000e+00	0.0000000000000000e+00
9.3300000000000015e-03	0.0000000000000000e+00	0.0000000000000000e+00
9.3500000000000007e-03	0.0000000000000000e+00	0.0000000000000000e+00
9.3700000000000016e-03	0.0000000000000000e+00	0.0000000000000000e+00
9.3900000000000008e-03	0.0000000000000000e+00	0.0000000000000000e+00
9.4100000000000000e-03	0.0000000000000000e+00	0.0000000000000000e+00
9.4300000000000009e-03	0.0000000000000000e+00	0.0000000000000000e+00
9.4500000000000001e-03	0.0000000000000000e+00	0.0000000000000000e+00
9.4700000000000010e-03	0.0000000000000000e+00	0.0000000000000000e+00
9.4900000000000002e-03	0.0000000000000000e+00	0.0000000000000000e+00
9.5100000000000011e-03	0.0000000000000000e+00	0.0000000000000000e+00
9.5300000000000003e-03	0.0000000000000000e+00	0.0000000000000000e+00
9.5500000000000012e-03	0.0000000000000000e+00	0.0000000000000000e+00
9.5700000000000004e-03	0.0000000000000000e+00	0.0000000000000000e+00
9.5900000000000013e-03	0.0000000000000000e+00	0.0000000000000000e+00
9.6100000000000005e-03	0.0000000000000000e+00	0.0000000000000000e+00
9.6300000000000014e-03	0.0000000000000000e+00	0.0000000000000000e+00
9.6500000000000006e-03	0.0000000000000000e+00	0.0000000000000000e+00
9.6700000000000015e-03	0.0000000000000000e+00	0.0000000000000000e+00
9.6900000000000007e-03	0.0000000000000000e+00	0.0000000000000000e+00
9.7100000000000016e-03	0.0000000000000000e+00	0.0000000000000000e+00
9.7300000000000008e-03	0.0000000000000000e+00	0.0000000000000000e+00
9.7500000000000000e-03	0.0000000000000000e+00	0.0000000000000000e+00
9.7700000000000009e-03	0.0000000000000000e+00	0.0000000000000000e+00
9.7900000000000001e-03	0.0000000000000000e+00	0.0000000000000000e+00
9.8100000000000010e-03	0.0000000000000000e+00	0.0000000000000000e+00
9.8300000000000002e-03	0.0000000000000000e+00	0.0000000000000000e+00
9.8500000000000011e-03	0.0000000000000000e+00	0.0000000000000000e+00
9.8700000000000003e-03	0.0000000000000000e+00	0.0000000000000000e+00
9.8900000000000012e-03	0.0000000000000000e+00	0.0000000000000000e+00
9.9100000000000004e-03	0.0000000000000000e+00	0.0000000000000000e+00
9.9300000000000013e-03	0.0000000000000000e+00	0.0000000000000000e+00
9.9500000000000005e-03	0.0000000000000000e+00	0.0000000000000000e+00
9.9700000000000014e-03	0.0000000000000000e+00	0.0000000000000000e+00
9.9900000000000006e-03	0.0000000000000000e+00	0.0000000000000000e+00
1.0010000000000002e-02	0.0000000000000000e+00	0.0000000000000000e+00
1.0030000000000001e-02	0.0000000000000000e+00	0.0000000000000000e+00
1.0050000000000002e-02	0.0000000000000000e+00	0.0000000000000000e+00
1.0070000000000001e-02	0.0000000000000000e+00	0.0000000000000000e+00
1.0090000000000000e-02	0.0000000000000000e+00	0.0000000000000000e+00
1.0110000000000001e-02	0.0000000000000000e+00	0.0000000000000000e+00
1.0130000000000000e-02	0.0000000000000000e+00	0.0000000000000000e+00
1.0150000000000001e-02	0.0000000000000000e+00	0.0000000000000000e+00
1.0170000000000000e-02	0.0000000000000000e+00	0.0000000000000000e+00
1.0190000000000001e-02	0.0000000000000000e+00	0.0000000000000000e+00
1.0210000000000000e-02	0.0000000000000000e+00	0.0000000000000000e+00
1.0230000000000001e-02	0.0000000000000000e+00	0.0000000000000000e+00
1.0250000000000000e-02	0.0000000000000000e+00	0.0000000000000000e+00
1.0270000000000001e-02	0.0000000000000000e+00	0.0000000000000000e+00
1.0290000000000001e-02	0.0000000000000000e+00	0.0000000000000000e+00
1.0310000000000001e-02	0.0000000000000000e+00	0.0000000000000000e+00
1.0330000000000001e-02	0.0000000000000000e+00	0.0000000000000000e+00
1.0350000000000002e-02	0.0000000000000000e+00	0.0000000000000000e+00
1.0370000000000001e-02	0.0000000000000000e+00	0.0000000000000000e+00
1.0390000000000002e-02	0.0000000000000000e+00	0.0000000000000000e+00
1.0410000000000001e-02	0.0000000000000000e+00	0.0000000000000000e+00
1.0430000000000000e-02	0.0000000000000000e+00	0.0000000000000000e+00
1.0450000000000001e-02	0.0000000000000000e+00	0.0000000000000000e+00
1.0470000000000000e-02	0.0000000000000000e+00	0.0000000000000000e+00
1.0490000000000001e-02	0.0000000000000000e+00	0.0000000000000000e+00
1.0510000000000000e-02	0.0000000000000000e+00	0.0000000000000000e+00
1.0530000000000001e-02	0.0000000000000000e+00	0.0000000000000000e+00
1.0550000000000000e-02	0.0000000000000000e+00	0.0000000000000000e+00
1.0570000000000001e-02	0.0000000000000000e+00	0.0000000000000000e+00
1.0590000000000000e-02	0.0000000000000000e+00	0.0000000000000000e+00
1.0610000000000001e-02	0.0000000000000000e+00	0.0000000000000000e+00
1.0630000000000001e-02	0.0000000000000000e+00	0.0000000000000000e+00
1.0650000000000001e-02	0.0000000000000000e+00	0.0000000000000000e+00
1.0670000000000001e-02	0.0000000000000000e+00	0.0000000000000000e+00
1.0690000000000002e-02	0.0000000000000000e+00	0.0000000000000000e+00
1.0710000000000001e-02	0.0000000000000000e+00	0.0000000000000000e+00
1.0730000000000002e-02	0.0000000000000000e+00	0.0000000000000000e+00
1.0750000000000001e-02	0.0000000000000000e+00	0.0000000000000000e+00
1.0770000000000000e-02	0.0000000000000000e+00	0.0000000000000000e+00
1.0790000000000001e-02	0.0000000000000000e+00	0.0000000000000000e+00
1.0810000000000000e-02	0.0000000000000000e+00	0.0000000000000000e+00
1.0830000000000001e-02	0.0000000000000000e+00	0.0000000000000000e+00
1.0850000000000000e-02	0.0000000000000000e+00	0.0000000000000000e+00
1.0870000000000001e-02	0.0000000000000000e+00	0.0000000000000000e+00
1.0890000000000000e-02	0.0000000000000000e+00	0.0000000000000000e+00
1.0910000000000001e-02	0.0000000000000000e+00	0.0000000000000000e+00
1.0930000000000000e-02	0.0000000000000000e+00	0.0000000000000000e+00
1.0950000000000001e-02	0.0000000000000000e+00	0.0000000000000000e+00
1.0970000000000001e-02	0.0000000000000000e+00	0.0000000000000000e+00
1.0990000000000002e-02	0.0000000000000000e+00	0.0000000000000000e+00
1.1010000000000001e-02	0.0000000000000000e+00	0.0000000000000000e+00
1.1030000000000002e-02	0.0000000000000000e+00	0.0000000000000000e+00
1.1050000000000001e-02	0.0000000000000000e+00	0.0000000000000000e+00
1.1070000000000002e-02	0.0000000000000000e+00	0.0000000000000000e+00
1.1090000000000001e-02	0.0000000000000000e+00	0.0000000000000000e+00
1.1110000000000000e-02	0.0000000000000000e+00	0.0000000000000000e+00
1.1130000000000001e-02	0.0000000000000000e+00	0.0000000000000000e+00
1.1150000000000000e-02	0.0000000000000000e+00	0.0000000000000000e+00
1.1170000000000001e-02	0.0000000000000000e+00	0.0000000000000000e+00
1.1190000000000000e-02	0.0000000000000000e+00	0.0000000000000000e+00
1.1210000000000001e-02	0.0000000000000000e+00	0.0000000000000000e+00
1.1230000000000000e-02	0.0000000000000000e+00	0.0000000000000000e+00
1.1250000000000001e-02	0.0000000000000000e+00	0.0000000000000000e+00
1.1270000000000001e-02	0.0000000000000000e+00	0.0000000000000000e+00
1.1290000000000001e-02	0.0000000000000000e+00	0.0000000000000000e+00
1.1310000000000001e-02	0.0000000000000000e+00	0.0000000000000000e+00
1.1330000000000002e-02	0.0000000000000000e+00	0.0000000000000000e+00
1.1350000000000001e-02	0.0000000000000000e+00	0.0000000000000000e+00
1.1370000000000002e-02	0.0000000000000000e+00	0.0000000000000000e+00
1.1390000000000001e-02	0.0000000000000000e+00	0.0000000000000000e+00
1.1410000000000002e-02	0.0000000000000000e+00	0.0000000000000000e+00
1.1430000000000001e-02	0.0000000000000000e+00	0.0000000000000000e+00
1.1450000000000000e-02	0.0000000000000000e+00	0.0000000000000000e+00
1.1470000000000001e-02	0.0000000000000000e+00	0.0000000000000000e+00
1.1490000000000000e-02	0.0000000000000000e+00	0.0000000000000000e+00
1.1510000000000001e-02	0.0000000000000000e+00	0.0000000000000000e+00
1.1530000000000000e-02	0.0000000000000000e+00	0.0000000000000000e+00
1.1550000000000001e-02	0.0000000000000000e+00	0.0000000000000000e+00
1.1570000000000000e-02	0.0000000000000000e+00	0.0000000000000000e+00
1.1590000000000001e-02	0.0000000000000000e+00	0.0000000000000000e+00
1.1610000000000001e-02	0.0000000000000000e+00	0.0000000000000000e+00
1.1630000000000001e-02	0.0000000000000000e+00	0.0000000000000000e+00
1.1650000000000001e-02	0.0000000000000000e+00	0.0000000000000000e+00
1.1670000000000002e-02	0.0000000000000000e+00	0.0000000000000000e+00
1.1690000000000001e-02	0.0000000000000000e+00	0.0000000000000000e+00
1.1710000000000002e-02	0.0000000000000000e+00	0.0000000000000000e+00
1.1730000000000001e-02	0.0000000000000000e+00	0.0000000000000000e+00
1.1750000000000002e-02	0.0000000000000000e+00	0.0000000000000000e+00
1.1770000000000001e-02	0.0000000000000000e+00	0.0000000000000000e+00
1.1790000000000000e-02	0.0000000000000000e+00	0.0000000000000000e+00
1.1810000000000001e-02	0.0000000000000000e+00	0.0000000000000000e+00
1.1830000000000000e-02	0.0000000000000000e+00	0.0000000000000000e+00
1.1850000000000001e-02	0.0000000000000000e+00	0.0000000000000000e+00
1.1870000000000000e-02	0.0000000000000000e+00	0.0000000000000000e+00
1.1890000000000001e-02	0.0000000000000000e+00	0.0000000000000000e+00
1.1910000000000000e-02	0.0000000000000000e+00	0.0000000000000000e+00
1.1930000000000001e-02	0.0000000000000000e+00	0.0000000000000000e+00
1.1950000000000001e-02	0.0000000000000000e+00	0.0000000000000000e+00
1.1970000000000001e-02	0.0000000000000000e+00	0.0000000000000000e+00
1.1990000000000001e-02	0.0000000000000000e+00	0.0000000000000000e+00
