1.0000000000000001e-05	9.8771358778570195e-01	7.4447969778394463e-02
3.0000000000000004e-05	9.7439918611651632e-01	8.3268370121305030e-02
5.0000000000000002e-05	9.8158554141924181e-01	6.4360450286567950e-02
7.0000000000000007e-05	9.7378828659820360e-01	3.9846299056152626e-02
9.0000000000000006e-05	9.7369892417907056e-01	8.1358728395418578e-02
1.1000000000000000e-04	9.7256839971159748e-01	1.1092164443831935e-01
1.3000000000000002e-04	9.5912085357069221e-01	1.4590061663738890e-01
1.5000000000000001e-04	9.6500475762932891e-01	1.7202632672512133e-01
1.7000000000000001e-04	9.5265997531841540e-01	1.9520426718331615e-01
1.9000000000000001e-04	9.3055771200832849e-01	1.3406852182951123e-01
2.1000000000000001e-04	9.3041079056582099e-01	1.5225604785693814e-01
2.3000000000000001e-04	9.3097920011950253e-01	1.4988395569672330e-01
2.5000000000000001e-04	9.3634642427343384e-01	1.4628004908539829e-01
2.7000000000000000e-04	9.4422757394073586e-01	1.9652126350759780e-01
2.9000000000000000e-04	9.3334987490317833e-01	2.1800749415324716e-01
3.1000000000000000e-04	9.3416808640204285e-01	2.2180570321137794e-01
3.3000000000000005e-04	9.2486627628286022e-01	2.5020357253278896e-01
3.5000000000000005e-04	9.2918104010581515e-01	3.0230120989956993e-01
3.7000000000000005e-04	9.3254056832859356e-01	2.9375600020026216e-01
3.9000000000000005e-04	9.3677203961721445e-01	2.4938207182320785e-01
4.1000000000000005e-04	9.4923955858838216e-01	2.2151622918476072e-01
4.3000000000000004e-04	9.2642856602024581e-01	2.3828179735426167e-01
4.5000000000000004e-04	9.2738176309853393e-01	2.4354322958169536e-01
4.7000000000000004e-04	8.9067350778144372e-01	2.9956237950625758e-01
4.9000000000000009e-04	8.8760654237975489e-01	2.6289700110020758e-01
5.1000000000000004e-04	8.9753045010076493e-01	2.1736980016918639e-01
5.3000000000000009e-04	8.8973058845603292e-01	1.8274190135978799e-01
5.5000000000000003e-04	8.9548069989772194e-01	1.7990598529192400e-01
5.7000000000000009e-04	8.9225656120753738e-01	1.8219672198601547e-01
5.9000000000000003e-04	9.0242056375719093e-01	1.6848230764286806e-01
6.1000000000000008e-04	9.0179476832250627e-01	2.1754908925560223e-01
6.3000000000000003e-04	9.0122212842059657e-01	2.0302764555000516e-01
6.5000000000000008e-04	9.0670893939950881e-01	2.2405453873099204e-01
6.7000000000000002e-04	9.1665232529999219e-01	1.9676238192277024e-01
6.9000000000000008e-04	9.3318459917428809e-01	2.0797155097614203e-01
7.1000000000000002e-04	9.5464463926996368e-01	1.7201305380254661e-01
7.3000000000000007e-04	9.4958483192854581e-01	1.8483866920268191e-01
7.5000000000000002e-04	9.3532382809021730e-01	2.2865134948485299e-01
7.7000000000000007e-04	9.1193533053047804e-01	2.7112671791980464e-01
7.9000000000000001e-04	9.0434974766459419e-01	3.0358962993163652e-01
8.1000000000000006e-04	8.8801693666228787e-01	3.6148152083170892e-01
8.3000000000000012e-04	8.7706924808290376e-01	4.1515857424276914e-01
8.5000000000000006e-04	8.6919747030144512e-01	4.2304912609532153e-01
8.7000000000000011e-04	8.8203750653404966e-01	3.9137093641241150e-01
8.9000000000000006e-04	8.7501466331657107e-01	4.1088977695343648e-01
9.1000000000000011e-04	8.8034712441772711e-01	3.5926044747936992e-01
9.3000000000000005e-04	8.8194626689272804e-01	3.5261029476350014e-01
9.5000000000000011e-04	8.7368624056770461e-01	3.1036648223023466e-01
9.7000000000000005e-04	8.9374990008399646e-01	2.7317085089029425e-01
9.8999999999999999e-04	9.2088392154336940e-01	2.5328322410902410e-01
1.0100000000000000e-03	9.3729296915946436e-01	2.1243884524512838e-01
1.0300000000000001e-03	9.4613951292170828e-01	1.9752873771107157e-01
1.0500000000000002e-03	9.4588186789939854e-01	1.3972776167058518e-01
1.0700000000000000e-03	9.3333169344391698e-01	1.3255671892526813e-01
1.0900000000000000e-03	9.2698605250822297e-01	1.6873443589513204e-01
1.1100000000000001e-03	9.4172606177623175e-01	1.6499624746226144e-01
1.1300000000000001e-03	9.4057925907674067e-01	1.6527846780826405e-01
1.1500000000000002e-03	9.1428567814641470e-01	2.2671119997044947e-01
1.1700000000000000e-03	8.9919078416807863e-01	1.8427472668067535e-01
1.1900000000000001e-03	8.8497659840186416e-01	2.3824446682446107e-01
1.2100000000000001e-03	8.8874335724789955e-01	2.7875765313606232e-01
1.2300000000000002e-03	8.9915730558573081e-01	2.6420741308315993e-01
1.2500000000000000e-03	8.9881713479455250e-01	2.5683204844519303e-01
1.2700000000000001e-03	8.8338102157093623e-01	2.7516959194899049e-01
1.2900000000000001e-03	8.7125673775501611e-01	3.2796735097187074e-01
1.3100000000000002e-03	8.5583962896020216e-01	3.5567654844624780e-01
1.3300000000000000e-03	8.3827619946652487e-01	3.7981052640066171e-01
1.3500000000000001e-03	8.4575730581373132e-01	3.4787799749753401e-01
1.3700000000000001e-03	7.9554611866254810e-01	3.9177160761875029e-01
1.3900000000000002e-03	7.7390845731583535e-01	4.4069221544167758e-01
1.4100000000000000e-03	7.4917932019261801e-01	4.6139989350941135e-01
1.4300000000000001e-03	7.5928560861045957e-01	4.3860178071551825e-01
1.4500000000000001e-03	7.5744745628285959e-01	4.3842978192734305e-01
1.4700000000000002e-03	7.4940603706874032e-01	3.8777657713068170e-01
1.4900000000000002e-03	7.7272105455986795e-01	3.6463239746439907e-01
1.5100000000000001e-03	7.5438307602462817e-01	3.4830636917628882e-01
1.5300000000000001e-03	7.7092133349290359e-01	3.3428738854556117e-01
1.5500000000000002e-03	7.5449461226452486e-01	3.7657849638300595e-01
1.5700000000000002e-03	7.3539553617559006e-01	3.9660413485365648e-01
1.5900000000000001e-03	6.9739038828208477e-01	4.1998941183813748e-01
1.6100000000000001e-03	7.0708238316152072e-01	4.0015326510322119e-01
1.6300000000000002e-03	6.5980821586771643e-01	4.2833504712788656e-01
1.6500000000000002e-03	6.0605129981678563e-01	3.9238550901571001e-01
1.6700000000000000e-03	5.9493040459517554e-01	4.0202964244087591e-01
1.6900000000000001e-03	5.7287792959261608e-01	3.5950164409449920e-01
1.7100000000000001e-03	5.6030179717411743e-01	3.7147162555387836e-01
1.7300000000000002e-03	5.6730885870514702e-01	4.1385877617840200e-01
1.7500000000000000e-03	5.7763453239544849e-01	4.1949489441365972e-01
1.7700000000000001e-03	5.6458740006935060e-01	3.6099210056343417e-01
1.7900000000000001e-03	5.5136604296448177e-01	3.5238035187047317e-01
1.8100000000000002e-03	5.4829615954146516e-01	3.2764809029752073e-01
1.8300000000000002e-03	5.0283416850751184e-01	3.3047325495398028e-01
1.8500000000000001e-03	4.7289829351030876e-01	3.3377396641649104e-01
1.8700000000000001e-03	4.6285993877364967e-01	3.3247246432784311e-01
1.8900000000000002e-03	4.5476502473287234e-01	3.4197777623726111e-01
1.9100000000000002e-03	4.4632506842518621e-01	3.1686976237353182e-01
1.9300000000000001e-03	4.4486414439704741e-01	3.3165204300961898e-01
1.9500000000000001e-03	4.4463764715433446e-01	3.6259472993881819e-01
1.9700000000000000e-03	4.2161118748033999e-01	3.6303917032712718e-01
1.9900000000000000e-03	4.2477023234377903e-01	3.7051298265972837e-01
2.0100000000000001e-03	4.1727289628160286e-01	3.7170313566412089e-01
2.0300000000000001e-03	4.1341169270684158e-01	3.6812943434323364e-01
2.0500000000000002e-03	4.0042620555218233e-01	3.5636214582839226e-01
2.0700000000000002e-03	3.9592331155454863e-01	3.8013269982781139e-01
2.0900000000000003e-03	4.0671843803570890e-01	3.9324793385892809e-01
2.1100000000000003e-03	4.0322197841270130e-01	3.9755523289393430e-01
2.1300000000000004e-03	3.6461407476221219e-01	3.7815607919067917e-01
2.1500000000000000e-03	3.5069508215414952e-01	3.9805496376854954e-01
2.1700000000000001e-03	3.3123883683996741e-01	3.9357519960436194e-01
2.1900000000000001e-03	3.3366292019723076e-01	4.2793069653015181e-01
2.2100000000000002e-03	3.1442466695167459e-01	3.9683602376273647e-01
2.2300000000000002e-03	3.0764578286922845e-01	3.7727375229676963e-01
2.2500000000000003e-03	3.1428357327425682e-01	3.8156323187279001e-01
2.2700000000000003e-03	3.1560812917268088e-01	4.3686860565209956e-01
2.2900000000000004e-03	3.1350240404667279e-01	4.2789870116535877e-01
2.3100000000000000e-03	3.1327020406911193e-01	3.8819093015411832e-01
2.3300000000000000e-03	3.2933258077001309e-01	3.7655132634049648e-01
2.3500000000000001e-03	3.1429554686058903e-01	3.5694465761038080e-01
2.3700000000000001e-03	3.3068561799357454e-01	3.5877356746870492e-01
2.3900000000000002e-03	3.3070259463794022e-01	3.5919396700286083e-01
2.4100000000000002e-03	3.1834662211607428e-01	3.0645727774839321e-01
2.4300000000000003e-03	3.2950545516154700e-01	3.0972066438047396e-01
2.4500000000000004e-03	3.3901778283611805e-01	3.4889210128759229e-01
2.4700000000000004e-03	3.4361643790997143e-01	3.4769477490877737e-01
2.4900000000000000e-03	3.2954677372036945e-01	3.0216749071914217e-01
2.5100000000000001e-03	3.4710208753201272e-01	2.9805579497777268e-01
2.5300000000000001e-03	3.2241197810326871e-01	2.6035734448970221e-01
2.5500000000000002e-03	3.3543855580169196e-01	2.5519436768616993e-01
2.5700000000000002e-03	3.0917160076701311e-01	2.3318196855252696e-01
2.5900000000000003e-03	2.9675913413025334e-01	2.3345054036818208e-01
2.6100000000000003e-03	2.7319314471762668e-01	2.1748996381091820e-01
2.6300000000000004e-03	2.7241258065455698e-01	2.2656339039500420e-01
2.6500000000000000e-03	2.7218115524784875e-01	2.2703107389529997e-01
2.6700000000000001e-03	2.6203390841502910e-01	2.0548074697241395e-01
2.6900000000000001e-03	2.6174877184123302e-01	2.1074927489330203e-01
2.7100000000000002e-03	2.5989131991857101e-01	2.0377884902386845e-01
2.7300000000000002e-03	2.5938331534072789e-01	1.8820184735590959e-01
2.7500000000000003e-03	2.5577808854166634e-01	1.8698547683478184e-01
2.7700000000000003e-03	2.5143827084780529e-01	1.8488676010370839e-01
2.7900000000000004e-03	2.6093511519228574e-01	1.9508700218238975e-01
2.8100000000000004e-03	2.6639445548383267e-01	1.9071315072678166e-01
2.8300000000000001e-03	2.3807139478083714e-01	1.8368102943242184e-01
2.8500000000000001e-03	2.3130650783607001e-01	1.8184906524731070e-01
2.8700000000000002e-03	2.3570751780459789e-01	1.7143181868049256e-01
2.8900000000000002e-03	2.8316167724736424e-01	1.8425849952195336e-01
2.9100000000000003e-03	2.8397936719059186e-01	1.7182252294596773e-01
2.9300000000000003e-03	3.2872225330691413e-01	1.9114074663359418e-01
2.9500000000000004e-03	3.1602311044528081e-01	1.6505813245544404e-01
2.9700000000000004e-03	2.9773972210332533e-01	1.5720313947023790e-01
2.9900000000000000e-03	3.0328962418922900e-01	1.6481487485464030e-01
3.0100000000000001e-03	3.2449494998305783e-01	1.9454830686088068e-01
3.0300000000000001e-03	3.3537585206688192e-01	1.7113092134615360e-01
3.0500000000000002e-03	3.3340902999998806e-01	1.6684182303394565e-01
3.0700000000000002e-03	3.7441018735789272e-01	1.7973364873351119e-01
3.0900000000000003e-03	3.6979631552308423e-01	1.8570204630785295e-01
3.1100000000000004e-03	3.8054107287792283e-01	1.8087874729743747e-01
3.1300000000000004e-03	3.7253587800952309e-01	1.7780621423595905e-01
3.1500000000000005e-03	3.7421616406223629e-01	1.8942775811260285e-01
3.1700000000000001e-03	3.7140813137624690e-01	1.9070617180153349e-01
3.1900000000000001e-03	3.9596531647796096e-01	1.9127898674571986e-01
3.2100000000000002e-03	3.9285872418316781e-01	1.8048288969867252e-01
3.2300000000000002e-03	3.9822548313742251e-01	1.9364203509576325e-01
3.2500000000000003e-03	3.8322312557907756e-01	1.8001876877355791e-01
3.2700000000000003e-03	3.6181487589156780e-01	1.6357471818656019e-01
3.2900000000000004e-03	3.7126428954623214e-01	1.4705090563107903e-01
3.3100000000000004e-03	3.6769835887375951e-01	1.6457976926757403e-01
3.3300000000000001e-03	3.7673405441691971e-01	1.7756322688297382e-01
3.3500000000000001e-03	3.6434983592956827e-01	1.9267356464656987e-01
3.3700000000000002e-03	3.1144701332439800e-01	1.8140492245931958e-01
3.3900000000000002e-03	3.1383547895481728e-01	1.8970175607472153e-01
3.4100000000000003e-03	2.7430779529489996e-01	1.8301301248558696e-01
3.4300000000000003e-03	3.0115157260579656e-01	2.0523387057153342e-01
3.4500000000000004e-03	3.1289800049987360e-01	1.9207987865614959e-01
3.4700000000000004e-03	3.2940445834949200e-01	2.2401453367428137e-01
3.4900000000000005e-03	3.1906093856129270e-01	2.3313106788289548e-01
3.5100000000000001e-03	3.2373821465736918e-01	2.6068419743710686e-01
3.5300000000000002e-03	3.3973658448820676e-01	2.4755192946971560e-01
3.5500000000000002e-03	3.4128001274049924e-01	2.6403059175084037e-01
3.5700000000000003e-03	3.4719553977546891e-01	2.4982288687240128e-01
3.5900000000000003e-03	3.6861695363353519e-01	2.7496325354337697e-01
3.6100000000000004e-03	3.4189443909172151e-01	2.7053463517638560e-01
3.6300000000000004e-03	3.3212574216280544e-01	2.7661716434828426e-01
3.6500000000000005e-03	3.9250628349992134e-01	2.8633044513461015e-01
3.6700000000000001e-03	3.8700084008365881e-01	3.1001082881188075e-01
3.6900000000000001e-03	3.7597709599179829e-01	3.0281231278542409e-01
3.7100000000000002e-03	3.7206461742136127e-01	3.1987711412750247e-01
3.7300000000000002e-03	3.7411865859598503e-01	3.5836775572889867e-01
3.7500000000000003e-03	3.5003548292412900e-01	3.7400649145327702e-01
3.7700000000000003e-03	3.5301814312534324e-01	3.9420914551620945e-01
3.7900000000000004e-03	3.6161758044080150e-01	3.8211758122665418e-01
3.8100000000000005e-03	3.5572943559183090e-01	3.6229407209948006e-01
3.8300000000000005e-03	3.2194432459024180e-01	3.5764139439892806e-01
3.8500000000000001e-03	3.2237417135382979e-01	3.3329652020327116e-01
3.8700000000000002e-03	2.9769579640414107e-01	3.1887009770631286e-01
3.8900000000000002e-03	2.6427989205583102e-01	3.1626951910401946e-01
3.9100000000000003e-03	2.8820526470232444e-01	3.1803780641381119e-01
3.9300000000000003e-03	2.9901462620478347e-01	2.9638202755064147e-01
3.9500000000000004e-03	3.0686240322131242e-01	2.8112308723104779e-01
3.9700000000000004e-03	3.0906025200264242e-01	2.7745340857355905e-01
3.9900000000000005e-03	2.8835697638167929e-01	2.9074944730736985e-01
4.0100000000000005e-03	2.8693877286197750e-01	2.7960361193166411e-01
4.0300000000000006e-03	2.9408497577889470e-01	2.9280769859946676e-01
4.0500000000000006e-03	3.0143634141380327e-01	3.1905805922720126e-01
4.0700000000000007e-03	3.0169269940459503e-01	3.1072296245708747e-01
4.0900000000000008e-03	2.6691717536073317e-01	2.7531108182588582e-01
4.1099999999999999e-03	2.7710682889267690e-01	2.7797157590059540e-01
4.1300000000000000e-03	2.6314584721591427e-01	2.7215790515985649e-01
4.1500000000000000e-03	2.8387915169217870e-01	2.7840707017222982e-01
4.1700000000000001e-03	2.5228645282059525e-01	2.5968056941780121e-01
4.1900000000000001e-03	2.3840018726037704e-01	2.4723639667218980e-01
4.2100000000000002e-03	2.3586841986978946e-01	2.4993260828626856e-01
4.2300000000000003e-03	2.3016235417363415e-01	2.1891477795887135e-01
4.2500000000000003e-03	2.1581544089393204e-01	2.2092691864826478e-01
4.2700000000000004e-03	2.1541191162057641e-01	2.3651440903519955e-01
4.2900000000000004e-03	1.9506602176974372e-01	2.2342125984925659e-01
4.3100000000000005e-03	1.9357626166917283e-01	2.0730495118627890e-01
4.3300000000000005e-03	1.9320250644801723e-01	2.2541836992220476e-01
4.3500000000000006e-03	2.1271729881952939e-01	2.4946469639538346e-01
4.3700000000000006e-03	2.4194371403081752e-01	2.4788184241848846e-01
4.3900000000000007e-03	2.5443758981588921e-01	2.6543409485510372e-01
4.4100000000000007e-03	2.3148091071291740e-01	2.7371249025858585e-01
4.4300000000000008e-03	2.3437923309347677e-01	2.6067107807606960e-01
4.4500000000000000e-03	2.3185977729370033e-01	2.6376906290026031e-01
4.4700000000000000e-03	2.4490149356688934e-01	2.5976638537792907e-01
4.4900000000000001e-03	2.3442783900109462e-01	2.6349850155474180e-01
4.5100000000000001e-03	2.2813865351570087e-01	2.6374699260468648e-01
4.5300000000000002e-03	2.2627468086370600e-01	2.5083786225852556e-01
4.5500000000000002e-03	2.2496878398302747e-01	2.6074564797008354e-01
4.5700000000000003e-03	2.1516918858550901e-01	2.3272362223287874e-01
4.5900000000000003e-03	2.2922299606665131e-01	2.2441136778658216e-01
4.6100000000000004e-03	1.9743565403571223e-01	1.8818651856367477e-01
4.6300000000000004e-03	1.5464461154673245e-01	1.7289475130215673e-01
4.6500000000000005e-03	1.5562766966016001e-01	1.7362928730614471e-01
4.6700000000000005e-03	2.0014323753660046e-01	2.0455005005686949e-01
4.6900000000000006e-03	2.0906031011383158e-01	2.2604633808168464e-01
4.7100000000000006e-03	2.2133111862186966e-01	2.6238034832017931e-01
4.7300000000000007e-03	2.0266224748742848e-01	2.6337059409540586e-01
4.7500000000000007e-03	2.0017351177758808e-01	2.6681141683278398e-01
4.7700000000000008e-03	2.0777273382578110e-01	2.6951856956636905e-01
4.7900000000000000e-03	2.0027253232981529e-01	2.6377237711813961e-01
4.8100000000000000e-03	1.8922113099256122e-01	2.7900796696258667e-01
4.8300000000000001e-03	1.8815086143180645e-01	2.7697824020322986e-01
4.8500000000000001e-03	1.9516492376667371e-01	2.6199891375118201e-01
4.8700000000000002e-03	1.8774003502075542e-01	2.7569823276333499e-01
4.8900000000000002e-03	1.9733181879018041e-01	2.7543664033422566e-01
4.9100000000000003e-03	1.7850816348351176e-01	2.6603945431205922e-01
4.9300000000000004e-03	1.9232348378521319e-01	2.8855362602428647e-01
4.9500000000000004e-03	1.7742467548786628e-01	2.4146222833412723e-01
4.9700000000000005e-03	1.7669436449990200e-01	2.3229300373671549e-01
4.9900000000000005e-03	1.6650059014040194e-01	2.2976067021479218e-01
5.0100000000000006e-03	1.9465204999705671e-01	2.3264568048806103e-01
5.0300000000000006e-03	1.8922050377874872e-01	2.2606224753987117e-01
5.0500000000000007e-03	2.1634981236274675e-01	2.3062560011886105e-01
5.0700000000000007e-03	2.1570438065840689e-01	2.4596909289907018e-01
5.0900000000000008e-03	2.1353941079344152e-01	2.3358527634453369e-01
5.1100000000000008e-03	1.9747911878921928e-01	2.4547170885065420e-01
5.1300000000000000e-03	2.0660089399596113e-01	2.4284725846480937e-01
5.1500000000000001e-03	1.9951319447414098e-01	2.3736610134886063e-01
5.1700000000000001e-03	2.1955604680132712e-01	2.4464848061220934e-01
5.1900000000000002e-03	2.1655110035905548e-01	2.3095182959790300e-01
5.2100000000000002e-03	2.2664414377573591e-01	2.4467078750356980e-01
5.2300000000000003e-03	2.1749748630628760e-01	2.6790944302855935e-01
5.2500000000000003e-03	2.0416849337654158e-01	2.5548284775647195e-01
5.2700000000000004e-03	1.6727029285284059e-01	2.5335643324912011e-01
5.2900000000000004e-03	1.7847275815916652e-01	2.3134512889415454e-01
5.3100000000000005e-03	1.9056935961379171e-01	2.4882209932155219e-01
5.3300000000000005e-03	1.7870237217531029e-01	2.0648411874089465e-01
5.3500000000000006e-03	1.7282145516608757e-01	2.1593143359852990e-01
5.3700000000000006e-03	2.0738816035134999e-01	2.3017496278433347e-01
5.3900000000000007e-03	2.1857770005154148e-01	2.2421818396726237e-01
5.4100000000000007e-03	2.6392333944928353e-01	2.3416575271410173e-01
5.4300000000000008e-03	2.8272786205604689e-01	2.1495684541631083e-01
5.4500000000000009e-03	2.9453840947375376e-01	2.0353945474829702e-01
5.4700000000000000e-03	3.1482625649297730e-01	2.2703857024271851e-01
5.4900000000000001e-03	3.3051908488331899e-01	2.3069444290708596e-01
5.5100000000000001e-03	3.3275745342526558e-01	2.4144940896988834e-01
5.5300000000000002e-03	3.0633678412781890e-01	2.3971192499630359e-01
5.5500000000000002e-03	3.0059597624243467e-01	2.3067674037147701e-01
5.5700000000000003e-03	2.9412479506401035e-01	2.3107805118643618e-01
5.5900000000000004e-03	2.9136104303106136e-01	2.1969956741783739e-01
5.6100000000000004e-03	3.0497179835694799e-01	2.1123302074794048e-01
5.6300000000000005e-03	2.7282939616969087e-01	1.9060937949720855e-01
5.6500000000000005e-03	2.4281587588261416e-01	1.8328016024878521e-01
5.6700000000000006e-03	2.4008559126144197e-01	1.7886517109175312e-01
5.6900000000000006e-03	2.5617962586651977e-01	1.7378502868061602e-01
5.7100000000000007e-03	2.4315042945004056e-01	1.3495600645513373e-01
5.7300000000000007e-03	2.3911188242235862e-01	1.5304684793076492e-01
5.7500000000000008e-03	2.4024262480402561e-01	1.4696767609867675e-01
5.7700000000000008e-03	2.3835729303824030e-01	1.3335011633175464e-01
5.7900000000000009e-03	2.0692169049762790e-01	1.2428395099027201e-01
5.8100000000000001e-03	2.3045013514178031e-01	1.5113130826061352e-01
5.8300000000000001e-03	2.4705335442175028e-01	1.4633753443285077e-01
5.8500000000000002e-03	2.6692344365631276e-01	1.8461665975437783e-01
5.8700000000000002e-03	2.5069789866042164e-01	1.8553004705626516e-01
5.8900000000000003e-03	2.5881725056431976e-01	1.9543825885780086e-01
5.9100000000000003e-03	3.0420830305974389e-01	2.0608183035663147e-01
5.9300000000000004e-03	3.0296212421205221e-01	2.0731212158059598e-01
5.9500000000000004e-03	3.1665083308860104e-01	2.2444059269033129e-01
5.9700000000000005e-03	3.0744495855963139e-01	2.2242515787015371e-01
5.9900000000000005e-03	2.8925048335870152e-01	2.2495546015536758e-01
6.0100000000000006e-03	3.0605491086482456e-01	2.3151286964649584e-01
6.0300000000000006e-03	3.2849634870859090e-01	2.3504353955520274e-01
6.0500000000000007e-03	3.2625755459056105e-01	2.4392719379475308e-01
6.0700000000000007e-03	3.1685648352809404e-01	2.5821282540617063e-01
6.0900000000000008e-03	3.0705930306528451e-01	2.7570456385101694e-01
6.1100000000000008e-03	3.1348723909016746e-01	2.9345077339847736e-01
6.1300000000000009e-03	3.5251095633487017e-01	3.0567568734555500e-01
6.1500000000000001e-03	3.5641865988397409e-01	3.2559794240947293e-01
6.1700000000000001e-03	3.9296832391656911e-01	3.3479767240970404e-01
6.1900000000000002e-03	3.7963402862787915e-01	3.1550475368712055e-01
6.2100000000000002e-03	3.4387041442484989e-01	3.1832871080521591e-01
6.2300000000000003e-03	3.2348049411217766e-01	2.8041762798469261e-01
6.2500000000000003e-03	3.3370945842719874e-01	2.8128686761735472e-01
6.2700000000000004e-03	3.3277960228902198e-01	2.8578816690671605e-01
6.2900000000000005e-03	3.3391453503810392e-01	2.9082384206068573e-01
6.3100000000000005e-03	3.4430854848145481e-01	2.9306269108754546e-01
6.3300000000000006e-03	3.2091686715142292e-01	2.6585110943701590e-01
6.3500000000000006e-03	3.3294333767584128e-01	2.5987517749212291e-01
6.3700000000000007e-03	3.2833253511986671e-01	2.7849109087258983e-01
6.3900000000000007e-03	3.2621453932793937e-01	2.5614301695112185e-01
6.4100000000000008e-03	3.5238596034801528e-01	2.5286722993940930e-01
6.4300000000000008e-03	3.4760404378237636e-01	2.5311463739821449e-01
6.4500000000000009e-03	3.3113114458734799e-01	2.4300074769874649e-01
6.4700000000000009e-03	3.4474412671243387e-01	2.5511528878498080e-01
6.4900000000000001e-03	3.3375982457625591e-01	2.5225234801705376e-01
6.5100000000000002e-03	3.4687920280754947e-01	2.5837835412450683e-01
6.5300000000000002e-03	3.5078721386758183e-01	2.8801035705855488e-01
6.5500000000000003e-03	3.3064180443299868e-01	2.8279045395860286e-01
6.5700000000000003e-03	3.2965663745825929e-01	2.8542598837085925e-01
6.5900000000000004e-03	3.2630071386858667e-01	2.9008363542510324e-01
6.6100000000000004e-03	3.3715596863582975e-01	3.1440214603794903e-01
6.6300000000000005e-03	3.3912205117998501e-01	3.0844374802023672e-01
6.6500000000000005e-03	3.3903825182172631e-01	3.0183775431239346e-01
6.6700000000000006e-03	3.5487000733110707e-01	3.0153644471582253e-01
6.6900000000000006e-03	3.3910722839167745e-01	2.9048781731173051e-01
6.7100000000000007e-03	3.4567662509288927e-01	2.8024684691274943e-01
6.7300000000000007e-03	3.4013029913728438e-01	2.6455979073545621e-01
6.7500000000000008e-03	3.4971466165766890e-01	2.8721666093152270e-01
6.7700000000000008e-03	3.9291934416385310e-01	3.1235331873204170e-01
6.7900000000000009e-03	4.1038326970410005e-01	2.9615700242410309e-01
6.8100000000000009e-03	3.7534843007301510e-01	2.9164768509949329e-01
6.8300000000000001e-03	3.7264622529616098e-01	2.7859436087993694e-01
6.8500000000000002e-03	3.5329500920707746e-01	2.7891421721837617e-01
6.8700000000000002e-03	3.6831330915306276e-01	3.0006450768672743e-01
6.8900000000000003e-03	3.8786727091819895e-01	3.0123028220821046e-01
6.9100000000000003e-03	3.6814423200815233e-01	2.6605376653100615e-01
6.9300000000000004e-03	3.9008382468046976e-01	2.6488697201844302e-01
6.9500000000000004e-03	4.0358483397915401e-01	2.9939182067941789e-01
6.9700000000000005e-03	4.3628782510870123e-01	2.9811280540646390e-01
6.9900000000000006e-03	4.3477451874007211e-01	3.0043554554319990e-01
7.0100000000000006e-03	4.4243281183771799e-01	2.9944226051445139e-01
7.0300000000000007e-03	4.4477100950410109e-01	3.0919155795492498e-01
7.0500000000000007e-03	4.5325962286306604e-01	3.1365807083131225e-01
7.0700000000000008e-03	4.2200977244232674e-01	3.0773324867936658e-01
7.0900000000000008e-03	4.3676849561809250e-01	3.3856099042164262e-01
7.1100000000000009e-03	4.2004045463767475e-01	3.4064185343594588e-01
7.1300000000000009e-03	4.0933817604151584e-01	3.2321929179925241e-01
7.1500000000000010e-03	4.1018746937524947e-01	3.3107492140388151e-01
7.1700000000000002e-03	4.0638057394159383e-01	3.3202314578441966e-01
7.1900000000000002e-03	4.2911538380900249e-01	3.3151352815984619e-01
7.2100000000000003e-03	4.1037165983293977e-01	2.9674460110094963e-01
7.2300000000000003e-03	4.4745303391732216e-01	2.9467443859086029e-01
7.2500000000000004e-03	4.3183015459163082e-01	2.7129491866386424e-01
7.2700000000000004e-03	4.5413344090570640e-01	2.6833886110900873e-01
7.2900000000000005e-03	4.4740699507447668e-01	2.6469452262054305e-01
7.3100000000000005e-03	4.0873487506114448e-01	2.6096036210019180e-01
7.3300000000000006e-03	4.2827161389585894e-01	2.4434064460856639e-01
7.3500000000000006e-03	3.6657397408058712e-01	2.1246101592558714e-01
7.3700000000000007e-03	3.7370146261519827e-01	2.3910504480558165e-01
7.3900000000000007e-03	4.0845972107583595e-01	2.6170231376305625e-01
7.4100000000000008e-03	4.2576821237164192e-01	2.5912349471620111e-01
7.4300000000000008e-03	4.2790497486563467e-01	2.6208577134401762e-01
7.4500000000000009e-03	4.1943844173134964e-01	2.4536917699022293e-01
7.4700000000000009e-03	3.8925301687366753e-01	2.0423646292211398e-01
7.4900000000000010e-03	3.7026443615660315e-01	1.9034100706819315e-01
7.5100000000000002e-03	3.6400780411649730e-01	1.7930046786184672e-01
7.5300000000000002e-03	3.2927845390102661e-01	1.7506576933351764e-01
7.5500000000000003e-03	3.2889410419917425e-01	1.7016467987872658e-01
7.5700000000000003e-03	3.5787975236474490e-01	1.7632273369594487e-01
7.5900000000000004e-03	3.6042486535153551e-01	1.7677810483747666e-01
7.6100000000000004e-03	3.5521577734075754e-01	1.9408755245960752e-01
7.6300000000000005e-03	3.6094753167820726e-01	2.0038862583269318e-01
7.6500000000000005e-03	3.7018810515947065e-01	2.1122682747624874e-01
7.6700000000000006e-03	3.4872254354822907e-01	1.9137000907037024e-01
7.6900000000000007e-03	3.2575912893557074e-01	1.6739381831614800e-01
7.7100000000000007e-03	2.8748885081872194e-01	1.5526510202249313e-01
7.7300000000000008e-03	3.0461153851043499e-01	1.7268561203011282e-01
7.7500000000000008e-03	3.4552636115681640e-01	1.7936647422613444e-01
7.7700000000000009e-03	3.3160770000658657e-01	1.5602704463993433e-01
7.7900000000000009e-03	3.7474852292643535e-01	1.7948701909867359e-01
7.8100000000000010e-03	3.7752512158264212e-01	1.7372326545251762e-01
7.8300000000000002e-03	3.4142552943731996e-01	1.7152657487861944e-01
7.8500000000000011e-03	3.1434893353006405e-01	1.3947587060212269e-01
7.8700000000000003e-03	2.7496108900324928e-01	1.3960877864825708e-01
7.8900000000000012e-03	2.7778972287819270e-01	1.3968617150354240e-01
7.9100000000000004e-03	2.7584624955474024e-01	1.3944252535973617e-01
7.9300000000000013e-03	2.3880955514594462e-01	1.1613475254337295e-01
7.9500000000000005e-03	2.4513680112678893e-01	1.2180318175871341e-01
7.9700000000000014e-03	2.6358146534921723e-01	1.3355680742895476e-01
7.9900000000000006e-03	2.8012500968831766e-01	1.3492416237594465e-01
8.0100000000000015e-03	2.4128914422438671e-01	1.0567420104614511e-01
8.0300000000000007e-03	2.4848176467309352e-01	1.0653703662887402e-01
8.0499999999999999e-03	2.1978702269966185e-01	9.3072929893508988e-02
8.0700000000000008e-03	2.1439874621504307e-01	9.6719668858538652e-02
8.0900000000000000e-03	2.1801169268691509e-01	9.3594514955240030e-02
8.1100000000000009e-03	1.8576614790682516e-01	7.6841672621199286e-02
8.1300000000000001e-03	1.6968094721214558e-01	7.0349526539459181e-02
8.1500000000000010e-03	1.3932659601143690e-01	5.5030253073517367e-02
8.1700000000000002e-03	1.4757150497630772e-01	5.6906069976220316e-02
8.1900000000000011e-03	1.6354088563367691e-01	6.2114598688172179e-02
8.2100000000000003e-03	1.9304987937268628e-01	5.9980069327275551e-02
8.2300000000000012e-03	1.6436115363770754e-01	5.2261085806694182e-02
8.2500000000000004e-03	1.6840405060891689e-01	5.2093223089992674e-02
8.2700000000000013e-03	1.8569327351023290e-01	6.6090098056529267e-02
8.2900000000000005e-03	2.1260658616613304e-01	7.0362474324091207e-02
8.3100000000000014e-03	2.1396599723432302e-01	7.7664100364085650e-02
8.3300000000000006e-03	1.9222193503115781e-01	5.8010945778884493e-02
8.3500000000000015e-03	1.9979508744101451e-01	5.3188944748295754e-02
8.3700000000000007e-03	1.7430862606329833e-01	4.9544641359225719e-02
8.3899999999999999e-03	1.8105555825582126e-01	5.4557827752920784e-02
8.4100000000000008e-03	1.4613153139380797e-01	5.4738774556925600e-02
8.4300000000000000e-03	1.1495309597743278e-01	4.0596631150523678e-02
8.4500000000000009e-03	1.2359779377094578e-01	4.4520179203005855e-02
8.4700000000000001e-03	9.8755809095452438e-02	3.7466907476380040e-02
8.4900000000000010e-03	8.9248648284548857e-02	3.2517524115790321e-02
8.5100000000000002e-03	1.0917595062099439e-01	3.7361319485299735e-02
8.5300000000000011e-03	1.0778887326485109e-01	3.3182080796915932e-02
8.5500000000000003e-03	1.6605728935613814e-01	4.6598367448136946e-02
8.5700000000000012e-03	1.7307591862750332e-01	5.1398543916482818e-02
8.5900000000000004e-03	1.5302529162017534e-01	5.2320786434703538e-02
8.6100000000000013e-03	1.4687513480420303e-01	5.0037721482418113e-02
8.6300000000000005e-03	1.3190332190780879e-01	4.9813344513732212e-02
8.6500000000000014e-03	8.8805006882666321e-02	4.2095428972407402e-02
8.6700000000000006e-03	6.1576246548897130e-02	4.3166122515887688e-02
8.6900000000000015e-03	4.7013958942549540e-02	4.1176691830617548e-02
8.7100000000000007e-03	3.3325517800958875e-02	3.4233939488210602e-02
8.7299999999999999e-03	7.1577135028918826e-02	2.9232025720652696e-02
8.7500000000000008e-03	8.4579986387114073e-02	2.6578775505045945e-02
8.7700000000000000e-03	9.4627987371720151e-02	2.5389082550800617e-02
8.7900000000000009e-03	9.3193982056501590e-02	2.4165338756346039e-02
8.8100000000000001e-03	1.1656744422112804e-01	3.1457065687655862e-02
8.8300000000000010e-03	1.1678109389758486e-01	2.9124692673726960e-02
8.8500000000000002e-03	9.7847996532428025e-02	2.5334763018377487e-02
8.8700000000000011e-03	1.2315356198436259e-01	1.9784943007435333e-02
8.8900000000000003e-03	1.1352872115093743e-01	1.2743461486729729e-02
8.9100000000000013e-03	1.2749227203423405e-01	1.1489346151442321e-02
8.9300000000000004e-03	1.0111136222379249e-01	4.7834570005779453e-03
8.9500000000000014e-03	8.0570451853148081e-02	9.5603029289667348e-03
8.9700000000000005e-03	1.0126347157317110e-01	5.9056619823655660e-03
8.9900000000000015e-03	9.0922707392817520e-02	8.3097971247777097e-03
9.0100000000000006e-03	1.0492303890885547e-01	1.4384837782323122e-02
9.0300000000000016e-03	9.2046310477747972e-02	1.8383610194777873e-02
9.0500000000000008e-03	1.0859393270472575e-01	2.2406415286300111e-02
9.0699999999999999e-03	1.1686293502197587e-01	1.8340983654204720e-02
9.0900000000000009e-03	1.4347113843635140e-01	2.0204531826023338e-02
9.1100000000000000e-03	1.6386474447032870e-01	3.3239496112269909e-02
9.1300000000000010e-03	9.8277066008308489e-02	4.3586617273831188e-02
9.1500000000000001e-03	9.5456659993790410e-02	2.9093452348986935e-02
9.1700000000000011e-03	6.9763165396827434e-02	2.9146966628118078e-02
9.1900000000000003e-03	6.8040270873581915e-02	2.9930410335678066e-02
9.2100000000000012e-03	3.9212530047535811e-02	1.9176911850106112e-02
9.2300000000000004e-03	5.3983248656198572e-02	1.0957759569106808e-02
9.2500000000000013e-03	5.9885871346757137e-02	1.0551582415482029e-02
9.2700000000000005e-03	5.4565885756861769e-02	1.3723787752385880e-02
9.2900000000000014e-03	4.0732199550756215e-02	1.0429448442406730e-02
9.3100000000000006e-03	3.8106822702376246e-02	1.0843227719865511e-02
9.3300000000000015e-03	3.9495456910769292e-02	4.5991953969851812e-03
9.3500000000000007e-03	3.5255969890743984e-02	8.5489614847214478e-03
9.3700000000000016e-03	1.5387563482394638e-02	1.7937217707321262e-02
9.3900000000000008e-03	2.4823790691455169e-02	2.8295709527417199e-02
9.4100000000000000e-03	5.0738801930798147e-02	2.9287344815029745e-02
9.4300000000000009e-03	5.5843104045473435e-02	2.8915719076134588e-02
9.4500000000000001e-03	2.6955022004307709e-02	1.9998274868228760e-02
9.4700000000000010e-03	5.2706199314632593e-02	2.0902240479288649e-02
9.4900000000000002e-03	6.1706536992705591e-02	2.7040863553487820e-02
9.5100000000000011e-03	6.2343470070108910e-02	2.7272461755592954e-02
9.5300000000000003e-03	6.3424859040972725e-02	3.9212851366082893e-02
9.5500000000000012e-03	5.7077119621283263e-02	3.3256280588182523e-02
9.5700000000000004e-03	8.4417967201055683e-02	3.7459451962255835e-02
9.5900000000000013e-03	9.1403543754491265e-02	4.8124991750910132e-02
9.6100000000000005e-03	9.8939550369596826e-02	4.1568368429714300e-02
9.6300000000000014e-03	9.3478289352790636e-02	4.4272042230650878e-02
9.6500000000000006e-03	7.5923123343692223e-02	3.5416269298878242e-02
9.6700000000000015e-03	6.4818666022373808e-02	2.9715737102197444e-02
9.6900000000000007e-03	6.6557214580605970e-02	3.3006763091931152e-02
9.7100000000000016e-03	5.6533509339658526e-02	1.9990036588921178e-02
9.7300000000000008e-03	8.5214332098562315e-02	2.3828151989378373e-02
9.7500000000000000e-03	1.0189610777182079e-01	2.5758920270107726e-02
9.7700000000000009e-03	1.0941338899101734e-01	2.5641261929351119e-02
9.7900000000000001e-03	1.5262154535740158e-01	4.4601545024300852e-02
9.8100000000000010e-03	1.5243639905318487e-01	4.4671048862691368e-02
9.8300000000000002e-03	1.2628676897265084e-01	3.1126448687820652e-02
9.8500000000000011e-03	1.2922878257969742e-01	3.2551873109117890e-02
9.8700000000000003e-03	1.3792387888961330e-01	3.0160901717250169e-02
9.8900000000000012e-03	1.3711094209593283e-01	3.0110050696448867e-02
9.9100000000000004e-03	1.6266264138020220e-01	5.1186822925672629e-02
9.9300000000000013e-03	1.5581301378500231e-01	5.6240334229024254e-02
9.9500000000000005e-03	1.4951338076876453e-01	5.6365931528766677e-02
9.9700000000000014e-03	1.4606113550887231e-01	5.5222831797791444e-02
9.9900000000000006e-03	1.4413189613295960e-01	6.1652082127228364e-02
1.0010000000000002e-02	1.1555138689300823e-01	4.6624975228627637e-02
1.0030000000000001e-02	9.8397681328067130e-02	3.4177347329439160e-02
1.0050000000000002e-02	1.3285936187644151e-01	4.4923518022415142e-02
1.0070000000000001e-02	1.5010190737487092e-01	4.9080588844752596e-02
1.0090000000000000e-02	1.6037522374744159e-01	5.8202478426664608e-02
1.0110000000000001e-02	1.1614157411859778e-01	5.1232111622228217e-02
1.0130000000000000e-02	1.2036914603600077e-01	5.1582436455044220e-02
1.0150000000000001e-02	1.7043145146751246e-01	5.6735350580858018e-02
1.0170000000000000e-02	1.3587180950828232e-01	3.2489926096096050e-02
1.0190000000000001e-02	1.5536235662023976e-01	3.4721420300036117e-02
1.0210000000000000e-02	1.3846021231836053e-01	2.9947953571131624e-02
1.0230000000000001e-02	1.4468904889475165e-01	3.9705193847998428e-02
1.0250000000000000e-02	1.4726395715264332e-01	4.2097187030672500e-02
1.0270000000000001e-02	1.7071718304830960e-01	4.5758345786759781e-02
1.0290000000000001e-02	1.2426827511277687e-01	2.5159340536258654e-02
1.0310000000000001e-02	1.2321773430395637e-01	2.2545459877238914e-02
1.0330000000000001e-02	1.6817138261461334e-01	3.2983923441262358e-02
1.0350000000000002e-02	1.7842210297522865e-01	4.5158723511020980e-02
1.0370000000000001e-02	1.7096749392707236e-01	4.2266636358822995e-02
1.0390000000000002e-02	2.0140428775387809e-01	6.0298792381953771e-02
1.0410000000000001e-02	1.9693076766913942e-01	6.1295360480420932e-02
1.0430000000000000e-02	2.2056956691101948e-01	7.5352050550010444e-02
1.0450000000000001e-02	2.0702544848180193e-01	7.2828075380438728e-02
1.0470000000000000e-02	2.3431398207520787e-01	9.0717185093460606e-02
1.0490000000000001e-02	2.2954452487496793e-01	8.7706400009091634e-02
1.0510000000000000e-02	2.2865858362207830e-01	9.8679310040416399e-02
1.0530000000000001e-02	2.3006743555064030e-01	1.0398346470728706e-01
1.0550000000000000e-02	1.7892059810470223e-01	8.6736712610199704e-02
1.0570000000000001e-02	1.7118222986122622e-01	8.6609114641393786e-02
1.0590000000000000e-02	1.7243957378463884e-01	8.9610311227761724e-02
1.0610000000000001e-02	1.9015343579630348e-01	1.0170497857016189e-01
1.0630000000000001e-02	1.8247768688817462e-01	1.0181727442422556e-01
1.0650000000000001e-02	1.6413922285160026e-01	1.0232137069155314e-01
1.0670000000000001e-02	1.4301074025639832e-01	1.0841654269541921e-01
1.0690000000000002e-02	1.2513540855193347e-01	1.0213823917841879e-01
1.0710000000000001e-02	1.0410629046004180e-01	9.6333147048583076e-02
1.0730000000000002e-02	9.2892193383037447e-02	8.7883072456170774e-02
1.0750000000000001e-02	9.8080519443114786e-02	9.0834475933437117e-02
1.0770000000000000e-02	7.6906267003615483e-02	7.9711842498842986e-02
1.0790000000000001e-02	8.1807785419995060e-02	7.6609699849310001e-02
1.0810000000000000e-02	1.1817155588861866e-01	9.3111926873308215e-02
1.0830000000000001e-02	1.4361133647766217e-01	1.0850774287112443e-01
1.0850000000000000e-02	1.6696109493164024e-01	1.1001505513308527e-01
1.0870000000000001e-02	1.6066104134189535e-01	1.0332222986332457e-01
1.0890000000000000e-02	1.4793344368821157e-01	9.7751505863694493e-02
1.0910000000000001e-02	1.6192413722094179e-01	1.1041392823722768e-01
1.0930000000000000e-02	1.9333003246658187e-01	1.1568106341127060e-01
1.0950000000000001e-02	2.0910873262181012e-01	1.3169675654119409e-01
1.0970000000000001e-02	2.1777138486694522e-01	1.4269116175634014e-01
1.0990000000000002e-02	2.0486562381043885e-01	1.3196489972530723e-01
1.1010000000000001e-02	1.9482858024738067e-01	1.2439211896474715e-01
1.1030000000000002e-02	2.2587604683465221e-01	1.4742534536124832e-01
1.1050000000000001e-02	2.5972067992119297e-01	1.5811877311098357e-01
1.1070000000000002e-02	2.8585401842650737e-01	1.5949855113997549e-01
1.1090000000000001e-02	3.0478297519528047e-01	1.6562211056820911e-01
1.1110000000000000e-02	3.2437434341704918e-01	1.7114169857109837e-01
1.1130000000000001e-02	3.1430963088913805e-01	1.7033695293827711e-01
1.1150000000000000e-02	3.2208514472978056e-01	1.7626408760363660e-01
1.1170000000000001e-02	3.2702004950264829e-01	1.6583101190952218e-01
1.1190000000000000e-02	3.2576515495977326e-01	1.5815031094682142e-01
1.1210000000000001e-02	3.5693144114943204e-01	1.7079484433125031e-01
1.1230000000000000e-02	3.3626828585437074e-01	1.6636884770540825e-01
1.1250000000000001e-02	3.3449474691412734e-01	1.6485518135296415e-01
1.1270000000000001e-02	3.5584876274487526e-01	1.6393167732205144e-01
1.1290000000000001e-02	3.6353557865838876e-01	1.7268726272668566e-01
1.1310000000000001e-02	3.7543449511956034e-01	1.8233474781984765e-01
1.1330000000000002e-02	3.7392191739049818e-01	1.8803291779139750e-01
1.1350000000000001e-02	3.5534354361580145e-01	1.8342330399742054e-01
1.1370000000000002e-02	3.5358702738944409e-01	1.7522349481387300e-01
1.1390000000000001e-02	3.3700192790148137e-01	1.8231853574479601e-01
1.1410000000000002e-02	3.2749499484710609e-01	1.6757039600153120e-01
1.1430000000000001e-02	3.2674207913835374e-01	1.6074986161290480e-01
1.1450000000000000e-02	3.4944132794883231e-01	1.7862049739648347e-01
1.1470000000000001e-02	3.3687993991226706e-01	1.7856393802132642e-01
1.1490000000000000e-02	2.9708753771870478e-01	1.4945857091415685e-01
1.1510000000000001e-02	2.9900876509004559e-01	1.4837125543258697e-01
1.1530000000000000e-02	2.8787000790569117e-01	1.5309784469588331e-01
1.1550000000000001e-02	2.9078829067559647e-01	1.5579543199763271e-01
1.1570000000000000e-02	3.0167466927737746e-01	1.5951491933287415e-01
1.1590000000000001e-02	2.8941063607741241e-01	1.6279489895076260e-01
1.1610000000000001e-02	3.0304792741676106e-01	1.6459553883861222e-01
1.1630000000000001e-02	3.2029041542422548e-01	1.8004831161172602e-01
1.1650000000000001e-02	3.0272074107095093e-01	1.7859050270394325e-01
1.1670000000000002e-02	3.0128621541547296e-01	1.8403626436698978e-01
1.1690000000000001e-02	3.2574693746389660e-01	1.9235678740875953e-01
1.1710000000000002e-02	2.9664735461382519e-01	1.6527618234216326e-01
1.1730000000000001e-02	2.8587362156454454e-01	1.6920479780894476e-01
1.1750000000000002e-02	2.5000615953361416e-01	1.3861451406185746e-01
1.1770000000000001e-02	2.4344261380769852e-01	1.4367623492974538e-01
1.1790000000000000e-02	2.3636357558947188e-01	1.4255333595534800e-01
1.1810000000000001e-02	2.0863010718806752e-01	1.3284975029586818e-01
1.1830000000000000e-02	2.0140540350956238e-01	1.3053711653652178e-01
1.1850000000000001e-02	2.3496531207573293e-01	1.4464703537391951e-01
1.1870000000000000e-02	2.5613575180891751e-01	1.4651124456612294e-01
1.1890000000000001e-02	2.2751876971570731e-01	1.2294846018579077e-01
1.1910000000000000e-02	2.3395738105783012e-01	1.1804087288697566e-01
1.1930000000000001e-02	2.2509642492191839e-01	1.1887069643901567e-01
1.1950000000000001e-02	2.4020776732321242e-01	1.1968922847019947e-01
1.1970000000000001e-02	2.0249644090509350e-01	9.3916871702252436e-02
1.1990000000000001e-02	2.0884090728286558e-01	9.0811922150607641e-02
