1.5625000000000001e-03	7.0813269107838056e-02
4.6875000000000007e-03	7.1135036266704185e-02
7.8125000000000000e-03	7.1456410991937669e-02
1.0937500000000001e-02	7.1777376977667895e-02
1.4062500000000000e-02	7.2097917909992773e-02
1.7187500000000001e-02	7.2418017468629733e-02
2.0312500000000001e-02	7.2737659328569473e-02
2.3437500000000000e-02	7.3056827161732257e-02
2.6562500000000003e-02	7.3375504638626590e-02
2.9687500000000002e-02	7.3693675430009847e-02
3.2812500000000001e-02	7.4011323208550833e-02
3.5937500000000004e-02	7.4328431650493562e-02
3.9062500000000000e-02	7.4644984437322467e-02
4.2187500000000003e-02	7.4960965257428624e-02
4.5312500000000006e-02	7.5276357807776376e-02
4.8437500000000001e-02	7.5591145795570733e-02
5.1562500000000004e-02	7.5905312939924641e-02
5.4687500000000000e-02	7.6218842973526241e-02
5.7812500000000003e-02	7.6531719644305732e-02
6.0937500000000006e-02	7.6843926717101607e-02
6.4062500000000008e-02	7.7155447975325850e-02
6.7187499999999997e-02	7.7466267222628005e-02
7.0312500000000000e-02	7.7776368284557640e-02
7.3437500000000003e-02	7.8085735010225629e-02
7.6562500000000006e-02	7.8394351273962493e-02
7.9687500000000008e-02	7.8702200976974945e-02
8.2812500000000011e-02	7.9009268049000117e-02
8.5937500000000000e-02	7.9315536449956869e-02
8.9062500000000003e-02	7.9620990171593381e-02
9.2187500000000006e-02	7.9925613239132262e-02
9.5312500000000008e-02	8.0229389712911617e-02
9.8437500000000011e-02	8.0532303690022206e-02
1.0156250000000000e-01	8.0834339305940514e-02
1.0468750000000000e-01	8.1135480736157548e-02
1.0781250000000001e-01	8.1435712197802712e-02
1.1093750000000001e-01	8.1735017951262853e-02
1.1406250000000001e-01	8.2033382301796229e-02
1.1718750000000000e-01	8.2330789601140777e-02
1.2031250000000000e-01	8.2627224249116935e-02
1.2343750000000001e-01	8.2922670695224202e-02
1.2656249999999999e-01	8.3217113440231735e-02
1.2968750000000001e-01	8.3510537037762234e-02
1.3281250000000000e-01	8.3802926095869187e-02
1.3593750000000002e-01	8.4094265278607278e-02
1.3906250000000001e-01	8.4384539307595166e-02
1.4218749999999999e-01	8.4673732963571099e-02
1.4531250000000001e-01	8.4961831087940740e-02
1.4843750000000000e-01	8.5248818584316682e-02
1.5156250000000002e-01	8.5534680420050316e-02
1.5468750000000001e-01	8.5819401627754657e-02
1.5781250000000002e-01	8.6102967306818740e-02
1.6093750000000001e-01	8.6385362624912948e-02
1.6406250000000000e-01	8.6666572819485255e-02
1.6718750000000002e-01	8.6946583199247834e-02
1.7031250000000001e-01	8.7225379145654244e-02
1.7343750000000002e-01	8.7502946114366514e-02
1.7656250000000001e-01	8.7779269636712065e-02
1.7968750000000000e-01	8.8054335321130495e-02
1.8281250000000002e-01	8.8328128854609583e-02
1.8593750000000001e-01	8.8600636004110514e-02
1.8906250000000002e-01	8.8871842617982005e-02
1.9218750000000001e-01	8.9141734627363425e-02
1.9531250000000000e-01	8.9410298047576109e-02
1.9843750000000002e-01	8.9677518979503129e-02
2.0156250000000001e-01	8.9943383610957120e-02
2.0468750000000002e-01	9.0207878218036150e-02
2.0781250000000001e-01	9.0470989166467050e-02
2.1093750000000000e-01	9.0732702912936156e-02
2.1406250000000002e-01	9.0993006006407667e-02
2.1718750000000001e-01	9.1251885089428636e-02
2.2031250000000002e-01	9.1509326899421192e-02
2.2343750000000001e-01	9.1765318269961094e-02
2.2656250000000000e-01	9.2019846132042935e-02
2.2968750000000002e-01	9.2272897515331756e-02
2.3281250000000001e-01	9.2524459549400348e-02
2.3593750000000002e-01	9.2774519464952881e-02
2.3906250000000001e-01	9.3023064595033872e-02
2.4218750000000000e-01	9.3270082376223168e-02
2.4531250000000002e-01	9.3515560349815688e-02
2.4843750000000001e-01	9.3759486162986877e-02
2.5156250000000002e-01	9.4001847569942898e-02
2.5468750000000001e-01	9.4242632433055681e-02
2.5781250000000000e-01	9.4481828723982683e-02
2.6093749999999999e-01	9.4719424524771251e-02
2.6406250000000003e-01	9.4955408028947155e-02
2.6718750000000002e-01	9.5189767542587442e-02
2.7031250000000001e-01	9.5422491485377320e-02
2.7343750000000000e-01	9.5653568391650831e-02
2.7656249999999999e-01	9.5882986911415335e-02
2.7968750000000003e-01	9.6110735811359607e-02
2.8281250000000002e-01	9.6336803975845306e-02
2.8593750000000001e-01	9.6561180407881850e-02
2.8906250000000000e-01	9.6783854230084246e-02
2.9218749999999999e-01	9.7004814685614379e-02
2.9531250000000003e-01	9.7224051139104581e-02
2.9843750000000002e-01	9.7441553077564663e-02
3.0156250000000001e-01	9.7657310111270990e-02
3.0468750000000000e-01	9.7871311974638608e-02
3.0781250000000004e-01	9.8083548527075362e-02
3.1093750000000003e-01	9.8294009753818537e-02
3.1406250000000002e-01	9.8502685766753736e-02
3.1718750000000001e-01	9.8709566805215587e-02
3.2031250000000000e-01	9.8914643236770766e-02
3.2343750000000004e-01	9.9117905557982458e-02
3.2656250000000003e-01	9.9319344395157147e-02
3.2968750000000002e-01	9.9518950505072493e-02
3.3281250000000001e-01	9.9716714775687276e-02
3.3593750000000000e-01	9.9912628226832542e-02
3.3906250000000004e-01	1.0010668201088428e-01
3.4218750000000003e-01	1.0029886741341751e-01
3.4531250000000002e-01	1.0048917585384132e-01
3.4843750000000001e-01	1.0067759888601552e-01
3.5156250000000000e-01	1.0086412819884795e-01
3.5468750000000004e-01	1.0104875561687326e-01
3.5781250000000003e-01	1.0123147310081225e-01
3.6093750000000002e-01	1.0141227274811232e-01
3.6406250000000001e-01	1.0159114679346889e-01
3.6718750000000000e-01	1.0176808760932744e-01
3.7031250000000004e-01	1.0194308770636620e-01
3.7343750000000003e-01	1.0211613973395982e-01
3.7656250000000002e-01	1.0228723648062345e-01
3.7968750000000001e-01	1.0245637087443754e-01
3.8281250000000000e-01	1.0262353598345320e-01
3.8593750000000004e-01	1.0278872501607798e-01
3.8906250000000003e-01	1.0295193132144240e-01
3.9218750000000002e-01	1.0311314838974660e-01
3.9531250000000001e-01	1.0327236985258768e-01
3.9843750000000000e-01	1.0342958948326758e-01
4.0156250000000004e-01	1.0358480119708099e-01
4.0468750000000003e-01	1.0373799905158400e-01
4.0781250000000002e-01	1.0388917724684275e-01
4.1093750000000001e-01	1.0403833012566312e-01
4.1406250000000000e-01	1.0418545217379990e-01
4.1718750000000004e-01	1.0433053802014701e-01
4.2031250000000003e-01	1.0447358243690789e-01
4.2343750000000002e-01	1.0461458033974601e-01
4.2656250000000001e-01	1.0475352678791622e-01
4.2968750000000000e-01	1.0489041698437601e-01
4.3281250000000004e-01	1.0502524627587760e-01
4.3593750000000003e-01	1.0515801015304005e-01
4.3906250000000002e-01	1.0528870425040214e-01
4.4218750000000001e-01	1.0541732434645554e-01
4.4531250000000000e-01	1.0554386636365852e-01
4.4843750000000004e-01	1.0566832636843018e-01
4.5156250000000003e-01	1.0579070057112530e-01
4.5468750000000002e-01	1.0591098532598961e-01
4.5781250000000001e-01	1.0602917713109582e-01
4.6093750000000000e-01	1.0614527262826041e-01
4.6406250000000004e-01	1.0625926860294109e-01
4.6718750000000003e-01	1.0637116198411468e-01
4.7031250000000002e-01	1.0648094984413649e-01
4.7343750000000001e-01	1.0658862939858010e-01
4.7656250000000000e-01	1.0669419800605810e-01
4.7968750000000004e-01	1.0679765316802409e-01
4.8281250000000003e-01	1.0689899252855552e-01
4.8593750000000002e-01	1.0699821387411776e-01
4.8906250000000001e-01	1.0709531513330937e-01
4.9218750000000000e-01	1.0719029437658864e-01
4.9531250000000004e-01	1.0728314981598150e-01
4.9843750000000003e-01	1.0737387980477081e-01
5.0156250000000002e-01	1.0746248283716729e-01
5.0468750000000007e-01	1.0754895754796204e-01
5.0781250000000000e-01	1.0763330271216058e-01
5.1093750000000004e-01	1.0771551724459895e-01
5.1406249999999998e-01	1.0779560019954143e-01
5.1718750000000002e-01	1.0787355077026047e-01
5.2031250000000007e-01	1.0794936828859857e-01
5.2343750000000000e-01	1.0802305222451231e-01
5.2656250000000004e-01	1.0809460218559891e-01
5.2968749999999998e-01	1.0816401791660478e-01
5.3281250000000002e-01	1.0823129929891699e-01
5.3593750000000007e-01	1.0829644635003718e-01
5.3906250000000000e-01	1.0835945922303808e-01
5.4218750000000004e-01	1.0842033820600323e-01
5.4531249999999998e-01	1.0847908372144940e-01
5.4843750000000002e-01	1.0853569632573222e-01
5.5156250000000007e-01	1.0859017670843502e-01
5.5468750000000000e-01	1.0864252569174107e-01
5.5781250000000004e-01	1.0869274422978933e-01
5.6093749999999998e-01	1.0874083340801378e-01
5.6406250000000002e-01	1.0878679444246658e-01
5.6718750000000007e-01	1.0883062867912500e-01
5.7031250000000000e-01	1.0887233759318279e-01
5.7343750000000004e-01	1.0891192278832515e-01
5.7656249999999998e-01	1.0894938599598858e-01
5.7968750000000002e-01	1.0898472907460502e-01
5.8281250000000007e-01	1.0901795400883053e-01
5.8593750000000000e-01	1.0904906290875914e-01
5.8906250000000004e-01	1.0907805800912099e-01
5.9218749999999998e-01	1.0910494166846647e-01
5.9531250000000002e-01	1.0912971636833495e-01
5.9843750000000007e-01	1.0915238471240911e-01
6.0156250000000000e-01	1.0917294942565525e-01
6.0468750000000004e-01	1.0919141335344885e-01
6.0781250000000009e-01	1.0920777946068641e-01
6.1093750000000002e-01	1.0922205083088332e-01
6.1406250000000007e-01	1.0923423066525807e-01
6.1718750000000000e-01	1.0924432228180289e-01
6.2031250000000004e-01	1.0925232911434102e-01
6.2343750000000009e-01	1.0925825471157076e-01
6.2656250000000002e-01	1.0926210273609697e-01
6.2968750000000007e-01	1.0926387696344893e-01
6.3281250000000000e-01	1.0926358128108649e-01
6.3593750000000004e-01	1.0926121968739312e-01
6.3906250000000009e-01	1.0925679629065717e-01
6.4218750000000002e-01	1.0925031530804076e-01
6.4531250000000007e-01	1.0924178106453704e-01
6.4843750000000000e-01	1.0923119799191576e-01
6.5156250000000004e-01	1.0921857062765723e-01
6.5468750000000009e-01	1.0920390361387525e-01
6.5781250000000002e-01	1.0918720169622875e-01
6.6093750000000007e-01	1.0916846972282289e-01
6.6406250000000000e-01	1.0914771264309908e-01
6.6718750000000004e-01	1.0912493550671498e-01
6.7031250000000009e-01	1.0910014346241403e-01
6.7343750000000002e-01	1.0907334175688488e-01
6.7656250000000007e-01	1.0904453573361124e-01
6.7968750000000000e-01	1.0901373083171199e-01
6.8281250000000004e-01	1.0898093258477182e-01
6.8593750000000009e-01	1.0894614661966283e-01
6.8906250000000002e-01	1.0890937865535721e-01
6.9218750000000007e-01	1.0887063450173079e-01
6.9531250000000000e-01	1.0882992005835866e-01
6.9843750000000004e-01	1.0878724131330193e-01
7.0156250000000009e-01	1.0874260434188669e-01
7.0468750000000002e-01	1.0869601530547525e-01
7.0781250000000007e-01	1.0864748045022911e-01
7.1093750000000000e-01	1.0859700610586541e-01
7.1406250000000004e-01	1.0854459868440530e-01
7.1718750000000009e-01	1.0849026467891601e-01
7.2031250000000002e-01	1.0843401066224585e-01
7.2343750000000007e-01	1.0837584328575275e-01
7.2656250000000000e-01	1.0831576927802650e-01
7.2968750000000004e-01	1.0825379544360508e-01
7.3281250000000009e-01	1.0818992866168503e-01
7.3593750000000002e-01	1.0812417588482612e-01
7.3906250000000007e-01	1.0805654413765105e-01
7.4218750000000000e-01	1.0798704051553962e-01
7.4531250000000004e-01	1.0791567218331823e-01
7.4843750000000009e-01	1.0784244637394468e-01
7.5156250000000002e-01	1.0776737038718846e-01
7.5468750000000007e-01	1.0769045158830721e-01
7.5781250000000000e-01	1.0761169740671862e-01
7.6093750000000004e-01	1.0753111533466921e-01
7.6406250000000009e-01	1.0744871292589933e-01
7.6718750000000002e-01	1.0736449779430508e-01
7.7031250000000007e-01	1.0727847761259701e-01
7.7343750000000000e-01	1.0719066011095639e-01
7.7656250000000004e-01	1.0710105307568875e-01
7.7968750000000009e-01	1.0700966434787512e-01
7.8281250000000002e-01	1.0691650182202146e-01
7.8593750000000007e-01	1.0682157344470601e-01
7.8906250000000000e-01	1.0672488721322534e-01
7.9218750000000004e-01	1.0662645117423893e-01
7.9531250000000009e-01	1.0652627342241273e-01
7.9843750000000002e-01	1.0642436209906202e-01
8.0156250000000007e-01	1.0632072539079339e-01
8.0468750000000000e-01	1.0621537152814664e-01
8.0781250000000004e-01	1.0610830878423647e-01
8.1093750000000009e-01	1.0599954547339432e-01
8.1406250000000002e-01	1.0588908994981068e-01
8.1718750000000007e-01	1.0577695060617764e-01
8.2031250000000000e-01	1.0566313587233297e-01
8.2343750000000004e-01	1.0554765421390469e-01
8.2656250000000009e-01	1.0543051413095721e-01
8.2968750000000002e-01	1.0531172415663921e-01
8.3281250000000007e-01	1.0519129285583295e-01
8.3593750000000000e-01	1.0506922882380604e-01
8.3906250000000004e-01	1.0494554068486532e-01
8.4218750000000009e-01	1.0482023709101326e-01
8.4531250000000002e-01	1.0469332672060719e-01
8.4843750000000007e-01	1.0456481827702148e-01
8.5156250000000000e-01	1.0443472048731310e-01
8.5468750000000004e-01	1.0430304210089048e-01
8.5781250000000009e-01	1.0416979188818630e-01
8.6093750000000002e-01	1.0403497863933399e-01
8.6406250000000007e-01	1.0389861116284872e-01
8.6718750000000000e-01	1.0376069828431245e-01
8.7031250000000004e-01	1.0362124884506395e-01
8.7343750000000009e-01	1.0348027170089363e-01
8.7656250000000002e-01	1.0333777572074333e-01
8.7968750000000007e-01	1.0319376978541160e-01
8.8281250000000000e-01	1.0304826278626458e-01
8.8593750000000004e-01	1.0290126362395259e-01
8.8906250000000009e-01	1.0275278120713274e-01
8.9218750000000002e-01	1.0260282445119795e-01
8.9531250000000007e-01	1.0245140227701229e-01
8.9843750000000000e-01	1.0229852360965296e-01
9.0156250000000004e-01	1.0214419737715952e-01
9.0468750000000009e-01	1.0198843250928985e-01
9.0781250000000002e-01	1.0183123793628383e-01
9.1093750000000007e-01	1.0167262258763433e-01
9.1406250000000000e-01	1.0151259539086618e-01
9.1718750000000004e-01	1.0135116527032302e-01
9.2031250000000009e-01	1.0118834114596251e-01
9.2343750000000002e-01	1.0102413193215982e-01
9.2656250000000007e-01	1.0085854653651996e-01
9.2968750000000000e-01	1.0069159385869875e-01
9.3281250000000004e-01	1.0052328278923306e-01
9.3593750000000009e-01	1.0035362220838014e-01
9.3906250000000002e-01	1.0018262098496650e-01
9.4218750000000007e-01	1.0001028797524660e-01
9.4531250000000000e-01	9.9836632021771052e-02
9.4843750000000004e-01	9.9661661952265349e-02
9.5156250000000009e-01	9.9485386578518464e-02
9.5468750000000002e-01	9.9307814695282146e-02
9.5781250000000007e-01	9.9128955079180778e-02
9.6093750000000000e-01	9.8948816487632166e-02
9.6406250000000004e-01	9.8767407657779263e-02
9.6718750000000009e-01	9.8584737305433004e-02
9.7031250000000002e-01	9.8400814124026903e-02
9.7343750000000007e-01	9.8215646783582897e-02
9.7656250000000000e-01	9.8029243929688953e-02
9.7968750000000004e-01	9.7841614182489073e-02
9.8281250000000009e-01	9.7652766135684549e-02
9.8593750000000002e-01	9.7462708355548544e-02
9.8906250000000007e-01	9.7271449379952135e-02
9.9218750000000000e-01	9.7078997717403845e-02
9.9531250000000004e-01	9.6885361846101248e-02
9.9843750000000009e-01	9.6690550212996010e-02
1.0015625000000001e+00	9.6494571232871917e-02
1.0046875000000000e+00	9.6297324845051255e-02
1.0078125000000000e+00	9.6098925252850062e-02
1.0109375000000000e+00	9.5899380711640420e-02
1.0140625000000001e+00	9.5698699439900350e-02
1.0171875000000001e+00	9.5496889618338604e-02
1.0203125000000000e+00	9.5293959389032679e-02
1.0234375000000000e+00	9.5089916854580805e-02
1.0265625000000000e+00	9.4884770077268032e-02
1.0296875000000001e+00	9.4678527078246366e-02
1.0328125000000001e+00	9.4471195836728777e-02
1.0359375000000000e+00	9.4262784289198098e-02
1.0390625000000000e+00	9.4053300328630032e-02
1.0421875000000000e+00	9.3842751803730751e-02
1.0453125000000001e+00	9.3631146518189295e-02
1.0484375000000001e+00	9.3418492229944874e-02
1.0515625000000000e+00	9.3204796650468838e-02
1.0546875000000000e+00	9.2990067444061894e-02
1.0578125000000000e+00	9.2774312227166311e-02
1.0609375000000001e+00	9.2557538567693498e-02
1.0640625000000001e+00	9.2339753984366835e-02
1.0671875000000000e+00	9.2120965946080005e-02
1.0703125000000000e+00	9.1901181871270624e-02
1.0734375000000000e+00	9.1680409127309778e-02
1.0765625000000001e+00	9.1458655029907049e-02
1.0796875000000001e+00	9.1235926842531401e-02
1.0828125000000000e+00	9.1012231775847871e-02
1.0859375000000000e+00	9.0787576987170160e-02
1.0890625000000000e+00	9.0561969579929388e-02
1.0921875000000001e+00	9.0335416603158580e-02
1.0953125000000001e+00	9.0107925050993701e-02
1.0984375000000000e+00	8.9879501862190347e-02
1.1015625000000000e+00	8.9650153919657333e-02
1.1046875000000000e+00	8.9419888050005863e-02
1.1078125000000001e+00	8.9188711023115652e-02
1.1109375000000001e+00	8.8956629551717112e-02
1.1140625000000000e+00	8.8723650290989928e-02
1.1171875000000000e+00	8.8489779838178378e-02
1.1203125000000000e+00	8.8255024732222950e-02
1.1234375000000001e+00	8.8019391453408424e-02
1.1265625000000001e+00	8.7782886423028797e-02
1.1296875000000000e+00	8.7545516003068438e-02
1.1328125000000000e+00	8.7307286495900333e-02
1.1359375000000000e+00	8.7068204144000363e-02
1.1390625000000001e+00	8.6828275129678723e-02
1.1421875000000001e+00	8.6587505574827639e-02
1.1453125000000000e+00	8.6345901540686013e-02
1.1484375000000000e+00	8.6103469027620533e-02
1.1515625000000000e+00	8.5860213974923508e-02
1.1546875000000001e+00	8.5616142260627234e-02
1.1578125000000001e+00	8.5371259701335175e-02
1.1609375000000000e+00	8.5125572052069776e-02
1.1640625000000000e+00	8.4879085006136584e-02
1.1671875000000000e+00	8.4631804195005267e-02
1.1703125000000001e+00	8.4383735188207076e-02
1.1734375000000001e+00	8.4134883493248810e-02
1.1765625000000000e+00	8.3885254555543270e-02
1.1796875000000000e+00	8.3634853758356220e-02
1.1828125000000000e+00	8.3383686422769804e-02
1.1859375000000001e+00	8.3131757807662202e-02
1.1890625000000001e+00	8.2879073109703785e-02
1.1921875000000000e+00	8.2625637463369331e-02
1.1953125000000000e+00	8.2371455940966717e-02
1.1984375000000000e+00	8.2116533552681462e-02
1.2015625000000001e+00	8.1860875246637682e-02
1.2046875000000001e+00	8.1604485908974997e-02
1.2078125000000002e+00	8.1347370363941143e-02
1.2109375000000000e+00	8.1089533374000794e-02
1.2140625000000000e+00	8.0830979639959985e-02
1.2171875000000001e+00	8.0571713801106490e-02
1.2203125000000001e+00	8.0311740435365445e-02
1.2234375000000002e+00	8.0051064059470919e-02
1.2265625000000000e+00	7.9789689129152852e-02
1.2296875000000000e+00	7.9527620039339011e-02
1.2328125000000001e+00	7.9264861124372796e-02
1.2359375000000001e+00	7.9001416658245741e-02
1.2390625000000002e+00	7.8737290854845210e-02
1.2421875000000000e+00	7.8472487868217061e-02
1.2453125000000000e+00	7.8207011792843034e-02
1.2484375000000001e+00	7.7940866663933100e-02
1.2515625000000001e+00	7.7674056457731955e-02
1.2546875000000002e+00	7.7406585091840507e-02
1.2578125000000000e+00	7.7138456425550922e-02
1.2609375000000000e+00	7.6869674260197141e-02
1.2640625000000001e+00	7.6600242339517760e-02
1.2671875000000001e+00	7.6330164350034507e-02
1.2703125000000002e+00	7.6059443921443343e-02
1.2734375000000000e+00	7.5788084627019484e-02
1.2765625000000000e+00	7.5516089984036361e-02
1.2796875000000001e+00	7.5243463454197232e-02
1.2828125000000001e+00	7.4970208444080422e-02
1.2859375000000002e+00	7.4696328305597443e-02
1.2890625000000000e+00	7.4421826336463978e-02
1.2921875000000000e+00	7.4146705780683539e-02
1.2953125000000001e+00	7.3870969829043565e-02
1.2984375000000001e+00	7.3594621619624045e-02
1.3015625000000002e+00	7.3317664238318203e-02
1.3046875000000000e+00	7.3040100719365189e-02
1.3078125000000000e+00	7.2761934045894483e-02
1.3109375000000001e+00	7.2483167150482308e-02
1.3140625000000001e+00	7.2203802915718873e-02
1.3171875000000002e+00	7.1923844174787560e-02
1.3203125000000000e+00	7.1643293712054495e-02
1.3234375000000000e+00	7.1362154263669597e-02
1.3265625000000001e+00	7.1080428518177877e-02
1.3296875000000001e+00	7.0798119117141359e-02
1.3328125000000002e+00	7.0515228655771339e-02
1.3359375000000000e+00	7.0231759683570594e-02
1.3390625000000000e+00	6.9947714704985439e-02
1.3421875000000001e+00	6.9663096180067607e-02
1.3453125000000001e+00	6.9377906525145250e-02
1.3484375000000002e+00	6.9092148113503518e-02
1.3515625000000000e+00	6.8805823276073819e-02
1.3546875000000000e+00	6.8518934302132170e-02
1.3578125000000001e+00	6.8231483440005736e-02
1.3609375000000001e+00	6.7943472897788140e-02
1.3640625000000002e+00	6.7654904844062405e-02
1.3671875000000000e+00	6.7365781408632253e-02
1.3703125000000000e+00	6.7076104683260709e-02
1.3734375000000001e+00	6.6785876722416301e-02
1.3765625000000001e+00	6.6495099544026395e-02
1.3796875000000002e+00	6.6203775130237438e-02
1.3828125000000000e+00	6.5911905428182066e-02
1.3859375000000000e+00	6.5619492350752512e-02
1.3890625000000001e+00	6.5326537777380400e-02
1.3921875000000001e+00	6.5033043554822381e-02
1.3953125000000002e+00	6.4739011497951721e-02
1.3984375000000000e+00	6.4444443390555203e-02
1.4015625000000000e+00	6.4149340986135422e-02
1.4046875000000001e+00	6.3853706008718050e-02
1.4078125000000001e+00	6.3557540153663841e-02
1.4109375000000002e+00	6.3260845088485271e-02
1.4140625000000000e+00	6.2963622453667267e-02
1.4171875000000000e+00	6.2665873863492108e-02
1.4203125000000001e+00	6.2367600906868055e-02
1.4234375000000001e+00	6.2068805148161453e-02
1.4265625000000002e+00	6.1769488128032075e-02
1.4296875000000000e+00	6.1469651364271606e-02
1.4328125000000000e+00	6.1169296352644682e-02
1.4359375000000001e+00	6.0868424567732574e-02
1.4390625000000001e+00	6.0567037463779123e-02
1.4421875000000002e+00	6.0265136475538439e-02
1.4453125000000000e+00	5.9962723019124628e-02
1.4484375000000000e+00	5.9659798492862778e-02
1.4515625000000001e+00	5.9356364278141178e-02
1.4546875000000001e+00	5.9052421740264621e-02
1.4578125000000002e+00	5.8747972229308193e-02
1.4609375000000000e+00	5.8443017080971729e-02
1.4640625000000000e+00	5.8137557617434242e-02
1.4671875000000001e+00	5.7831595148208410e-02
1.4703125000000001e+00	5.7525130970994667e-02
1.4734375000000002e+00	5.7218166372534782e-02
1.4765625000000000e+00	5.6910702629464432e-02
1.4796875000000000e+00	5.6602741009164854e-02
1.4828125000000001e+00	5.6294282770612991e-02
1.4859375000000001e+00	5.5985329165230129e-02
1.4890625000000002e+00	5.5675881437728614e-02
1.4921875000000000e+00	5.5365940826956450e-02
1.4953125000000000e+00	5.5055508566739568e-02
1.4984375000000001e+00	5.4744585886721375e-02
1.5015625000000001e+00	5.4433174013199560e-02
1.5046875000000002e+00	5.4121274169959627e-02
1.5078125000000000e+00	5.3808887579105187e-02
1.5109375000000000e+00	5.3496015461884559e-02
1.5140625000000001e+00	5.3182659039513504e-02
1.5171875000000001e+00	5.2868819533993867e-02
1.5203125000000002e+00	5.2554498168927856e-02
1.5234375000000000e+00	5.2239696170327761e-02
1.5265625000000000e+00	5.1924414767420754e-02
1.5296875000000001e+00	5.1608655193448691e-02
1.5328125000000001e+00	5.1292418686462546e-02
1.5359375000000002e+00	5.0975706490111412e-02
1.5390625000000000e+00	5.0658519854425502e-02
1.5421875000000000e+00	5.0340860036593368e-02
1.5453125000000001e+00	5.0022728301732787e-02
1.5484375000000001e+00	4.9704125923655119e-02
1.5515625000000002e+00	4.9385054185623056e-02
1.5546875000000000e+00	4.9065514381101467e-02
1.5578125000000000e+00	4.8745507814501002e-02
1.5609375000000001e+00	4.8425035801914436e-02
1.5640625000000001e+00	4.8104099671845445e-02
1.5671875000000002e+00	4.7782700765929484e-02
1.5703125000000000e+00	4.7460840439646802e-02
1.5734375000000000e+00	4.7138520063027219e-02
1.5765625000000001e+00	4.6815741021346426e-02
1.5796875000000001e+00	4.6492504715813766e-02
1.5828125000000002e+00	4.6168812564251115e-02
1.5859375000000000e+00	4.5844666001762811e-02
1.5890625000000000e+00	4.5520066481396372e-02
1.5921875000000001e+00	4.5195015474793793e-02
1.5953125000000001e+00	4.4869514472833202e-02
1.5984375000000002e+00	4.4543564986261004e-02
1.6015625000000000e+00	4.4217168546313669e-02
1.6046875000000000e+00	4.3890326705329684e-02
1.6078125000000001e+00	4.3563041037351168e-02
1.6109375000000001e+00	4.3235313138714850e-02
1.6140625000000002e+00	4.2907144628632571e-02
1.6171875000000000e+00	4.2578537149760856e-02
1.6203125000000000e+00	4.2249492368759523e-02
1.6234375000000001e+00	4.1920011976839269e-02
1.6265625000000001e+00	4.1590097690297805e-02
1.6296875000000002e+00	4.1259751251044592e-02
1.6328125000000000e+00	4.0928974427114087e-02
1.6359375000000000e+00	4.0597769013167091e-02
1.6390625000000001e+00	4.0266136830980362e-02
1.6421875000000001e+00	3.9934079729924112e-02
1.6453125000000002e+00	3.9601599587427393e-02
1.6484375000000000e+00	3.9268698309431277e-02
1.6515625000000000e+00	3.8935377830829510e-02
1.6546875000000001e+00	3.8601640115896688e-02
1.6578125000000001e+00	3.8267487158703817e-02
1.6609375000000002e+00	3.7932920983521197e-02
1.6640625000000000e+00	3.7597943645208250e-02
1.6671875000000000e+00	3.7262557229590501e-02
1.6703125000000001e+00	3.6926763853823548e-02
1.6734375000000001e+00	3.6590565666743687e-02
1.6765625000000002e+00	3.6253964849205504e-02
1.6796875000000000e+00	3.5916963614405988e-02
1.6828125000000000e+00	3.5579564208195080e-02
1.6859375000000001e+00	3.5241768909373118e-02
1.6890625000000001e+00	3.4903580029974283e-02
1.6921875000000002e+00	3.4564999915536562e-02
1.6953125000000000e+00	3.4226030945357991e-02
1.6984375000000000e+00	3.3886675532739191e-02
1.7015625000000001e+00	3.3546936125211847e-02
1.7046875000000001e+00	3.3206815204753506e-02
1.7078125000000002e+00	3.2866315287988279e-02
1.7109375000000000e+00	3.2525438926373676e-02
1.7140625000000000e+00	3.2184188706373323e-02
1.7171875000000001e+00	3.1842567249615587e-02
1.7203125000000001e+00	3.1500577213038304e-02
1.7234375000000002e+00	3.1158221289019100e-02
1.7265625000000000e+00	3.0815502205491771e-02
1.7296875000000000e+00	3.0472422726048397e-02
1.7328125000000001e+00	3.0128985650027418e-02
1.7359375000000001e+00	2.9785193812587350e-02
1.7390625000000002e+00	2.9441050084766326e-02
1.7421875000000000e+00	2.9096557373527690e-02
1.7453125000000000e+00	2.8751718621791111e-02
1.7484375000000001e+00	2.8406536808449633e-02
1.7515625000000001e+00	2.8061014948372667e-02
1.7546875000000002e+00	2.7715156092394680e-02
1.7578125000000000e+00	2.7368963327289900e-02
1.7609375000000000e+00	2.7022439775732831e-02
1.7640625000000001e+00	2.6675588596244741e-02
1.7671875000000001e+00	2.6328412983126229e-02
1.7703125000000002e+00	2.5980916166375646e-02
1.7734375000000000e+00	2.5633101411593685e-02
1.7765625000000000e+00	2.5284972019874070e-02
1.7796875000000001e+00	2.4936531327680419e-02
1.7828125000000001e+00	2.4587782706709332e-02
1.7859375000000002e+00	2.4238729563739733e-02
1.7890625000000000e+00	2.3889375340468658e-02
1.7921875000000000e+00	2.3539723513333440e-02
1.7953125000000001e+00	2.3189777593320297e-02
1.7984375000000001e+00	2.2839541125759758e-02
1.8015625000000002e+00	2.2489017690108422e-02
1.8046875000000000e+00	2.2138210899717879e-02
1.8078125000000000e+00	2.1787124401590096e-02
1.8109375000000001e+00	2.1435761876120087e-02
1.8140625000000001e+00	2.1084127036825388e-02
1.8171875000000002e+00	2.0732223630062888e-02
1.8203125000000000e+00	2.0380055434732779e-02
1.8234375000000000e+00	2.0027626261970008e-02
1.8265625000000001e+00	1.9674939954823202e-02
1.8296875000000001e+00	1.9322000387921149e-02
1.8328125000000002e+00	1.8968811467127152e-02
1.8359375000000000e+00	1.8615377129181203e-02
1.8390625000000000e+00	1.8261701341330087e-02
1.8421875000000001e+00	1.7907788100945891e-02
1.8453125000000001e+00	1.7553641435132473e-02
1.8484375000000002e+00	1.7199265400320688e-02
1.8515625000000000e+00	1.6844664081851989e-02
1.8546875000000000e+00	1.6489841593550894e-02
1.8578125000000001e+00	1.6134802077286233e-02
1.8609375000000001e+00	1.5779549702521576e-02
1.8640625000000002e+00	1.5424088665854794e-02
1.8671875000000000e+00	1.5068423190547055e-02
1.8703125000000000e+00	1.4712557526041340e-02
1.8734375000000001e+00	1.4356495947470748e-02
1.8765625000000001e+00	1.4000242755156565e-02
1.8796875000000002e+00	1.3643802274096646e-02
1.8828125000000000e+00	1.3287178853443857e-02
1.8859375000000000e+00	1.2930376865975002e-02
1.8890625000000001e+00	1.2573400707550517e-02
1.8921875000000001e+00	1.2216254796564845e-02
1.8953125000000002e+00	1.1858943573387940e-02
1.8984375000000000e+00	1.1501471499797975e-02
1.9015625000000000e+00	1.1143843058405359e-02
1.9046875000000001e+00	1.0786062752068547e-02
1.9078125000000001e+00	1.0428135103301621e-02
1.9109375000000002e+00	1.0070064653673844e-02
1.9140625000000000e+00	9.7118559632015031e-03
1.9171875000000000e+00	9.3535136097322585e-03
1.9203125000000001e+00	8.9950421883221235e-03
1.9234375000000001e+00	8.6364463106053148e-03
1.9265625000000002e+00	8.2777306041572248e-03
1.9296875000000000e+00	7.9188997118507885e-03
1.9328125000000000e+00	7.5599582912063146e-03
1.9359375000000001e+00	7.2009110137351770e-03
1.9390625000000001e+00	6.8417625642774108e-03
1.9421875000000002e+00	6.4825176403336951e-03
1.9453125000000000e+00	6.1231809513916328e-03
1.9484375000000000e+00	5.7637572182468464e-03
1.9515625000000001e+00	5.4042511723189825e-03
1.9546875000000001e+00	5.0446675549628674e-03
1.9578125000000002e+00	4.6850111167750482e-03
1.9609375000000000e+00	4.3252866168960475e-03
1.9640625000000000e+00	3.9654988223084406e-03
1.9671875000000001e+00	3.6056525071310407e-03
1.9703125000000001e+00	3.2457524519094848e-03
1.9734375000000002e+00	2.8858034429034437e-03
1.9765625000000000e+00	2.5258102713706450e-03
1.9796875000000000e+00	2.1657777328480082e-03
1.9828125000000001e+00	1.8057106264300854e-03
1.9859375000000001e+00	1.4456137540451368e-03
1.9890625000000002e+00	1.0854919197290217e-03
1.9921875000000000e+00	7.2534992889712884e-04
1.9953125000000000e+00	3.6519258761470003e-04
1.9984375000000001e+00	5.0247018656687925e-06
2.0015624999999999e+00	-3.5514892317963957e-04
2.0046875000000002e+00	-7.1531463454975865e-04
2.0078125000000000e+00	-1.0754677914014145e-03
2.0109375000000003e+00	-1.4356035875457420e-03
2.0140625000000001e+00	-1.7957172166530302e-03
2.0171874999999999e+00	-2.1558038729838579e-03
2.0203125000000002e+00	-2.5158587521189072e-03
2.0234375000000000e+00	-2.8758770516870368e-03
2.0265625000000003e+00	-3.2358539720915261e-03
2.0296875000000001e+00	-3.5957847172341777e-03
2.0328124999999999e+00	-3.9556644952369246e-03
2.0359375000000002e+00	-4.3154885191609739e-03
2.0390625000000000e+00	-4.6752520077228835e-03
2.0421875000000003e+00	-5.0349501860076189e-03
2.0453125000000001e+00	-5.3945782861782327e-03
2.0484374999999999e+00	-5.7541315481819391e-03
2.0515625000000002e+00	-6.1136052204522149e-03
2.0546875000000000e+00	-6.4729945606069777e-03
2.0578125000000003e+00	-6.8322948361423342e-03
2.0609375000000001e+00	-7.1915013251217562e-03
2.0640624999999999e+00	-7.5506093168604483e-03
2.0671875000000002e+00	-7.9096141126047074e-03
2.0703125000000000e+00	-8.2685110262059533e-03
2.0734375000000003e+00	-8.6272953847893116e-03
2.0765625000000001e+00	-8.9859625294163616e-03
2.0796874999999999e+00	-9.3445078157420036e-03
2.0828125000000002e+00	-9.7029266146650556e-03
2.0859375000000000e+00	-1.0061214312972518e-02
2.0890625000000003e+00	-1.0419366313977064e-02
2.0921875000000001e+00	-1.0777378038147800e-02
2.0953124999999999e+00	-1.1135244923733792e-02
2.0984375000000002e+00	-1.1492962427380442e-02
2.1015625000000000e+00	-1.1850526024738206e-02
2.1046875000000003e+00	-1.2207931211063689e-02
2.1078125000000001e+00	-1.2565173501812705e-02
2.1109374999999999e+00	-1.2922248433225288e-02
2.1140625000000002e+00	-1.3279151562902221e-02
2.1171875000000000e+00	-1.3635878470373146e-02
2.1203125000000003e+00	-1.3992424757655792e-02
2.1234375000000001e+00	-1.4348786049806338e-02
2.1265624999999999e+00	-1.4704957995460606e-02
2.1296875000000002e+00	-1.5060936267365843e-02
2.1328125000000000e+00	-1.5416716562903105e-02
2.1359375000000003e+00	-1.5772294604599783e-02
2.1390625000000001e+00	-1.6127666140632366e-02
2.1421874999999999e+00	-1.6482826945318982e-02
2.1453125000000002e+00	-1.6837772819601839e-02
2.1484375000000000e+00	-1.7192499591519160e-02
2.1515625000000003e+00	-1.7547003116666463e-02
2.1546875000000001e+00	-1.7901279278647205e-02
2.1578124999999999e+00	-1.8255323989512420e-02
2.1609375000000002e+00	-1.8609133190189281e-02
2.1640625000000000e+00	-1.8962702850898464e-02
2.1671875000000003e+00	-1.9316028971560029e-02
2.1703125000000001e+00	-1.9669107582187852e-02
2.1734374999999999e+00	-2.0021934743272365e-02
2.1765625000000002e+00	-2.0374506546151337e-02
2.1796875000000000e+00	-2.0726819113368867e-02
2.1828125000000003e+00	-2.1078868599022138e-02
2.1859375000000001e+00	-2.1430651189096057e-02
2.1890624999999999e+00	-2.1782163101785424e-02
2.1921875000000002e+00	-2.2133400587804684e-02
2.1953125000000000e+00	-2.2484359930685056e-02
2.1984375000000003e+00	-2.2835037447059010e-02
2.2015625000000001e+00	-2.3185429486931815e-02
2.2046874999999999e+00	-2.3535532433940246e-02
2.2078125000000002e+00	-2.3885342705598247e-02
2.2109375000000000e+00	-2.4234856753529405e-02
2.2140625000000003e+00	-2.4584071063686291e-02
2.2171875000000001e+00	-2.4932982156556410e-02
2.2203124999999999e+00	-2.5281586587354802e-02
2.2234375000000002e+00	-2.5629880946203148e-02
2.2265625000000000e+00	-2.5977861858295318e-02
2.2296875000000003e+00	-2.6325525984049313e-02
2.2328125000000001e+00	-2.6672870019245461e-02
2.2359374999999999e+00	-2.7019890695150928e-02
2.2390625000000002e+00	-2.7366584778630316e-02
2.2421875000000000e+00	-2.7712949072242497e-02
2.2453125000000003e+00	-2.8058980414323465e-02
2.2484375000000001e+00	-2.8404675679055157e-02
2.2515624999999999e+00	-2.8750031776520413e-02
2.2546875000000002e+00	-2.9095045652743748e-02
2.2578125000000000e+00	-2.9439714289718102e-02
2.2609375000000003e+00	-2.9784034705417503e-02
2.2640625000000001e+00	-3.0128003953795588e-02
2.2671874999999999e+00	-3.0471619124769898e-02
2.2703125000000002e+00	-3.0814877344192106e-02
2.2734375000000000e+00	-3.1157775773804030e-02
2.2765625000000003e+00	-3.1500311611179478e-02
2.2796875000000001e+00	-3.1842482089651854e-02
2.2828124999999999e+00	-3.2184284478227694e-02
2.2859375000000002e+00	-3.2525716081485911e-02
2.2890625000000000e+00	-3.2866774239462999e-02
2.2921875000000003e+00	-3.3207456327523997e-02
2.2953125000000001e+00	-3.3547759756219389e-02
2.2984374999999999e+00	-3.3887681971127903e-02
2.3015625000000002e+00	-3.4227220452685274e-02
2.3046875000000000e+00	-3.4566372715998904e-02
2.3078125000000003e+00	-3.4905136310648635e-02
2.3109375000000001e+00	-3.5243508820473481e-02
2.3140624999999999e+00	-3.5581487863344585e-02
2.3171875000000002e+00	-3.5919071090924203e-02
2.3203125000000000e+00	-3.6256256188411003e-02
2.3234375000000003e+00	-3.6593040874271607e-02
2.3265625000000001e+00	-3.6929422899958528e-02
2.3296874999999999e+00	-3.7265400049614358e-02
2.3328125000000002e+00	-3.7600970139762699e-02
2.3359375000000000e+00	-3.7936131018985478e-02
2.3390625000000003e+00	-3.8270880567586964e-02
2.3421875000000001e+00	-3.8605216697244552e-02
2.3453124999999999e+00	-3.8939137350646337e-02
2.3484375000000002e+00	-3.9272640501115758e-02
2.3515625000000000e+00	-3.9605724152223007e-02
2.3546875000000003e+00	-3.9938386337383752e-02
2.3578125000000001e+00	-4.0270625119445271e-02
2.3609374999999999e+00	-4.0602438590259526e-02
2.3640625000000002e+00	-4.0933824870244023e-02
2.3671875000000000e+00	-4.1264782107930172e-02
2.3703125000000003e+00	-4.1595308479499431e-02
2.3734375000000001e+00	-4.1925402188307231e-02
2.3765624999999999e+00	-4.2255061464394790e-02
2.3796875000000002e+00	-4.2584284563989348e-02
2.3828125000000000e+00	-4.2913069768992285e-02
2.3859375000000003e+00	-4.3241415386455914e-02
2.3890625000000001e+00	-4.3569319748048695e-02
2.3921874999999999e+00	-4.3896781209509163e-02
2.3953125000000002e+00	-4.4223798150088846e-02
2.3984375000000000e+00	-4.4550368971983945e-02
2.4015625000000003e+00	-4.4876492099756402e-02
2.4046875000000001e+00	-4.5202165979744184e-02
2.4078125000000004e+00	-4.5527389079461245e-02
2.4109375000000002e+00	-4.5852159886986953e-02
2.4140625000000000e+00	-4.6176476910345488e-02
2.4171875000000003e+00	-4.6500338676875350e-02
2.4203125000000001e+00	-4.6823743732588921e-02
2.4234375000000004e+00	-4.7146690641522493e-02
2.4265625000000002e+00	-4.7469177985077070e-02
2.4296875000000000e+00	-4.7791204361349648e-02
2.4328125000000003e+00	-4.8112768384455648e-02
2.4359375000000001e+00	-4.8433868683842585e-02
2.4390625000000004e+00	-4.8754503903594877e-02
2.4421875000000002e+00	-4.9074672701730514e-02
2.4453125000000000e+00	-4.9394373749489330e-02
2.4484375000000003e+00	-4.9713605730613279e-02
2.4515625000000001e+00	-5.0032367340619034e-02
2.4546875000000004e+00	-5.0350657286062826e-02
2.4578125000000002e+00	-5.0668474283798032e-02
2.4609375000000000e+00	-5.0985817060225612e-02
2.4640625000000003e+00	-5.1302684350537600e-02
2.4671875000000001e+00	-5.1619074897953775e-02
2.4703125000000004e+00	-5.1934987452952025e-02
2.4734375000000002e+00	-5.2250420772492423e-02
2.4765625000000000e+00	-5.2565373619235113e-02
2.4796875000000003e+00	-5.2879844760752595e-02
2.4828125000000001e+00	-5.3193832968736379e-02
2.4859375000000004e+00	-5.3507337018198264e-02
2.4890625000000002e+00	-5.3820355686666557e-02
2.4921875000000000e+00	-5.4132887753377434e-02
2.4953125000000003e+00	-5.4444931998461801e-02
2.4984375000000001e+00	-5.4756487202127550e-02
2.5015625000000004e+00	-5.5067552143837857e-02
2.5046875000000002e+00	-5.5378125601485556e-02
2.5078125000000000e+00	-5.5688206350563894e-02
2.5109375000000003e+00	-5.5997793163333802e-02
2.5140625000000001e+00	-5.6306884807988185e-02
2.5171875000000004e+00	-5.6615480047813097e-02
2.5203125000000002e+00	-5.6923577640346543e-02
2.5234375000000000e+00	-5.7231176336534552e-02
2.5265625000000003e+00	-5.7538274879885512e-02
2.5296875000000001e+00	-5.7844872005622223e-02
2.5328125000000004e+00	-5.8150966439832558e-02
2.5359375000000002e+00	-5.8456556898618693e-02
2.5390625000000000e+00	-5.8761642087245214e-02
2.5421875000000003e+00	-5.9066220699286250e-02
2.5453125000000001e+00	-5.9370291415772221e-02
2.5484375000000004e+00	-5.9673852904335946e-02
2.5515625000000002e+00	-5.9976903818358900e-02
2.5546875000000000e+00	-6.0279442796117529e-02
2.5578125000000003e+00	-6.0581468459929851e-02
2.5609375000000001e+00	-6.0882979415303032e-02
2.5640625000000004e+00	-6.1183974250081555e-02
2.5671875000000002e+00	-6.1484451533596815e-02
2.5703125000000000e+00	-6.1784409815818085e-02
2.5734375000000003e+00	-6.2083847626505179e-02
2.5765625000000001e+00	-6.2382763474363001e-02
2.5796875000000004e+00	-6.2681155846198405e-02
2.5828125000000002e+00	-6.2979023206079607e-02
2.5859375000000000e+00	-6.3276363994497972e-02
2.5890625000000003e+00	-6.3573176627533298e-02
2.5921875000000001e+00	-6.3869459496021838e-02
2.5953125000000004e+00	-6.4165210964728145e-02
2.5984375000000002e+00	-6.4460429371520481e-02
2.6015625000000000e+00	-6.4755113026550376e-02
2.6046875000000003e+00	-6.5049260211436186e-02
2.6078125000000001e+00	-6.5342869178451432e-02
2.6109375000000004e+00	-6.5635938149717687e-02
2.6140625000000002e+00	-6.5928465316402493e-02
2.6171875000000000e+00	-6.6220448837922580e-02
2.6203125000000003e+00	-6.6511886841152473e-02
2.6234375000000001e+00	-6.6802777419638928e-02
2.6265625000000004e+00	-6.7093118632821330e-02
2.6296875000000002e+00	-6.7382908505258091e-02
2.6328125000000000e+00	-6.7672145025859859e-02
2.6359375000000003e+00	-6.7960826147129089e-02
2.6390625000000001e+00	-6.8248949784406834e-02
2.6421875000000004e+00	-6.8536513815126376e-02
2.6453125000000002e+00	-6.8823516078074534e-02
2.6484375000000000e+00	-6.9109954372660473e-02
2.6515625000000003e+00	-6.9395826458192325e-02
2.6546875000000001e+00	-6.9681130053162066e-02
2.6578125000000004e+00	-6.9965862834538442e-02
2.6609375000000002e+00	-7.0250022437068738e-02
2.6640625000000000e+00	-7.0533606452588965e-02
2.6671875000000003e+00	-7.0816612429343423e-02
2.6703125000000001e+00	-7.1099037871312942e-02
2.6734375000000004e+00	-7.1380880237553110e-02
2.6765625000000002e+00	-7.1662136941541596e-02
2.6796875000000000e+00	-7.1942805350535696e-02
2.6828125000000003e+00	-7.2222882784939643e-02
2.6859375000000001e+00	-7.2502366517682354e-02
2.6890625000000004e+00	-7.2781253773605420e-02
2.6921875000000002e+00	-7.3059541728862032e-02
2.6953125000000000e+00	-7.3337227510326383e-02
2.6984375000000003e+00	-7.3614308195014425e-02
2.7015625000000001e+00	-7.3890780809515666e-02
2.7046875000000004e+00	-7.4166642329436538e-02
2.7078125000000002e+00	-7.4441889678855164e-02
2.7109375000000000e+00	-7.4716519729788058e-02
2.7140625000000003e+00	-7.4990529301668843e-02
2.7171875000000001e+00	-7.5263915160838954e-02
2.7203125000000004e+00	-7.5536674020050723e-02
2.7234375000000002e+00	-7.5808802537983139e-02
2.7265625000000000e+00	-7.6080297318769877e-02
2.7296875000000003e+00	-7.6351154911540597e-02
2.7328125000000001e+00	-7.6621371809974928e-02
2.7359375000000004e+00	-7.6890944451869669e-02
2.7390625000000002e+00	-7.7159869218719410e-02
2.7421875000000000e+00	-7.7428142435310432e-02
2.7453125000000003e+00	-7.7695760369328418e-02
2.7484375000000001e+00	-7.7962719230979693e-02
2.7515625000000004e+00	-7.8229015172626468e-02
2.7546875000000002e+00	-7.8494644288436263e-02
2.7578125000000000e+00	-7.8759602614045271e-02
2.7609375000000003e+00	-7.9023886126236134e-02
2.7640625000000001e+00	-7.9287490742630071e-02
2.7671875000000004e+00	-7.9550412321393704e-02
2.7703125000000002e+00	-7.9812646660960523e-02
2.7734375000000000e+00	-8.0074189499767037e-02
2.7765625000000003e+00	-8.0335036516003974e-02
2.7796875000000001e+00	-8.0595183327382386e-02
2.7828125000000004e+00	-8.0854625490915114e-02
2.7859375000000002e+00	-8.1113358502713159e-02
2.7890625000000000e+00	-8.1371377797797670e-02
2.7921875000000003e+00	-8.1628678749927269e-02
2.7953125000000001e+00	-8.1885256671440809e-02
2.7984375000000004e+00	-8.2141106813115941e-02
2.8015625000000002e+00	-8.2396224364043313e-02
2.8046875000000000e+00	-8.2650604451516368e-02
2.8078125000000003e+00	-8.2904242140937334e-02
2.8109375000000001e+00	-8.3157132435738940e-02
2.8140625000000004e+00	-8.3409270277322187e-02
2.8171875000000002e+00	-8.3660650545010110e-02
2.8203125000000000e+00	-8.3911268056017979e-02
2.8234375000000003e+00	-8.4161117565439356e-02
2.8265625000000001e+00	-8.4410193766248476e-02
2.8296875000000004e+00	-8.4658491289319168e-02
2.8328125000000002e+00	-8.4906004703459909e-02
2.8359375000000000e+00	-8.5152728515465334e-02
2.8390625000000003e+00	-8.5398657170184147e-02
2.8421875000000001e+00	-8.5643785050603688e-02
2.8453125000000004e+00	-8.5888106477950782e-02
2.8484375000000002e+00	-8.6131615711809217e-02
2.8515625000000000e+00	-8.6374306950253874e-02
2.8546875000000003e+00	-8.6616174330001364e-02
2.8578125000000001e+00	-8.6857211926577221e-02
2.8609375000000004e+00	-8.7097413754499822e-02
2.8640625000000002e+00	-8.7336773767480835e-02
2.8671875000000000e+00	-8.7575285858642465e-02
2.8703125000000003e+00	-8.7812943860751058e-02
2.8734375000000001e+00	-8.8049741546467747e-02
2.8765625000000004e+00	-8.8285672628615239e-02
2.8796875000000002e+00	-8.8520730760461727e-02
2.8828125000000000e+00	-8.8754909536020998e-02
2.8859375000000003e+00	-8.8988202490369359e-02
2.8890625000000001e+00	-8.9220603099979159e-02
2.8921875000000004e+00	-8.9452104783068767e-02
2.8953125000000002e+00	-8.9682700899969020e-02
2.8984375000000000e+00	-8.9912384753506366e-02
2.9015625000000003e+00	-9.0141149589402295e-02
2.9046875000000001e+00	-9.0368988596689306e-02
2.9078125000000004e+00	-9.0595894908143043e-02
2.9109375000000002e+00	-9.0821861600731135e-02
2.9140625000000000e+00	-9.1046881696077997e-02
2.9171875000000003e+00	-9.1270948160945900e-02
2.9203125000000001e+00	-9.1494053907732437e-02
2.9234375000000004e+00	-9.1716191794983873e-02
2.9265625000000002e+00	-9.1937354627924697e-02
2.9296875000000000e+00	-9.2157535159002990e-02
2.9328125000000003e+00	-9.2376726088451919e-02
2.9359375000000001e+00	-9.2594920064867012e-02
2.9390625000000004e+00	-9.2812109685799032e-02
2.9421875000000002e+00	-9.3028287498362783e-02
2.9453125000000000e+00	-9.3243445999861341e-02
2.9484375000000003e+00	-9.3457577638425895e-02
2.9515625000000001e+00	-9.3670674813670946e-02
2.9546875000000004e+00	-9.3882729877364957e-02
2.9578125000000002e+00	-9.4093735134116022e-02
2.9609375000000000e+00	-9.4303682842072925e-02
2.9640625000000003e+00	-9.4512565213641056e-02
2.9671875000000001e+00	-9.4720374416213199e-02
2.9703125000000004e+00	-9.4927102572915409e-02
2.9734375000000002e+00	-9.5132741763367293e-02
2.9765625000000000e+00	-9.5337284024457056e-02
2.9796875000000003e+00	-9.5540721351130883e-02
2.9828125000000001e+00	-9.5743045697196771e-02
2.9859375000000004e+00	-9.5944248976142607e-02
2.9890625000000002e+00	-9.6144323061968129e-02
2.9921875000000000e+00	-9.6343259790031069e-02
2.9953125000000003e+00	-9.6541050957907118e-02
2.9984375000000001e+00	-9.6737688326263338e-02
3.0015625000000004e+00	-9.6933163619745452e-02
3.0046875000000002e+00	-9.7127364805607491e-02
3.0078125000000000e+00	-9.7320389689222173e-02
3.0109375000000003e+00	-9.7512229839453179e-02
3.0140625000000001e+00	-9.7702876793897109e-02
3.0171875000000004e+00	-9.7892322059816725e-02
3.0203125000000002e+00	-9.8080557115087091e-02
3.0234375000000000e+00	-9.8267573409154513e-02
3.0265625000000003e+00	-9.8453362364008229e-02
3.0296875000000001e+00	-9.8637915375164323e-02
3.0328125000000004e+00	-9.8821223812662146e-02
3.0359375000000002e+00	-9.9003279022072802e-02
3.0390625000000000e+00	-9.9184072325519540e-02
3.0421875000000003e+00	-9.9363595022709986e-02
3.0453125000000001e+00	-9.9541838391979887e-02
3.0484375000000004e+00	-9.9718793691348354e-02
3.0515625000000002e+00	-9.9894452159584229e-02
3.0546875000000000e+00	-1.0006880501728366e-01
3.0578125000000003e+00	-1.0024184346795832e-01
3.0609375000000001e+00	-1.0041355869913447e-01
3.0640625000000004e+00	-1.0058394188346249e-01
3.0671875000000002e+00	-1.0075298417983648e-01
3.0703125000000000e+00	-1.0092067673452418e-01
3.0734375000000003e+00	-1.0108701068230677e-01
3.0765625000000001e+00	-1.0125197714762817e-01
3.0796875000000004e+00	-1.0141556724575398e-01
3.0828125000000002e+00	-1.0157777208393973e-01
3.0859375000000000e+00	-1.0173858276260807e-01
3.0890625000000003e+00	-1.0189799037653494e-01
3.0921875000000001e+00	-1.0205598601604439e-01
3.0953125000000004e+00	-1.0221256076821178e-01
3.0984375000000002e+00	-1.0236770571807541e-01
3.1015625000000000e+00	-1.0252141194985594e-01
3.1046875000000003e+00	-1.0267367054818374e-01
3.1078125000000001e+00	-1.0282447259933396e-01
3.1109375000000004e+00	-1.0297380919246867e-01
3.1140625000000002e+00	-1.0312167142088653e-01
3.1171875000000000e+00	-1.0326805038327917e-01
3.1203125000000003e+00	-1.0341293718499432e-01
3.1234375000000001e+00	-1.0355632293930553e-01
3.1265625000000004e+00	-1.0369819876868804e-01
3.1296875000000002e+00	-1.0383855580610082e-01
3.1328125000000000e+00	-1.0397738519627439e-01
3.1359375000000003e+00	-1.0411467809700416e-01
3.1390625000000001e+00	-1.0425042568044927e-01
3.1421875000000004e+00	-1.0438461913443649e-01
3.1453125000000002e+00	-1.0451724966376900e-01
3.1484375000000000e+00	-1.0464830849154000e-01
3.1515625000000003e+00	-1.0477778686045056e-01
3.1546875000000001e+00	-1.0490567603413178e-01
3.1578125000000004e+00	-1.0503196729847106e-01
3.1609375000000002e+00	-1.0515665196294176e-01
3.1640625000000000e+00	-1.0527972136193683e-01
3.1671875000000003e+00	-1.0540116685610534e-01
3.1703125000000001e+00	-1.0552097983369214e-01
3.1734375000000004e+00	-1.0563915171188056e-01
3.1765625000000002e+00	-1.0575567393813724e-01
3.1796875000000000e+00	-1.0587053799155968e-01
3.1828125000000003e+00	-1.0598373538422567e-01
3.1859375000000001e+00	-1.0609525766254460e-01
3.1890625000000004e+00	-1.0620509640861037e-01
3.1921875000000002e+00	-1.0631324324155569e-01
3.1953125000000000e+00	-1.0641968981890756e-01
3.1984375000000003e+00	-1.0652442783794352e-01
3.2015625000000001e+00	-1.0662744903704857e-01
3.2046875000000004e+00	-1.0672874519707261e-01
3.2078125000000002e+00	-1.0682830814268790e-01
3.2109375000000000e+00	-1.0692612974374650e-01
3.2140625000000003e+00	-1.0702220191663749e-01
3.2171875000000001e+00	-1.0711651662564343e-01
3.2203125000000004e+00	-1.0720906588429613e-01
3.2234375000000002e+00	-1.0729984175673148e-01
3.2265625000000000e+00	-1.0738883635904270e-01
3.2296875000000003e+00	-1.0747604186063253e-01
3.2328125000000001e+00	-1.0756145048556312e-01
3.2359375000000004e+00	-1.0764505451390431e-01
3.2390625000000002e+00	-1.0772684628307956e-01
3.2421875000000000e+00	-1.0780681818920934e-01
3.2453125000000003e+00	-1.0788496268845173e-01
3.2484375000000001e+00	-1.0796127229834029e-01
3.2515625000000004e+00	-1.0803573959911859e-01
3.2546875000000002e+00	-1.0810835723507117e-01
3.2578125000000000e+00	-1.0817911791585108e-01
3.2609375000000003e+00	-1.0824801441780330e-01
3.2640625000000001e+00	-1.0831503958528414e-01
3.2671875000000004e+00	-1.0838018633197613e-01
3.2703125000000002e+00	-1.0844344764219833e-01
3.2734375000000000e+00	-1.0850481657221202e-01
3.2765625000000003e+00	-1.0856428625152066e-01
3.2796875000000001e+00	-1.0862184988416532e-01
3.2828125000000004e+00	-1.0867750075001398e-01
3.2859375000000002e+00	-1.0873123220604525e-01
3.2890625000000000e+00	-1.0878303768762601e-01
3.2921875000000003e+00	-1.0883291070978282e-01
3.2953125000000001e+00	-1.0888084486846697e-01
3.2984375000000004e+00	-1.0892683384181248e-01
3.3015625000000002e+00	-1.0897087139138757e-01
3.3046875000000000e+00	-1.0901295136343858e-01
3.3078125000000003e+00	-1.0905306769012688e-01
3.3109375000000001e+00	-1.0909121439075782e-01
3.3140625000000004e+00	-1.0912738557300204e-01
3.3171875000000002e+00	-1.0916157543410866e-01
3.3203125000000000e+00	-1.0919377826211017e-01
3.3234375000000003e+00	-1.0922398843701890e-01
3.3265625000000001e+00	-1.0925220043201463e-01
3.3296875000000004e+00	-1.0927840881462335e-01
3.3328125000000002e+00	-1.0930260824788694e-01
3.3359375000000000e+00	-1.0932479349152324e-01
3.3390625000000003e+00	-1.0934495940307692e-01
3.3421875000000001e+00	-1.0936310093906003e-01
3.3453125000000004e+00	-1.0937921315608314e-01
3.3484375000000002e+00	-1.0939329121197573e-01
3.3515625000000000e+00	-1.0940533036689659e-01
3.3546875000000003e+00	-1.0941532598443332e-01
3.3578125000000001e+00	-1.0942327353269106e-01
3.3609375000000004e+00	-1.0942916858537026e-01
3.3640625000000002e+00	-1.0943300682283316e-01
3.3671875000000000e+00	-1.0943478403315886e-01
3.3703125000000003e+00	-1.0943449611318665e-01
3.3734375000000001e+00	-1.0943213906954782e-01
3.3765625000000004e+00	-1.0942770901968502e-01
3.3796875000000002e+00	-1.0942120219285975e-01
3.3828125000000000e+00	-1.0941261493114728e-01
3.3859375000000003e+00	-1.0940194369041906e-01
3.3890625000000001e+00	-1.0938918504131226e-01
3.3921875000000004e+00	-1.0937433567018646e-01
3.3953125000000002e+00	-1.0935739238006713e-01
3.3984375000000000e+00	-1.0933835209157577e-01
3.4015625000000003e+00	-1.0931721184384655e-01
3.4046875000000001e+00	-1.0929396879542928e-01
3.4078125000000004e+00	-1.0926862022517862e-01
3.4109375000000002e+00	-1.0924116353312904e-01
3.4140625000000000e+00	-1.0921159624135579e-01
3.4171875000000003e+00	-1.0917991599482135e-01
3.4203125000000001e+00	-1.0914612056220753e-01
3.4234375000000004e+00	-1.0911020783673256e-01
3.4265625000000002e+00	-1.0907217583695372e-01
3.4296875000000000e+00	-1.0903202270755462e-01
3.4328125000000003e+00	-1.0898974672011744e-01
3.4359375000000001e+00	-1.0894534627387981e-01
3.4390625000000004e+00	-1.0889881989647630e-01
3.4421875000000002e+00	-1.0885016624466415e-01
3.4453125000000000e+00	-1.0879938410503315e-01
3.4484375000000003e+00	-1.0874647239469985e-01
3.4515625000000001e+00	-1.0869143016198544e-01
3.4546875000000004e+00	-1.0863425658707761e-01
3.4578125000000002e+00	-1.0857495098267592e-01
3.4609375000000000e+00	-1.0851351279462072e-01
3.4640625000000003e+00	-1.0844994160250553e-01
3.4671875000000001e+00	-1.0838423712027256e-01
3.4703125000000004e+00	-1.0831639919679138e-01
3.4734375000000002e+00	-1.0824642781642070e-01
3.4765625000000000e+00	-1.0817432309955281e-01
3.4796875000000003e+00	-1.0810008530314102e-01
3.4828125000000001e+00	-1.0802371482120945e-01
3.4859375000000004e+00	-1.0794521218534571e-01
3.4890625000000002e+00	-1.0786457806517560e-01
3.4921875000000000e+00	-1.0778181326882039e-01
3.4953125000000003e+00	-1.0769691874333620e-01
3.4984375000000001e+00	-1.0760989557513545e-01
3.5015625000000004e+00	-1.0752074499039030e-01
3.5046875000000002e+00	-1.0742946835541811e-01
3.5078125000000000e+00	-1.0733606717704845e-01
3.5109375000000003e+00	-1.0724054310297206e-01
3.5140625000000001e+00	-1.0714289792207128e-01
3.5171875000000004e+00	-1.0704313356473208e-01
3.5203125000000002e+00	-1.0694125210313749e-01
3.5234375000000000e+00	-1.0683725575154243e-01
3.5265625000000003e+00	-1.0673114686652981e-01
3.5296875000000001e+00	-1.0662292794724781e-01
3.5328125000000004e+00	-1.0651260163562842e-01
3.5359375000000002e+00	-1.0640017071658694e-01
3.5390625000000000e+00	-1.0628563811820248e-01
3.5421875000000003e+00	-1.0616900691187942e-01
3.5453125000000001e+00	-1.0605028031248996e-01
3.5484375000000004e+00	-1.0592946167849708e-01
3.5515625000000002e+00	-1.0580655451205870e-01
3.5546875000000000e+00	-1.0568156245911230e-01
3.5578125000000003e+00	-1.0555448930944031e-01
3.5609375000000001e+00	-1.0542533899671616e-01
3.5640625000000004e+00	-1.0529411559853089e-01
3.5671875000000002e+00	-1.0516082333640028e-01
3.5703125000000000e+00	-1.0502546657575262e-01
3.5734375000000003e+00	-1.0488804982589679e-01
3.5765625000000001e+00	-1.0474857773997105e-01
3.5796875000000004e+00	-1.0460705511487196e-01
3.5828125000000002e+00	-1.0446348689116411e-01
3.5859375000000000e+00	-1.0431787815296981e-01
3.5890625000000003e+00	-1.0417023412783954e-01
3.5921875000000001e+00	-1.0402056018660256e-01
3.5953125000000004e+00	-1.0386886184319796e-01
3.5984375000000002e+00	-1.0371514475448607e-01
3.6015625000000000e+00	-1.0355941472004020e-01
3.6046875000000003e+00	-1.0340167768191871e-01
3.6078125000000001e+00	-1.0324193972441760e-01
3.6109375000000004e+00	-1.0308020707380326e-01
3.6140625000000002e+00	-1.0291648609802578e-01
3.6171875000000000e+00	-1.0275078330641262e-01
3.6203125000000003e+00	-1.0258310534934251e-01
3.6234375000000001e+00	-1.0241345901790014e-01
3.6265625000000004e+00	-1.0224185124351097e-01
3.6296875000000002e+00	-1.0206828909755686e-01
3.6328125000000000e+00	-1.0189277979097183e-01
3.6359375000000003e+00	-1.0171533067381880e-01
3.6390625000000001e+00	-1.0153594923484660e-01
3.6421875000000004e+00	-1.0135464310102774e-01
3.6453125000000002e+00	-1.0117142003707699e-01
3.6484375000000000e+00	-1.0098628794495050e-01
3.6515625000000003e+00	-1.0079925486332568e-01
3.6546875000000001e+00	-1.0061032896706222e-01
3.6578125000000004e+00	-1.0041951856664361e-01
3.6609375000000002e+00	-1.0022683210759993e-01
3.6640625000000000e+00	-1.0003227816991152e-01
3.6671875000000003e+00	-9.9835865467393689e-02
3.6703125000000001e+00	-9.9637602847062828e-02
3.6734375000000004e+00	-9.9437499288483416e-02
3.6765625000000002e+00	-9.9235563903096735e-02
3.6796875000000000e+00	-9.9031805933530545e-02
3.6828125000000003e+00	-9.8826234752890707e-02
3.6859375000000001e+00	-9.8618859864034000e-02
3.6890625000000004e+00	-9.8409690898822802e-02
3.6921875000000002e+00	-9.8198737617361559e-02
3.6953125000000000e+00	-9.7986009907214872e-02
3.6984375000000003e+00	-9.7771517782607842e-02
3.7015625000000001e+00	-9.7555271383608338e-02
3.7046875000000004e+00	-9.7337280975291401e-02
3.7078125000000002e+00	-9.7117556946885938e-02
3.7109375000000000e+00	-9.6896109810903977e-02
3.7140625000000003e+00	-9.6672950202252236e-02
3.7171875000000001e+00	-9.6448088877326407e-02
3.7203125000000004e+00	-9.6221536713088196e-02
3.7234375000000002e+00	-9.5993304706125285e-02
3.7265625000000000e+00	-9.5763403971694291e-02
3.7296875000000003e+00	-9.5531845742746826e-02
3.7328125000000001e+00	-9.5298641368938994e-02
3.7359375000000004e+00	-9.5063802315624002e-02
3.7390625000000002e+00	-9.4827340162828830e-02
3.7421875000000000e+00	-9.4589266604214156e-02
3.7453125000000003e+00	-9.4349593446018357e-02
3.7484375000000001e+00	-9.4108332605985570e-02
3.7515625000000004e+00	-9.3865496112277860e-02
3.7546875000000002e+00	-9.3621096102371598e-02
3.7578125000000000e+00	-9.3375144821938622e-02
3.7609375000000003e+00	-9.3127654623711795e-02
3.7640625000000001e+00	-9.2878637966335484e-02
3.7671875000000004e+00	-9.2628107413201044e-02
3.7703125000000002e+00	-9.2376075631267401e-02
3.7734375000000000e+00	-9.2122555389867106e-02
3.7765625000000003e+00	-9.1867559559497769e-02
3.7796875000000001e+00	-9.1611101110599169e-02
3.7828125000000004e+00	-9.1353193112316447e-02
3.7859375000000002e+00	-9.1093848731249247e-02
3.7890625000000000e+00	-9.0833081230186921e-02
3.7921875000000003e+00	-9.0570903966830582e-02
3.7953125000000001e+00	-9.0307330392501495e-02
3.7984375000000004e+00	-9.0042374050836371e-02
3.8015625000000002e+00	-8.9776048576469772e-02
3.8046875000000000e+00	-8.9508367693703669e-02
3.8078125000000003e+00	-8.9239345215164578e-02
3.8109375000000001e+00	-8.8968995040448098e-02
3.8140625000000004e+00	-8.8697331154751632e-02
3.8171875000000002e+00	-8.8424367627494921e-02
3.8203125000000000e+00	-8.8150118610928946e-02
3.8234375000000003e+00	-8.7874598338733401e-02
3.8265625000000001e+00	-8.7597821124602751e-02
3.8296875000000004e+00	-8.7319801360821389e-02
3.8328125000000002e+00	-8.7040553516827809e-02
3.8359375000000000e+00	-8.6760092137768266e-02
3.8390625000000003e+00	-8.6478431843039993e-02
3.8421875000000001e+00	-8.6195587324824241e-02
3.8453125000000004e+00	-8.5911573346609538e-02
3.8484375000000002e+00	-8.5626404741705089e-02
3.8515625000000000e+00	-8.5340096411744698e-02
3.8546875000000003e+00	-8.5052663325181771e-02
3.8578125000000001e+00	-8.4764120515774852e-02
3.8609375000000004e+00	-8.4474483081064866e-02
3.8640625000000002e+00	-8.4183766180843667e-02
3.8671875000000000e+00	-8.3891985035614167e-02
3.8703125000000003e+00	-8.3599154925042884e-02
3.8734375000000001e+00	-8.3305291186404243e-02
3.8765625000000004e+00	-8.3010409213017722e-02
3.8796875000000002e+00	-8.2714524452677504e-02
3.8828125000000000e+00	-8.2417652406075306e-02
3.8859375000000003e+00	-8.2119808625216228e-02
3.8890625000000001e+00	-8.1821008711828361e-02
3.8921875000000004e+00	-8.1521268315765838e-02
3.8953125000000002e+00	-8.1220603133406122e-02
3.8984375000000000e+00	-8.0919028906041551e-02
3.9015625000000003e+00	-8.0616561418265217e-02
3.9046875000000001e+00	-8.0313216496351800e-02
3.9078125000000004e+00	-8.0009010006633421e-02
3.9109375000000002e+00	-7.9703957853870744e-02
3.9140625000000000e+00	-7.9398075979619648e-02
3.9171875000000003e+00	-7.9091380360593821e-02
3.9203125000000001e+00	-7.8783887007023351e-02
3.9234375000000004e+00	-7.8475611961009759e-02
3.9265625000000002e+00	-7.8166571294877585e-02
3.9296875000000000e+00	-7.7856781109522891e-02
3.9328125000000003e+00	-7.7546257532759011e-02
3.9359375000000001e+00	-7.7235016717659685e-02
3.9390625000000004e+00	-7.6923074840899747e-02
3.9421875000000002e+00	-7.6610448101094103e-02
3.9453125000000000e+00	-7.6297152717134595e-02
3.9484375000000003e+00	-7.5983204926525647e-02
3.9515625000000001e+00	-7.5668620983718557e-02
3.9546875000000004e+00	-7.5353417158444860e-02
3.9578125000000002e+00	-7.5037609734049035e-02
3.9609375000000000e+00	-7.4721215005820796e-02
3.9640625000000003e+00	-7.4404249279327206e-02
3.9671875000000001e+00	-7.4086728868745011e-02
3.9703125000000004e+00	-7.3768670095193251e-02
3.9734375000000002e+00	-7.3450089285066647e-02
3.9765625000000000e+00	-7.3131002768369952e-02
3.9796875000000003e+00	-7.2811426877053373e-02
3.9828125000000001e+00	-7.2491377943349602e-02
3.9859375000000004e+00	-7.2170872298112615e-02
3.9890625000000002e+00	-7.1849926269158343e-02
3.9921875000000000e+00	-7.1528556179607752e-02
3.9953125000000003e+00	-7.1206778346232555e-02
3.9984375000000001e+00	-7.0884609077803501e-02
