1.5625000000000001e-03	1.0403087752780645e-01
4.6875000000000007e-03	1.0449500906852700e-01
7.8125000000000000e-03	1.0495841061479344e-01
1.0937500000000001e-02	1.0542105674973778e-01
1.4062500000000000e-02	1.0588292204141619e-01
1.7187500000000001e-02	1.0634398104536855e-01
2.0312500000000001e-02	1.0680420830718403e-01
2.3437500000000000e-02	1.0726357836507279e-01
2.6562500000000003e-02	1.0772206575244274e-01
2.9687500000000002e-02	1.0817964500048156e-01
3.2812500000000001e-02	1.0863629064074309e-01
3.5937500000000004e-02	1.0909197720773822e-01
3.9062500000000000e-02	1.0954667924152942e-01
4.2187500000000003e-02	1.1000037129032844e-01
4.5312500000000006e-02	1.1045302791309768e-01
4.8437500000000001e-02	1.1090462368215367e-01
5.1562500000000004e-02	1.1135513318577282e-01
5.4687500000000000e-02	1.1180453103079915e-01
5.7812500000000003e-02	1.1225279184525334e-01
6.0937500000000006e-02	1.1269989028094303e-01
6.4062500000000008e-02	1.1314580101607324e-01
6.7187499999999997e-02	1.1359049875785765e-01
7.0312500000000000e-02	1.1403395824512921e-01
7.3437500000000003e-02	1.1447615425095038e-01
7.6562500000000006e-02	1.1491706158522229e-01
7.9687500000000008e-02	1.1535665509729272e-01
8.2812500000000011e-02	1.1579490967856215e-01
8.5937500000000000e-02	1.1623180026508742e-01
8.9062500000000003e-02	1.1666730184018337e-01
9.2187500000000006e-02	1.1710138943702086e-01
9.5312500000000008e-02	1.1753403814122196e-01
9.8437500000000011e-02	1.1796522309345077e-01
1.0156250000000000e-01	1.1839491949200080e-01
1.0468750000000000e-01	1.1882310259537703e-01
1.0781250000000001e-01	1.1924974772487366e-01
1.1093750000000001e-01	1.1967483026714587e-01
1.1406250000000001e-01	1.2009832567677638e-01
1.1718750000000000e-01	1.2052020947883543e-01
1.2031250000000000e-01	1.2094045727143453e-01
1.2343750000000001e-01	1.2135904472827308e-01
1.2656249999999999e-01	1.2177594760117762e-01
1.2968750000000001e-01	1.2219114172263362e-01
1.3281250000000000e-01	1.2260460300830894e-01
1.3593750000000002e-01	1.2301630745956894e-01
1.3906250000000001e-01	1.2342623116598252e-01
1.4218749999999999e-01	1.2383435030781921e-01
1.4531250000000001e-01	1.2424064115853636e-01
1.4843750000000000e-01	1.2464508008725637e-01
1.5156250000000002e-01	1.2504764356123377e-01
1.5468750000000001e-01	1.2544830814831112e-01
1.5781250000000002e-01	1.2584705051936418e-01
1.6093750000000001e-01	1.2624384745073530e-01
1.6406250000000000e-01	1.2663867582665503e-01
1.6718750000000002e-01	1.2703151264165158e-01
1.7031250000000001e-01	1.2742233500294739e-01
1.7343750000000002e-01	1.2781112013284315e-01
1.7656250000000001e-01	1.2819784537108808e-01
1.7968750000000000e-01	1.2858248817723683e-01
1.8281250000000002e-01	1.2896502613299202e-01
1.8593750000000001e-01	1.2934543694453279e-01
1.8906250000000002e-01	1.2972369844482834e-01
1.9218750000000001e-01	1.3009978859593638e-01
1.9531250000000000e-01	1.3047368549128630e-01
1.9843750000000002e-01	1.3084536735794638e-01
2.0156250000000001e-01	1.3121481255887499e-01
2.0468750000000002e-01	1.3158199959515540e-01
2.0781250000000001e-01	1.3194690710821369e-01
2.1093750000000000e-01	1.3230951388201964e-01
2.1406250000000002e-01	1.3266979884527005e-01
2.1718750000000001e-01	1.3302774107355453e-01
2.2031250000000002e-01	1.3338331979150295e-01
2.2343750000000001e-01	1.3373651437491471e-01
2.2656250000000000e-01	1.3408730435286917e-01
2.2968750000000002e-01	1.3443566940981697e-01
2.3281250000000001e-01	1.3478158938765253e-01
2.3593750000000002e-01	1.3512504428776606e-01
2.3906250000000001e-01	1.3546601427307642e-01
2.4218750000000000e-01	1.3580447967004333e-01
2.4531250000000002e-01	1.3614042097065934e-01
2.4843750000000001e-01	1.3647381883442058e-01
2.5156250000000002e-01	1.3680465409027689e-01
2.5468750000000001e-01	1.3713290773856018e-01
2.5781250000000000e-01	1.3745856095289147e-01
2.6093749999999999e-01	1.3778159508206567e-01
2.6406250000000003e-01	1.3810199165191450e-01
2.6718750000000002e-01	1.3841973236714669e-01
2.7031250000000001e-01	1.3873479911316541e-01
2.7343750000000000e-01	1.3904717395786309e-01
2.7656249999999999e-01	1.3935683915339253e-01
2.7968750000000003e-01	1.3966377713791492e-01
2.8281250000000002e-01	1.3996797053732365e-01
2.8593750000000001e-01	1.4026940216694475e-01
2.8906250000000000e-01	1.4056805503321257e-01
2.9218749999999999e-01	1.4086391233532128e-01
2.9531250000000003e-01	1.4115695746685158e-01
2.9843750000000002e-01	1.4144717401737258e-01
3.0156250000000001e-01	1.4173454577401859e-01
3.0468750000000000e-01	1.4201905672304016e-01
3.0781250000000004e-01	1.4230069105133031e-01
3.1093750000000003e-01	1.4257943314792418e-01
3.1406250000000002e-01	1.4285526760547329e-01
3.1718750000000001e-01	1.4312817922169330e-01
3.2031250000000000e-01	1.4339815300078554e-01
3.2343750000000004e-01	1.4366517415483190e-01
3.2656250000000003e-01	1.4392922810516309e-01
3.2968750000000002e-01	1.4419030048369968e-01
3.3281250000000001e-01	1.4444837713426656e-01
3.3593750000000000e-01	1.4470344411387942e-01
3.3906250000000004e-01	1.4495548769400446e-01
3.4218750000000003e-01	1.4520449436178987e-01
3.4531250000000002e-01	1.4545045082127003e-01
3.4843750000000001e-01	1.4569334399454151e-01
3.5156250000000000e-01	1.4593316102291096e-01
3.5468750000000004e-01	1.4616988926801497e-01
3.5781250000000003e-01	1.4640351631291137e-01
3.6093750000000002e-01	1.4663402996314212e-01
3.6406250000000001e-01	1.4686141824776747e-01
3.6718750000000000e-01	1.4708566942037138e-01
3.7031250000000004e-01	1.4730677196003825e-01
3.7343750000000003e-01	1.4752471457230032e-01
3.7656250000000002e-01	1.4773948619005603e-01
3.7968750000000001e-01	1.4795107597445939e-01
3.8281250000000000e-01	1.4815947331577967e-01
3.8593750000000004e-01	1.4836466783423186e-01
3.8906250000000003e-01	1.4856664938077754e-01
3.9218750000000002e-01	1.4876540803789620e-01
3.9531250000000001e-01	1.4896093412032660e-01
3.9843750000000000e-01	1.4915321817577878e-01
4.0156250000000004e-01	1.4934225098561571e-01
4.0468750000000003e-01	1.4952802356550540e-01
4.0781250000000002e-01	1.4971052716604272e-01
4.1093750000000001e-01	1.4988975327334150e-01
4.1406250000000000e-01	1.5006569360959610e-01
4.1718750000000004e-01	1.5023834013361301e-01
4.2031250000000003e-01	1.5040768504131233e-01
4.2343750000000002e-01	1.5057372076619877e-01
4.2656250000000001e-01	1.5073643997980252e-01
4.2968750000000000e-01	1.5089583559208969e-01
4.3281250000000004e-01	1.5105190075184227e-01
4.3593750000000003e-01	1.5120462884700811e-01
4.3906250000000002e-01	1.5135401350501995e-01
4.4218750000000001e-01	1.5150004859308447e-01
4.4531250000000000e-01	1.5164272821844069e-01
4.4843750000000004e-01	1.5178204672858778e-01
4.5156250000000003e-01	1.5191799871148295e-01
4.5468750000000002e-01	1.5205057899570831e-01
4.5781250000000001e-01	1.5217978265060764e-01
4.6093750000000000e-01	1.5230560498639267e-01
4.6406250000000004e-01	1.5242804155421905e-01
4.6718750000000003e-01	1.5254708814623166e-01
4.7031250000000002e-01	1.5266274079557987e-01
4.7343750000000001e-01	1.5277499577640247e-01
4.7656250000000000e-01	1.5288384960378212e-01
4.7968750000000004e-01	1.5298929903366967e-01
4.8281250000000003e-01	1.5309134106277844e-01
4.8593750000000002e-01	1.5318997292844794e-01
4.8906250000000001e-01	1.5328519210847807e-01
4.9218750000000000e-01	1.5337699632093285e-01
4.9531250000000004e-01	1.5346538352391423e-01
4.9843750000000003e-01	1.5355035191530639e-01
5.0156250000000002e-01	1.5363189993248955e-01
5.0468750000000007e-01	1.5371002625202471e-01
5.0781250000000000e-01	1.5378472978930827e-01
5.1093750000000004e-01	1.5385600969819732e-01
5.1406249999999998e-01	1.5392386537060526e-01
5.1718750000000002e-01	1.5398829643606818e-01
5.2031250000000007e-01	1.5404930276128170e-01
5.2343750000000000e-01	1.5410688444960904e-01
5.2656250000000004e-01	1.5416104184055957e-01
5.2968749999999998e-01	1.5421177550923862e-01
5.3281250000000002e-01	1.5425908626576845e-01
5.3593750000000007e-01	1.5430297515468031e-01
5.3906250000000000e-01	1.5434344345427797e-01
5.4218750000000004e-01	1.5438049267597301e-01
5.4531249999999998e-01	1.5441412456359133e-01
5.4843750000000002e-01	1.5444434109265170e-01
5.5156250000000007e-01	1.5447114446961632e-01
5.5468750000000000e-01	1.5449453713111319e-01
5.5781250000000004e-01	1.5451452174313102e-01
5.6093749999999998e-01	1.5453110120018615e-01
5.6406250000000002e-01	1.5454427862446238e-01
5.6718750000000007e-01	1.5455405736492331e-01
5.7031250000000000e-01	1.5456044099639760e-01
5.7343750000000004e-01	1.5456343331863698e-01
5.7656249999999998e-01	1.5456303835534815e-01
5.7968750000000002e-01	1.5455926035319734e-01
5.8281250000000007e-01	1.5455210378078876e-01
5.8593750000000000e-01	1.5454157332761698e-01
5.8906250000000004e-01	1.5452767390299288e-01
5.9218749999999998e-01	1.5451041063494397e-01
5.9531250000000002e-01	1.5448978886908904e-01
5.9843750000000007e-01	1.5446581416748731e-01
6.0156250000000000e-01	1.5443849230746218e-01
6.0468750000000004e-01	1.5440782928040026e-01
6.0781250000000009e-01	1.5437383129052523e-01
6.1093750000000002e-01	1.5433650475364727e-01
6.1406250000000007e-01	1.5429585629588793e-01
6.1718750000000000e-01	1.5425189275238108e-01
6.2031250000000004e-01	1.5420462116594955e-01
6.2343750000000009e-01	1.5415404878575845e-01
6.2656250000000002e-01	1.5410018306594450e-01
6.2968750000000007e-01	1.5404303166422267e-01
6.3281250000000000e-01	1.5398260244046927e-01
6.3593750000000004e-01	1.5391890345528267e-01
6.3906250000000009e-01	1.5385194296852128e-01
6.4218750000000002e-01	1.5378172943781931e-01
6.4531250000000007e-01	1.5370827151708050e-01
6.4843750000000000e-01	1.5363157805495015e-01
6.5156250000000004e-01	1.5355165809326551e-01
6.5468750000000009e-01	1.5346852086548493e-01
6.5781250000000002e-01	1.5338217579509639e-01
6.6093750000000007e-01	1.5329263249400465e-01
6.6406250000000000e-01	1.5319990076089859e-01
6.6718750000000004e-01	1.5310399057959814e-01
6.7031250000000009e-01	1.5300491211738118e-01
6.7343750000000002e-01	1.5290267572329111e-01
6.7656250000000007e-01	1.5279729192642494e-01
6.7968750000000000e-01	1.5268877143420231e-01
6.8281250000000004e-01	1.5257712513061597e-01
6.8593750000000009e-01	1.5246236407446359e-01
6.8906250000000002e-01	1.5234449949756146e-01
6.9218750000000007e-01	1.5222354280294048e-01
6.9531250000000000e-01	1.5209950556302437e-01
6.9843750000000004e-01	1.5197239951779079e-01
7.0156250000000009e-01	1.5184223657291551e-01
7.0468750000000002e-01	1.5170902879789971e-01
7.0781250000000007e-01	1.5157278842418126e-01
7.1093750000000000e-01	1.5143352784322978e-01
7.1406250000000004e-01	1.5129125960462608e-01
7.1718750000000009e-01	1.5114599641412610e-01
7.2031250000000002e-01	1.5099775113170996e-01
7.2343750000000007e-01	1.5084653676961615e-01
7.2656250000000000e-01	1.5069236649036122e-01
7.2968750000000004e-01	1.5053525360474554e-01
7.3281250000000009e-01	1.5037521156984529e-01
7.3593750000000002e-01	1.5021225398699073e-01
7.3906250000000007e-01	1.5004639459973179e-01
7.4218750000000000e-01	1.4987764729179057e-01
7.4531250000000004e-01	1.4970602608500144e-01
7.4843750000000009e-01	1.4953154513723932e-01
7.5156250000000002e-01	1.4935421874033572e-01
7.5468750000000007e-01	1.4917406131798389e-01
7.5781250000000000e-01	1.4899108742363243e-01
7.6093750000000004e-01	1.4880531173836856e-01
7.6406250000000009e-01	1.4861674906879063e-01
7.6718750000000002e-01	1.4842541434487105e-01
7.7031250000000007e-01	1.4823132261780908e-01
7.7343750000000000e-01	1.4803448905787461e-01
7.7656250000000004e-01	1.4783492895224271e-01
7.7968750000000009e-01	1.4763265770281989e-01
7.8281250000000002e-01	1.4742769082406168e-01
7.8593750000000007e-01	1.4722004394078259e-01
7.8906250000000000e-01	1.4700973278595839e-01
7.9218750000000004e-01	1.4679677319852119e-01
7.9531250000000009e-01	1.4658118112114787e-01
7.9843750000000002e-01	1.4636297259804162e-01
8.0156250000000007e-01	1.4614216377270772e-01
8.0468750000000000e-01	1.4591877088572350e-01
8.0781250000000004e-01	1.4569281027250278e-01
8.1093750000000009e-01	1.4546429836105537e-01
8.1406250000000002e-01	1.4523325166974188e-01
8.1718750000000007e-01	1.4499968680502429e-01
8.2031250000000000e-01	1.4476362045921251e-01
8.2343750000000004e-01	1.4452506940820728e-01
8.2656250000000009e-01	1.4428405050924029e-01
8.2968750000000002e-01	1.4404058069861084e-01
8.3281250000000007e-01	1.4379467698942044e-01
8.3593750000000000e-01	1.4354635646930544e-01
8.3906250000000004e-01	1.4329563629816749e-01
8.4218750000000009e-01	1.4304253370590292e-01
8.4531250000000002e-01	1.4278706599013119e-01
8.4843750000000007e-01	1.4252925051392237e-01
8.5156250000000000e-01	1.4226910470352497e-01
8.5468750000000004e-01	1.4200664604609309e-01
8.5781250000000009e-01	1.4174189208741483e-01
8.6093750000000002e-01	1.4147486042964097e-01
8.6406250000000007e-01	1.4120556872901513e-01
8.6718750000000000e-01	1.4093403469360563e-01
8.7031250000000004e-01	1.4066027608103895e-01
8.7343750000000009e-01	1.4038431069623583e-01
8.7656250000000002e-01	1.4010615638914989e-01
8.7968750000000007e-01	1.3982583105250940e-01
8.8281250000000000e-01	1.3954335261956227e-01
8.8593750000000004e-01	1.3925873906182520e-01
8.8906250000000009e-01	1.3897200838683652e-01
8.9218750000000002e-01	1.3868317863591381e-01
8.9531250000000007e-01	1.3839226788191647e-01
8.9843750000000000e-01	1.3809929422701311e-01
9.0156250000000004e-01	1.3780427580045515e-01
9.0468750000000009e-01	1.3750723075635576e-01
9.0781250000000002e-01	1.3720817727147541e-01
9.1093750000000007e-01	1.3690713354301406e-01
9.1406250000000000e-01	1.3660411778641049e-01
9.1718750000000004e-01	1.3629914823314859e-01
9.2031250000000009e-01	1.3599224312857178e-01
9.2343750000000002e-01	1.3568342072970543e-01
9.2656250000000007e-01	1.3537269930308748e-01
9.2968750000000000e-01	1.3506009712260816e-01
9.3281250000000004e-01	1.3474563246735852e-01
9.3593750000000009e-01	1.3442932361948848e-01
9.3906250000000002e-01	1.3411118886207507e-01
9.4218750000000007e-01	1.3379124647700014e-01
9.4531250000000000e-01	1.3346951474283911e-01
9.4843750000000004e-01	1.3314601193276027e-01
9.5156250000000009e-01	1.3282075631243540e-01
9.5468750000000002e-01	1.3249376613796157e-01
9.5781250000000007e-01	1.3216505965379519e-01
9.6093750000000000e-01	1.3183465509069775e-01
9.6406250000000004e-01	1.3150257066369445e-01
9.6718750000000009e-01	1.3116882457004528e-01
9.7031250000000002e-01	1.3083343498722938e-01
9.7343750000000007e-01	1.3049642007094275e-01
9.7656250000000000e-01	1.3015779795310983e-01
9.7968750000000004e-01	1.2981758673990895e-01
9.8281250000000009e-01	1.2947580450981250e-01
9.8593750000000002e-01	1.2913246931164099e-01
9.8906250000000007e-01	1.2878759916263316e-01
9.9218750000000000e-01	1.2844121204653058e-01
9.9531250000000004e-01	1.2809332591167807e-01
9.9843750000000009e-01	1.2774395866913993e-01
1.0015625000000001e+00	1.2739312819083246e-01
1.0046875000000000e+00	1.2704076841592005e-01
1.0078125000000000e+00	1.2668697902307074e-01
1.0109375000000000e+00	1.2633177771122814e-01
1.0140625000000001e+00	1.2597518213197800e-01
1.0171875000000001e+00	1.2561720988774963e-01
1.0203125000000000e+00	1.2525787853003423e-01
1.0234375000000000e+00	1.2489720555762152e-01
1.0265625000000000e+00	1.2453520841485437e-01
1.0296875000000001e+00	1.2417190448990158e-01
1.0328125000000001e+00	1.2380731111304953e-01
1.0359375000000000e+00	1.2344144555501266e-01
1.0390625000000000e+00	1.2307432502526308e-01
1.0421875000000000e+00	1.2270596667037945e-01
1.0453125000000001e+00	1.2233638757241568e-01
1.0484375000000001e+00	1.2196560474728908e-01
1.0515625000000000e+00	1.2159363514318902e-01
1.0546875000000000e+00	1.2122049563900572e-01
1.0578125000000000e+00	1.2084620304277931e-01
1.0609375000000001e+00	1.2047077409017014e-01
1.0640625000000001e+00	1.2009422544294947e-01
1.0671875000000000e+00	1.1971657368751171e-01
1.0703125000000000e+00	1.1933783533340800e-01
1.0734375000000000e+00	1.1895802681190115e-01
1.0765625000000001e+00	1.1857716447454242e-01
1.0796875000000001e+00	1.1819526459177040e-01
1.0828125000000000e+00	1.1781234335153179e-01
1.0859375000000000e+00	1.1742841685792471e-01
1.0890625000000000e+00	1.1704350112986429e-01
1.0921875000000001e+00	1.1665761209977121e-01
1.0953125000000001e+00	1.1627076561228283e-01
1.0984375000000000e+00	1.1588297742298739e-01
1.1015625000000000e+00	1.1549426319718141e-01
1.1046875000000000e+00	1.1510463850865038e-01
1.1078125000000001e+00	1.1471411883847295e-01
1.1109375000000001e+00	1.1432271957384850e-01
1.1140625000000000e+00	1.1393045600694887e-01
1.1171875000000000e+00	1.1353734333379363e-01
1.1203125000000000e+00	1.1314339665314925e-01
1.1234375000000001e+00	1.1274863096545286e-01
1.1265625000000001e+00	1.1235306117175992e-01
1.1296875000000000e+00	1.1195670207271612e-01
1.1328125000000000e+00	1.1155956836755419e-01
1.1359375000000000e+00	1.1116167465311483e-01
1.1390625000000001e+00	1.1076303542289248e-01
1.1421875000000001e+00	1.1036366506610600e-01
1.1453125000000000e+00	1.0996357786679391e-01
1.1484375000000000e+00	1.0956278800293458e-01
1.1515625000000000e+00	1.0916130954559176e-01
1.1546875000000001e+00	1.0875915645808483e-01
1.1578125000000001e+00	1.0835634259518416e-01
1.1609375000000000e+00	1.0795288170233189e-01
1.1640625000000000e+00	1.0754878741488788e-01
1.1671875000000000e+00	1.0714407325740073e-01
1.1703125000000001e+00	1.0673875264290461e-01
1.1734375000000001e+00	1.0633283887224086e-01
1.1765625000000000e+00	1.0592634513340553e-01
1.1796875000000000e+00	1.0551928450092204e-01
1.1828125000000000e+00	1.0511166993523940e-01
1.1859375000000001e+00	1.0470351428215587e-01
1.1890625000000001e+00	1.0429483027226805e-01
1.1921875000000000e+00	1.0388563052044560e-01
1.1953125000000000e+00	1.0347592752533132e-01
1.1984375000000000e+00	1.0306573366886665e-01
1.2015625000000001e+00	1.0265506121584271e-01
1.2046875000000001e+00	1.0224392231347697e-01
1.2078125000000002e+00	1.0183232899101478e-01
1.2109375000000000e+00	1.0142029315935704e-01
1.2140625000000000e+00	1.0100782661071253e-01
1.2171875000000001e+00	1.0059494101827611e-01
1.2203125000000001e+00	1.0018164793593172e-01
1.2234375000000002e+00	9.9767958797980824e-02
1.2265625000000000e+00	9.9353884918896213e-02
1.2296875000000000e+00	9.8939437493100510e-02
1.2328125000000001e+00	9.8524627594769834e-02
1.2359375000000001e+00	9.8109466177662641e-02
1.2390625000000002e+00	9.7693964074973161e-02
1.2421875000000000e+00	9.7278131999209733e-02
1.2453125000000000e+00	9.6861980542097825e-02
1.2484375000000001e+00	9.6445520174507707e-02
1.2515625000000001e+00	9.6028761246406635e-02
1.2546875000000002e+00	9.5611713986835295e-02
1.2578125000000000e+00	9.5194388503908697e-02
1.2609375000000000e+00	9.4776794784841134e-02
1.2640625000000001e+00	9.4358942695995249e-02
1.2671875000000001e+00	9.3940841982955048e-02
1.2703125000000002e+00	9.3522502270622476e-02
1.2734375000000000e+00	9.3103933063338126e-02
1.2765625000000000e+00	9.2685143745024859e-02
1.2796875000000001e+00	9.2266143579355156e-02
1.2828125000000001e+00	9.1846941709941690e-02
1.2859375000000002e+00	9.1427547160550779e-02
1.2890625000000000e+00	9.1007968835338612e-02
1.2921875000000000e+00	9.0588215519110810e-02
1.2953125000000001e+00	9.0168295877603583e-02
1.2984375000000001e+00	8.9748218457788076e-02
1.3015625000000002e+00	8.9327991688196454e-02
1.3046875000000000e+00	8.8907623879270120e-02
1.3078125000000000e+00	8.8487123223729675e-02
1.3109375000000001e+00	8.8066497796966570e-02
1.3140625000000001e+00	8.7645755557456018e-02
1.3171875000000002e+00	8.7224904347191254e-02
1.3203125000000000e+00	8.6803951892138687e-02
1.3234375000000000e+00	8.6382905802713753e-02
1.3265625000000001e+00	8.5961773574277603e-02
1.3296875000000001e+00	8.5540562587653649e-02
1.3328125000000002e+00	8.5119280109664616e-02
1.3359375000000000e+00	8.4697933293689215e-02
1.3390625000000000e+00	8.4276529180238591e-02
1.3421875000000001e+00	8.3855074697552046e-02
1.3453125000000001e+00	8.3433576662211864e-02
1.3484375000000002e+00	8.3012041779777224e-02
1.3515625000000000e+00	8.2590476645436409e-02
1.3546875000000000e+00	8.2168887744677732e-02
1.3578125000000001e+00	8.1747281453978415e-02
1.3609375000000001e+00	8.1325664041511217e-02
1.3640625000000002e+00	8.0904041667868923e-02
1.3671875000000000e+00	8.0482420386805836e-02
1.3703125000000000e+00	8.0060806145996338e-02
1.3734375000000001e+00	7.9639204787810586e-02
1.3765625000000001e+00	7.9217622050106087e-02
1.3796875000000002e+00	7.8796063567035918e-02
1.3828125000000000e+00	7.8374534869872531e-02
1.3859375000000000e+00	7.7953041387847491e-02
1.3890625000000001e+00	7.7531588449006067e-02
1.3921875000000001e+00	7.7110181281077508e-02
1.3953125000000002e+00	7.6688825012358963e-02
1.3984375000000000e+00	7.6267524672615161e-02
1.4015625000000000e+00	7.5846285193990934e-02
1.4046875000000001e+00	7.5425111411938292e-02
1.4078125000000001e+00	7.5004008066156674e-02
1.4109375000000002e+00	7.4582979801546379e-02
1.4140625000000000e+00	7.4162031169175038e-02
1.4171875000000000e+00	7.3741166627256313e-02
1.4203125000000001e+00	7.3320390542140845e-02
1.4234375000000001e+00	7.2899707189319457e-02
1.4265625000000002e+00	7.2479120754437368e-02
1.4296875000000000e+00	7.2058635334319859e-02
1.4328125000000000e+00	7.1638254938009113e-02
1.4359375000000001e+00	7.1217983487811082e-02
1.4390625000000001e+00	7.0797824820352948e-02
1.4421875000000002e+00	7.0377782687650409e-02
1.4453125000000000e+00	6.9957860758184540e-02
1.4484375000000000e+00	6.9538062617987770e-02
1.4515625000000001e+00	6.9118391771738799e-02
1.4546875000000001e+00	6.8698851643866132e-02
1.4578125000000002e+00	6.8279445579659717e-02
1.4609375000000000e+00	6.7860176846390521e-02
1.4640625000000000e+00	6.7441048634437548e-02
1.4671875000000001e+00	6.7022064058421982e-02
1.4703125000000001e+00	6.6603226158348419e-02
1.4734375000000002e+00	6.6184537900752211e-02
1.4765625000000000e+00	6.5766002179853289e-02
1.4796875000000000e+00	6.5347621818715562e-02
1.4828125000000001e+00	6.4929399570411828e-02
1.4859375000000001e+00	6.4511338119193753e-02
1.4890625000000002e+00	6.4093440081666744e-02
1.4921875000000000e+00	6.3675708007968942e-02
1.4953125000000000e+00	6.3258144382954670e-02
1.4984375000000001e+00	6.2840751627381120e-02
1.5015625000000001e+00	6.2423532099098886e-02
1.5046875000000002e+00	6.2006488094245041e-02
1.5078125000000000e+00	6.1589621848439385e-02
1.5109375000000000e+00	6.1172935537982559e-02
1.5140625000000001e+00	6.0756431281056483e-02
1.5171875000000001e+00	6.0340111138926220e-02
1.5203125000000002e+00	5.9923977117143264e-02
1.5234375000000000e+00	5.9508031166749693e-02
1.5265625000000000e+00	5.9092275185483011e-02
1.5296875000000001e+00	5.8676711018981247e-02
1.5328125000000001e+00	5.8261340461987943e-02
1.5359375000000002e+00	5.7846165259556770e-02
1.5390625000000000e+00	5.7431187108255448e-02
1.5421875000000000e+00	5.7016407657368491e-02
1.5453125000000001e+00	5.6601828510098699e-02
1.5484375000000001e+00	5.6187451224766732e-02
1.5515625000000002e+00	5.5773277316008792e-02
1.5546875000000000e+00	5.5359308255971774e-02
1.5578125000000000e+00	5.4945545475505814e-02
1.5609375000000001e+00	5.4531990365353708e-02
1.5640625000000001e+00	5.4118644277336994e-02
1.5671875000000002e+00	5.3705508525538327e-02
1.5703125000000000e+00	5.3292584387479996e-02
1.5734375000000000e+00	5.2879873105297910e-02
1.5765625000000001e+00	5.2467375886911111e-02
1.5796875000000001e+00	5.2055093907186288e-02
1.5828125000000002e+00	5.1643028309097103e-02
1.5859375000000000e+00	5.1231180204877921e-02
1.5890625000000000e+00	5.0819550677171740e-02
1.5921875000000001e+00	5.0408140780171869e-02
1.5953125000000001e+00	4.9996951540757326e-02
1.5984375000000002e+00	4.9585983959621473e-02
1.6015625000000000e+00	4.9175239012393436e-02
1.6046875000000000e+00	4.8764717650752520e-02
1.6078125000000001e+00	4.8354420803534817e-02
1.6109375000000001e+00	4.7944349377832020e-02
1.6140625000000002e+00	4.7534504260082128e-02
1.6171875000000000e+00	4.7124886317151657e-02
1.6203125000000000e+00	4.6715496397409281e-02
1.6234375000000001e+00	4.6306335331790419e-02
1.6265625000000001e+00	4.5897403934852636e-02
1.6296875000000002e+00	4.5488703005821710e-02
1.6328125000000000e+00	4.5080233329627746e-02
1.6359375000000000e+00	4.4671995677931592e-02
1.6390625000000001e+00	4.4263990810140784e-02
1.6421875000000001e+00	4.3856219474415252e-02
1.6453125000000002e+00	4.3448682408662218e-02
1.6484375000000000e+00	4.3041380341520226e-02
1.6515625000000000e+00	4.2634313993332035e-02
1.6546875000000001e+00	4.2227484077106005e-02
1.6578125000000001e+00	4.1820891299466159e-02
1.6609375000000002e+00	4.1414536361590121e-02
1.6640625000000000e+00	4.1008419960135344e-02
1.6671875000000000e+00	4.0602542788152875e-02
1.6703125000000001e+00	4.0196905535988814e-02
1.6734375000000001e+00	3.9791508892173130e-02
1.6765625000000002e+00	3.9386353544295719e-02
1.6796875000000000e+00	3.8981440179869313e-02
1.6828125000000000e+00	3.8576769487179412e-02
1.6859375000000001e+00	3.8172342156120587e-02
1.6890625000000001e+00	3.7768158879019714e-02
1.6921875000000002e+00	3.7364220351444974e-02
1.6953125000000000e+00	3.6960527273001226e-02
1.6984375000000000e+00	3.6557080348111559e-02
1.7015625000000001e+00	3.6153880286784290e-02
1.7046875000000001e+00	3.5750927805365991e-02
1.7078125000000002e+00	3.5348223627279865e-02
1.7109375000000000e+00	3.4945768483749487e-02
1.7140625000000000e+00	3.4543563114508000e-02
1.7171875000000001e+00	3.4141608268492420e-02
1.7203125000000001e+00	3.3739904704522691e-02
1.7234375000000002e+00	3.3338453191966093e-02
1.7265625000000000e+00	3.2937254511386037e-02
1.7296875000000000e+00	3.2536309455175827e-02
1.7328125000000001e+00	3.2135618828176900e-02
1.7359375000000001e+00	3.1735183448281551e-02
1.7390625000000002e+00	3.1335004147020173e-02
1.7421875000000000e+00	3.0935081770132641e-02
1.7453125000000000e+00	3.0535417178124118e-02
1.7484375000000001e+00	3.0136011246804921e-02
1.7515625000000001e+00	2.9736864867814579e-02
1.7546875000000002e+00	2.9337978949129838e-02
1.7578125000000000e+00	2.8939354415556694e-02
1.7609375000000000e+00	2.8540992209206344e-02
1.7640625000000001e+00	2.8142893289955121e-02
1.7671875000000001e+00	2.7745058635888119e-02
1.7703125000000002e+00	2.7347489243726722e-02
1.7734375000000000e+00	2.6950186129239866e-02
1.7765625000000000e+00	2.6553150327639125e-02
1.7796875000000001e+00	2.6156382893957518e-02
1.7828125000000001e+00	2.5759884903411891e-02
1.7859375000000002e+00	2.5363657451749292e-02
1.7890625000000000e+00	2.4967701655576796e-02
1.7921875000000000e+00	2.4572018652675175e-02
1.7953125000000001e+00	2.4176609602296287e-02
1.7984375000000001e+00	2.3781475685444118e-02
1.8015625000000002e+00	2.3386618105139673e-02
1.8046875000000000e+00	2.2992038086669622e-02
1.8078125000000000e+00	2.2597736877818683e-02
1.8109375000000001e+00	2.2203715749085910e-02
1.8140625000000001e+00	2.1809975993884838e-02
1.8171875000000002e+00	2.1416518928727535e-02
1.8203125000000000e+00	2.1023345893392706e-02
1.8234375000000000e+00	2.0630458251077659e-02
1.8265625000000001e+00	2.0237857388534522e-02
1.8296875000000001e+00	1.9845544716190499e-02
1.8328125000000002e+00	1.9453521668252444e-02
1.8359375000000000e+00	1.9061789702795606e-02
1.8390625000000000e+00	1.8670350301836898e-02
1.8421875000000001e+00	1.8279204971392491e-02
1.8453125000000001e+00	1.7888355241519955e-02
1.8484375000000002e+00	1.7497802666345156e-02
1.8515625000000000e+00	1.7107548824073907e-02
1.8546875000000000e+00	1.6717595316988170e-02
1.8578125000000001e+00	1.6327943771427690e-02
1.8609375000000001e+00	1.5938595837756142e-02
1.8640625000000002e+00	1.5549553190313028e-02
1.8671875000000000e+00	1.5160817527350361e-02
1.8703125000000000e+00	1.4772390570955149e-02
1.8734375000000001e+00	1.4384274066957298e-02
1.8765625000000001e+00	1.3996469784823159e-02
1.8796875000000002e+00	1.3608979517534953e-02
1.8828125000000000e+00	1.3221805081456242e-02
1.8859375000000000e+00	1.2834948316183484e-02
1.8890625000000001e+00	1.2448411084383767e-02
1.8921875000000001e+00	1.2062195271619138e-02
1.8953125000000002e+00	1.1676302786157392e-02
1.8984375000000000e+00	1.1290735558769695e-02
1.9015625000000000e+00	1.0905495542515093e-02
1.9046875000000001e+00	1.0520584712512139e-02
1.9078125000000001e+00	1.0136005065697734e-02
1.9109375000000002e+00	9.7517586205735293e-03
1.9140625000000000e+00	9.3678474169398129e-03
1.9171875000000000e+00	8.9842735156172911e-03
1.9203125000000001e+00	8.6010389981569079e-03
1.9234375000000001e+00	8.2181459665377730e-03
1.9265625000000002e+00	7.8355965428535436e-03
1.9296875000000000e+00	7.4533928689873331e-03
1.9328125000000000e+00	7.0715371062755146e-03
1.9359375000000001e+00	6.6900314351603565e-03
1.9390625000000001e+00	6.3088780548320551e-03
1.9421875000000002e+00	5.9280791828600250e-03
1.9453125000000000e+00	5.5476370548138828e-03
1.9484375000000000e+00	5.1675539238742550e-03
1.9515625000000001e+00	4.7878320604336682e-03
1.9546875000000001e+00	4.4084737516876726e-03
1.9578125000000002e+00	4.0294813012165297e-03
1.9609375000000000e+00	3.6508570285575638e-03
1.9640625000000000e+00	3.2726032687685411e-03
1.9671875000000001e+00	2.8947223719821857e-03
1.9703125000000001e+00	2.5172167029521198e-03
1.9734375000000002e+00	2.1400886405904688e-03
1.9765625000000000e+00	1.7633405774973925e-03
1.9796875000000000e+00	1.3869749194826452e-03
1.9828125000000001e+00	1.0109940850796214e-03
1.9859375000000001e+00	6.3540050505191820e-04
1.9890625000000002e+00	2.6019662189282015e-04
1.9921875000000000e+00	-1.1461511068217904e-04
1.9953125000000000e+00	-4.8903222824948119e-04
1.9984375000000001e+00	-8.6305225619789396e-04
2.0015624999999999e+00	-1.2366727102553091e-03
2.0046875000000002e+00	-1.6099907875960946e-03
2.0078125000000000e+00	-1.9828941120324422e-03
2.0109375000000003e+00	-2.3553802217006021e-03
2.0140625000000001e+00	-2.7274466426937139e-03
2.0171874999999999e+00	-3.0990908896327734e-03
2.0203125000000002e+00	-3.4703104662410209e-03
2.0234375000000000e+00	-3.8411028659213935e-03
2.0265625000000003e+00	-4.2114655723369306e-03
2.0296875000000001e+00	-4.5813960599936712e-03
2.0328124999999999e+00	-4.9508917948260260e-03
2.0359375000000002e+00	-5.3199502347842298e-03
2.0390625000000000e+00	-5.6885688304236385e-03
2.0421875000000003e+00	-6.0567450254956209e-03
2.0453125000000001e+00	-6.4244762575398550e-03
2.0484374999999999e+00	-6.7917599584776918e-03
2.0515625000000002e+00	-7.1585935552063683e-03
2.0546875000000000e+00	-7.5249744701938138e-03
2.0578125000000003e+00	-7.8909001220738382e-03
2.0609375000000001e+00	-8.2563679262413377e-03
2.0640624999999999e+00	-8.6213752954474570e-03
2.0671875000000002e+00	-8.9859196403942188e-03
2.0703125000000000e+00	-9.3499983703285681e-03
2.0734375000000003e+00	-9.7136088936355253e-03
2.0765625000000001e+00	-1.0076748618430127e-02
2.0796874999999999e+00	-1.0439414953147970e-02
2.0828125000000002e+00	-1.0801605307134201e-02
2.0859375000000000e+00	-1.1163317091230465e-02
2.0890625000000003e+00	-1.1524547718359864e-02
2.0921875000000001e+00	-1.1885294604109389e-02
2.0953124999999999e+00	-1.2245555167309845e-02
2.0984375000000002e+00	-1.2605326830612903e-02
2.1015625000000000e+00	-1.2964607021065002e-02
2.1046875000000003e+00	-1.3323393170677910e-02
2.1078125000000001e+00	-1.3681682716995816e-02
2.1109374999999999e+00	-1.4039473103658509e-02
2.1140625000000002e+00	-1.4396761780960535e-02
2.1171875000000000e+00	-1.4753546206406174e-02
2.1203125000000003e+00	-1.5109823845259867e-02
2.1234375000000001e+00	-1.5465592171091861e-02
2.1265624999999999e+00	-1.5820848666319044e-02
2.1296875000000002e+00	-1.6175590822740549e-02
2.1328125000000000e+00	-1.6529816142067957e-02
2.1359375000000003e+00	-1.6883522136449964e-02
2.1390625000000001e+00	-1.7236706328991203e-02
2.1421874999999999e+00	-1.7589366254265017e-02
2.1453125000000002e+00	-1.7941499458820110e-02
2.1484375000000000e+00	-1.8293103501680605e-02
2.1515625000000003e+00	-1.8644175954839595e-02
2.1546875000000001e+00	-1.8994714403745814e-02
2.1578124999999999e+00	-1.9344716447783239e-02
2.1609375000000002e+00	-1.9694179700743476e-02
2.1640625000000000e+00	-2.0043101791290815e-02
2.1671875000000003e+00	-2.0391480363419465e-02
2.1703125000000001e+00	-2.0739313076903153e-02
2.1734374999999999e+00	-2.1086597607736814e-02
2.1765625000000002e+00	-2.1433331648569847e-02
2.1796875000000000e+00	-2.1779512909131334e-02
2.1828125000000003e+00	-2.2125139116646507e-02
2.1859375000000001e+00	-2.2470208016244764e-02
2.1890624999999999e+00	-2.2814717371358643e-02
2.1921875000000002e+00	-2.3158664964113833e-02
2.1953125000000000e+00	-2.3502048595710173e-02
2.1984375000000003e+00	-2.3844866086793131e-02
2.2015625000000001e+00	-2.4187115277815918e-02
2.2046874999999999e+00	-2.4528794029391950e-02
2.2078125000000002e+00	-2.4869900222637558e-02
2.2109375000000000e+00	-2.5210431759504794e-02
2.2140625000000003e+00	-2.5550386563104183e-02
2.2171875000000001e+00	-2.5889762578017287e-02
2.2203124999999999e+00	-2.6228557770599008e-02
2.2234375000000002e+00	-2.6566770129269442e-02
2.2265625000000000e+00	-2.6904397664795150e-02
2.2296875000000003e+00	-2.7241438410559773e-02
2.2328125000000001e+00	-2.7577890422823974e-02
2.2359374999999999e+00	-2.7913751780974296e-02
2.2390625000000002e+00	-2.8249020587761173e-02
2.2421875000000000e+00	-2.8583694969525796e-02
2.2453125000000003e+00	-2.8917773076415770e-02
2.2484375000000001e+00	-2.9251253082589551e-02
2.2515624999999999e+00	-2.9584133186409404e-02
2.2546875000000002e+00	-2.9916411610623021e-02
2.2578125000000000e+00	-3.0248086602533458e-02
2.2609375000000003e+00	-3.0579156434157682e-02
2.2640625000000001e+00	-3.0909619402373113e-02
2.2671874999999999e+00	-3.1239473829052743e-02
2.2703125000000002e+00	-3.1568718061188231e-02
2.2734375000000000e+00	-3.1897350471001139e-02
2.2765625000000003e+00	-3.2225369456042374e-02
2.2796875000000001e+00	-3.2552773439279474e-02
2.2828124999999999e+00	-3.2879560869172000e-02
2.2859375000000002e+00	-3.3205730219734809e-02
2.2890625000000000e+00	-3.3531279990589233e-02
2.2921875000000003e+00	-3.3856208707002122e-02
2.2953125000000001e+00	-3.4180514919912725e-02
2.2984374999999999e+00	-3.4504197205947371e-02
2.3015625000000002e+00	-3.4827254167421981e-02
2.3046875000000000e+00	-3.5149684432332309e-02
2.3078125000000003e+00	-3.5471486654331988e-02
2.3109375000000001e+00	-3.5792659512698333e-02
2.3140624999999999e+00	-3.6113201712285860e-02
2.3171875000000002e+00	-3.6433111983467638e-02
2.3203125000000000e+00	-3.6752389082064359e-02
2.3234375000000003e+00	-3.7071031789261175e-02
2.3265625000000001e+00	-3.7389038911512414e-02
2.3296874999999999e+00	-3.7706409280433957e-02
2.3328125000000002e+00	-3.8023141752683655e-02
2.3359375000000000e+00	-3.8339235209829403e-02
2.3390625000000003e+00	-3.8654688558205273e-02
2.3421875000000001e+00	-3.8969500728755498e-02
2.3453124999999999e+00	-3.9283670676866417e-02
2.3484375000000002e+00	-3.9597197382186609e-02
2.3515625000000000e+00	-3.9910079848434810e-02
2.3546875000000003e+00	-4.0222317103196126e-02
2.3578125000000001e+00	-4.0533908197706525e-02
2.3609374999999999e+00	-4.0844852206625357e-02
2.3640625000000002e+00	-4.1155148227796284e-02
2.3671875000000000e+00	-4.1464795381996593e-02
2.3703125000000003e+00	-4.1773792812674973e-02
2.3734375000000001e+00	-4.2082139685677818e-02
2.3765624999999999e+00	-4.2389835188963991e-02
2.3796875000000002e+00	-4.2696878532308573e-02
2.3828125000000000e+00	-4.3003268946995125e-02
2.3859375000000003e+00	-4.3309005685496976e-02
2.3890625000000001e+00	-4.3614088021147496e-02
2.3921874999999999e+00	-4.3918515247799245e-02
2.3953125000000002e+00	-4.4222286679472658e-02
2.3984375000000000e+00	-4.4525401649993690e-02
2.4015625000000003e+00	-4.4827859512620985e-02
2.4046875000000001e+00	-4.5129659639662589e-02
2.4078125000000004e+00	-4.5430801422082286e-02
2.4109375000000002e+00	-4.5731284269095653e-02
2.4140625000000000e+00	-4.6031107607756028e-02
2.4171875000000003e+00	-4.6330270882530465e-02
2.4203125000000001e+00	-4.6628773554865888e-02
2.4234375000000004e+00	-4.6926615102745442e-02
2.4265625000000002e+00	-4.7223795020235368e-02
2.4296875000000000e+00	-4.7520312817022306e-02
2.4328125000000003e+00	-4.7816168017941481e-02
2.4359375000000001e+00	-4.8111360162495544e-02
2.4390625000000004e+00	-4.8405888804364590e-02
2.4421875000000002e+00	-4.8699753510907301e-02
2.4453125000000000e+00	-4.8992953862653295e-02
2.4484375000000003e+00	-4.9285489452787143e-02
2.4515625000000001e+00	-4.9577359886623866e-02
2.4546875000000004e+00	-4.9868564781076319e-02
2.4578125000000002e+00	-5.0159103764114629e-02
2.4609375000000000e+00	-5.0448976474217568e-02
2.4640625000000003e+00	-5.0738182559816505e-02
2.4671875000000001e+00	-5.1026721678731714e-02
2.4703125000000004e+00	-5.1314593497601368e-02
2.4734375000000002e+00	-5.1601797691303422e-02
2.4765625000000000e+00	-5.1888333942370642e-02
2.4796875000000003e+00	-5.2174201940398623e-02
2.4828125000000001e+00	-5.2459401381447501e-02
2.4859375000000004e+00	-5.2743931967437097e-02
2.4890625000000002e+00	-5.3027793405535963e-02
2.4921875000000000e+00	-5.3310985407544344e-02
2.4953125000000003e+00	-5.3593507689271472e-02
2.4984375000000001e+00	-5.3875359969907111e-02
2.5015625000000004e+00	-5.4156541971387744e-02
2.5046875000000002e+00	-5.4437053417757654e-02
2.5078125000000000e+00	-5.4716894034524878e-02
2.5109375000000003e+00	-5.4996063548012446e-02
2.5140625000000001e+00	-5.5274561684704994e-02
2.5171875000000004e+00	-5.5552388170591077e-02
2.5203125000000002e+00	-5.5829542730501211e-02
2.5234375000000000e+00	-5.6106025087442071e-02
2.5265625000000003e+00	-5.6381834961926829e-02
2.5296875000000001e+00	-5.6656972071302138e-02
2.5328125000000004e+00	-5.6931436129071596e-02
2.5359375000000002e+00	-5.7205226844216327e-02
2.5390625000000000e+00	-5.7478343920512515e-02
2.5421875000000003e+00	-5.7750787055846395e-02
2.5453125000000001e+00	-5.8022555941526707e-02
2.5484375000000004e+00	-5.8293650261595061e-02
2.5515625000000002e+00	-5.8564069692134207e-02
2.5546875000000000e+00	-5.8833813900574530e-02
2.5578125000000003e+00	-5.9102882544999048e-02
2.5609375000000001e+00	-5.9371275273447079e-02
2.5640625000000004e+00	-5.9638991723216690e-02
2.5671875000000002e+00	-5.9906031520166464e-02
2.5703125000000000e+00	-6.0172394278016419e-02
2.5734375000000003e+00	-6.0438079597648561e-02
2.5765625000000001e+00	-6.0703087066407327e-02
2.5796875000000004e+00	-6.0967416257399862e-02
2.5828125000000002e+00	-6.1231066728796663e-02
2.5859375000000000e+00	-6.1494038023132663e-02
2.5890625000000003e+00	-6.1756329666609031e-02
2.5921875000000001e+00	-6.2017941168395770e-02
2.5953125000000004e+00	-6.2278872019935615e-02
2.5984375000000002e+00	-6.2539121694249203e-02
2.6015625000000000e+00	-6.2798689645241865e-02
2.6046875000000003e+00	-6.3057575307012170e-02
2.6078125000000001e+00	-6.3315778093162620e-02
2.6109375000000004e+00	-6.3573297396112477e-02
2.6140625000000002e+00	-6.3830132586413166e-02
2.6171875000000000e+00	-6.4086283012066328e-02
2.6203125000000003e+00	-6.4341747997844839e-02
2.6234375000000001e+00	-6.4596526844616906e-02
2.6265625000000004e+00	-6.4850618828673587e-02
2.6296875000000002e+00	-6.5104023201059874e-02
2.6328125000000000e+00	-6.5356739186909568e-02
2.6359375000000003e+00	-6.5608765984784170e-02
2.6390625000000001e+00	-6.5860102766016004e-02
2.6421875000000004e+00	-6.6110748674055822e-02
2.6453125000000002e+00	-6.6360702823824946e-02
2.6484375000000000e+00	-6.6609964301072452e-02
2.6515625000000003e+00	-6.6858532161737330e-02
2.6546875000000001e+00	-6.7106405431315894e-02
2.6578125000000004e+00	-6.7353583104234796e-02
2.6609375000000002e+00	-6.7600064143229721e-02
2.6640625000000000e+00	-6.7845847478729876e-02
2.6671875000000003e+00	-6.8090932008248783e-02
2.6703125000000001e+00	-6.8335316595781168e-02
2.6734375000000004e+00	-6.8579000071206569e-02
2.6765625000000002e+00	-6.8821981229699528e-02
2.6796875000000000e+00	-6.9064258831146780e-02
2.6828125000000003e+00	-6.9305831599571363e-02
2.6859375000000001e+00	-6.9546698222564263e-02
2.6890625000000004e+00	-6.9786857350723389e-02
2.6921875000000002e+00	-7.0026307597100282e-02
2.6953125000000000e+00	-7.0265047536654690e-02
2.6984375000000003e+00	-7.0503075705717136e-02
2.7015625000000001e+00	-7.0740390601459785e-02
2.7046875000000004e+00	-7.0976990681375640e-02
2.7078125000000002e+00	-7.1212874362766423e-02
2.7109375000000000e+00	-7.1448040022239132e-02
2.7140625000000003e+00	-7.1682485995211612e-02
2.7171875000000001e+00	-7.1916210575427159e-02
2.7203125000000004e+00	-7.2149212014478450e-02
2.7234375000000002e+00	-7.2381488521340881e-02
2.7265625000000000e+00	-7.2613038261915605e-02
2.7296875000000003e+00	-7.2843859358582216e-02
2.7328125000000001e+00	-7.3073949889761430e-02
2.7359375000000004e+00	-7.3303307889487843e-02
2.7390625000000002e+00	-7.3531931346992915e-02
2.7421875000000000e+00	-7.3759818206298400e-02
2.7453125000000003e+00	-7.3986966365820195e-02
2.7484375000000001e+00	-7.4213373677982988e-02
2.7515625000000004e+00	-7.4439037948845710e-02
2.7546875000000002e+00	-7.4663956937737933e-02
2.7578125000000000e+00	-7.4888128356907308e-02
2.7609375000000003e+00	-7.5111549871178421e-02
2.7640625000000001e+00	-7.5334219097622862e-02
2.7671875000000004e+00	-7.5556133605240841e-02
2.7703125000000002e+00	-7.5777290914654447e-02
2.7734375000000000e+00	-7.5997688497812646e-02
2.7765625000000003e+00	-7.6217323777708151e-02
2.7796875000000001e+00	-7.6436194128106302e-02
2.7828125000000004e+00	-7.6654296873285968e-02
2.7859375000000002e+00	-7.6871629287792717e-02
2.7890625000000000e+00	-7.7088188596204421e-02
2.7921875000000003e+00	-7.7303971972909044e-02
2.7953125000000001e+00	-7.7518976541895088e-02
2.7984375000000004e+00	-7.7733199376554790e-02
2.8015625000000002e+00	-7.7946637499499705e-02
2.8046875000000000e+00	-7.8159287882389544e-02
2.8078125000000003e+00	-7.8371147445773393e-02
2.8109375000000001e+00	-7.8582213058944583e-02
2.8140625000000004e+00	-7.8792481539807863e-02
2.8171875000000002e+00	-7.9001949654760387e-02
2.8203125000000000e+00	-7.9210614118585571e-02
2.8234375000000003e+00	-7.9418471594360246e-02
2.8265625000000001e+00	-7.9625518693375558e-02
2.8296875000000004e+00	-7.9831751975070656e-02
2.8328125000000002e+00	-8.0037167946980445e-02
2.8359375000000000e+00	-8.0241763064696783e-02
2.8390625000000003e+00	-8.0445533731843002e-02
2.8421875000000001e+00	-8.0648476300062499e-02
2.8453125000000004e+00	-8.0850587069020804e-02
2.8484375000000002e+00	-8.1051862286421486e-02
2.8515625000000000e+00	-8.1252298148035820e-02
2.8546875000000003e+00	-8.1451890797746382e-02
2.8578125000000001e+00	-8.1650636327604595e-02
2.8609375000000004e+00	-8.1848530777901940e-02
2.8640625000000002e+00	-8.2045570137255525e-02
2.8671875000000000e+00	-8.2241750342707184e-02
2.8703125000000003e+00	-8.2437067279836893e-02
2.8734375000000001e+00	-8.2631516782890199e-02
2.8765625000000004e+00	-8.2825094634919494e-02
2.8796875000000002e+00	-8.3017796567939617e-02
2.8828125000000000e+00	-8.3209618263097224e-02
2.8859375000000003e+00	-8.3400555350854583e-02
2.8890625000000001e+00	-8.3590603411187084e-02
2.8921875000000004e+00	-8.3779757973795180e-02
2.8953125000000002e+00	-8.3968014518330109e-02
2.8984375000000000e+00	-8.4155368474633938e-02
2.9015625000000003e+00	-8.4341815222993513e-02
2.9046875000000001e+00	-8.4527350094408399e-02
2.9078125000000004e+00	-8.4711968370873303e-02
2.9109375000000002e+00	-8.4895665285673799e-02
2.9140625000000000e+00	-8.5078436023696732e-02
2.9171875000000003e+00	-8.5260275721754167e-02
2.9203125000000001e+00	-8.5441179468921477e-02
2.9234375000000004e+00	-8.5621142306889372e-02
2.9265625000000002e+00	-8.5800159230329576e-02
2.9296875000000000e+00	-8.5978225187274687e-02
2.9328125000000003e+00	-8.6155335079511564e-02
2.9359375000000001e+00	-8.6331483762988617e-02
2.9390625000000004e+00	-8.6506666048236855e-02
2.9421875000000002e+00	-8.6680876700804377e-02
2.9453125000000000e+00	-8.6854110441704671e-02
2.9484375000000003e+00	-8.7026361947878578e-02
2.9515625000000001e+00	-8.7197625852669408e-02
2.9546875000000004e+00	-8.7367896746311749e-02
2.9578125000000002e+00	-8.7537169176433560e-02
2.9609375000000000e+00	-8.7705437648571777e-02
2.9640625000000003e+00	-8.7872696626700691e-02
2.9671875000000001e+00	-8.8038940533774049e-02
2.9703125000000004e+00	-8.8204163752279741e-02
2.9734375000000002e+00	-8.8368360624807837e-02
2.9765625000000000e+00	-8.8531525454631499e-02
2.9796875000000003e+00	-8.8693652506300430e-02
2.9828125000000001e+00	-8.8854736006247617e-02
2.9859375000000004e+00	-8.9014770143408195e-02
2.9890625000000002e+00	-8.9173749069851233e-02
2.9921875000000000e+00	-8.9331666901423856e-02
2.9953125000000003e+00	-8.9488517718407795e-02
2.9984375000000001e+00	-8.9644295566188165e-02
3.0015625000000004e+00	-8.9798994455934464e-02
3.0046875000000002e+00	-8.9952412401787848e-02
3.0078125000000000e+00	-9.0104743898920009e-02
3.0109375000000003e+00	-9.0255982759597717e-02
3.0140625000000001e+00	-9.0406122766743133e-02
3.0171875000000004e+00	-9.0555157674637579e-02
3.0203125000000002e+00	-9.0703081209636577e-02
3.0234375000000000e+00	-9.0849887070897653e-02
3.0265625000000003e+00	-9.0995568931119333e-02
3.0296875000000001e+00	-9.1140120437292207e-02
3.0328125000000004e+00	-9.1283535211461278e-02
3.0359375000000002e+00	-9.1425806851499897e-02
3.0390625000000000e+00	-9.1566928931894859e-02
3.0421875000000003e+00	-9.1706895004542807e-02
3.0453125000000001e+00	-9.1845698599557282e-02
3.0484375000000004e+00	-9.1983333226087011e-02
3.0515625000000002e+00	-9.2119792373144577e-02
3.0546875000000000e+00	-9.2255069510445861e-02
3.0578125000000003e+00	-9.2389158089259710e-02
3.0609375000000001e+00	-9.2522051543267828e-02
3.0640625000000004e+00	-9.2653743289434903e-02
3.0671875000000002e+00	-9.2784226728888641e-02
3.0703125000000000e+00	-9.2913495247809313e-02
3.0734375000000003e+00	-9.3041542218329207e-02
3.0765625000000001e+00	-9.3168360999441369e-02
3.0796875000000004e+00	-9.3293944937917636e-02
3.0828125000000002e+00	-9.3418287369235797e-02
3.0859375000000000e+00	-9.3541381618515662e-02
3.0890625000000003e+00	-9.3663221001463931e-02
3.0921875000000001e+00	-9.3783798825327558e-02
3.0953125000000004e+00	-9.3903108389855786e-02
3.0984375000000002e+00	-9.4021142988270051e-02
3.1015625000000000e+00	-9.4137895908242342e-02
3.1046875000000003e+00	-9.4253360432881184e-02
3.1078125000000001e+00	-9.4367529841725403e-02
3.1109375000000004e+00	-9.4480397411745590e-02
3.1140625000000002e+00	-9.4591956418352524e-02
3.1171875000000000e+00	-9.4702200136413145e-02
3.1203125000000003e+00	-9.4811121841273438e-02
3.1234375000000001e+00	-9.4918714809787808e-02
3.1265625000000004e+00	-9.5024972321355455e-02
3.1296875000000002e+00	-9.5129887658962908e-02
3.1328125000000000e+00	-9.5233454110232874e-02
3.1359375000000003e+00	-9.5335664968479186e-02
3.1390625000000001e+00	-9.5436513533767364e-02
3.1421875000000004e+00	-9.5535993113981060e-02
3.1453125000000002e+00	-9.5634097025893886e-02
3.1484375000000000e+00	-9.5730818596246409e-02
3.1515625000000003e+00	-9.5826151162828360e-02
3.1546875000000001e+00	-9.5920088075565568e-02
3.1578125000000004e+00	-9.6012622697611530e-02
3.1609375000000002e+00	-9.6103748406443645e-02
3.1640625000000000e+00	-9.6193458594963505e-02
3.1671875000000003e+00	-9.6281746672601393e-02
3.1703125000000001e+00	-9.6368606066424500e-02
3.1734375000000004e+00	-9.6454030222248938e-02
3.1765625000000002e+00	-9.6538012605755077e-02
3.1796875000000000e+00	-9.6620546703606217e-02
3.1828125000000003e+00	-9.6701626024570345e-02
3.1859375000000001e+00	-9.6781244100644578e-02
3.1890625000000004e+00	-9.6859394488182426e-02
3.1921875000000002e+00	-9.6936070769023233e-02
3.1953125000000000e+00	-9.7011266551624162e-02
3.1984375000000003e+00	-9.7084975472193913e-02
3.2015625000000001e+00	-9.7157191195828399e-02
3.2046875000000004e+00	-9.7227907417647960e-02
3.2078125000000002e+00	-9.7297117863936008e-02
3.2109375000000000e+00	-9.7364816293278728e-02
3.2140625000000003e+00	-9.7430996497705938e-02
3.2171875000000001e+00	-9.7495652303832572e-02
3.2203125000000004e+00	-9.7558777574000818e-02
3.2234375000000002e+00	-9.7620366207422468e-02
3.2265625000000000e+00	-9.7680412141321463e-02
3.2296875000000003e+00	-9.7738909352076409e-02
3.2328125000000001e+00	-9.7795851856362706e-02
3.2359375000000004e+00	-9.7851233712294330e-02
3.2390625000000002e+00	-9.7905049020564711e-02
3.2421875000000000e+00	-9.7957291925586790e-02
3.2453125000000003e+00	-9.8007956616631975e-02
3.2484375000000001e+00	-9.8057037328967783e-02
3.2515625000000004e+00	-9.8104528344993738e-02
3.2546875000000002e+00	-9.8150423995375838e-02
3.2578125000000000e+00	-9.8194718660178704e-02
3.2609375000000003e+00	-9.8237406769995692e-02
3.2640625000000001e+00	-9.8278482807076809e-02
3.2671875000000004e+00	-9.8317941306453757e-02
3.2703125000000002e+00	-9.8355776857062246e-02
3.2734375000000000e+00	-9.8391984102861388e-02
3.2765625000000003e+00	-9.8426557743949816e-02
3.2796875000000001e+00	-9.8459492537678273e-02
3.2828125000000004e+00	-9.8490783299758841e-02
3.2859375000000002e+00	-9.8520424905369927e-02
3.2890625000000000e+00	-9.8548412290257639e-02
3.2921875000000003e+00	-9.8574740451832552e-02
3.2953125000000001e+00	-9.8599404450262260e-02
3.2984375000000004e+00	-9.8622399409559094e-02
3.3015625000000002e+00	-9.8643720518663117e-02
3.3046875000000000e+00	-9.8663363032520018e-02
3.3078125000000003e+00	-9.8681322273153585e-02
3.3109375000000001e+00	-9.8697593630732952e-02
3.3140625000000004e+00	-9.8712172564633979e-02
3.3171875000000002e+00	-9.8725054604494961e-02
3.3203125000000000e+00	-9.8736235351265980e-02
3.3234375000000003e+00	-9.8745710478252299e-02
3.3265625000000001e+00	-9.8753475732151041e-02
3.3296875000000004e+00	-9.8759526934081354e-02
3.3328125000000002e+00	-9.8763859980607827e-02
3.3359375000000000e+00	-9.8766470844756440e-02
3.3390625000000003e+00	-9.8767355577023722e-02
3.3421875000000001e+00	-9.8766510306378327e-02
3.3453125000000004e+00	-9.8763931241254779e-02
3.3484375000000002e+00	-9.8759614670539758e-02
3.3515625000000000e+00	-9.8753556964550085e-02
3.3546875000000003e+00	-9.8745754576002640e-02
3.3578125000000001e+00	-9.8736204040975939e-02
3.3609375000000004e+00	-9.8724901979863014e-02
3.3640625000000002e+00	-9.8711845098315723e-02
3.3671875000000000e+00	-9.8697030188179963e-02
3.3703125000000003e+00	-9.8680454128421774e-02
3.3734375000000001e+00	-9.8662113886044386e-02
3.3765625000000004e+00	-9.8642006516995479e-02
3.3796875000000002e+00	-9.8620129167064988e-02
3.3828125000000000e+00	-9.8596479072773094e-02
3.3859375000000003e+00	-9.8571053562247990e-02
3.3890625000000001e+00	-9.8543850056093840e-02
3.3921875000000004e+00	-9.8514866068248080e-02
3.3953125000000002e+00	-9.8484099206828365e-02
3.3984375000000000e+00	-9.8451547174968762e-02
3.4015625000000003e+00	-9.8417207771645199e-02
3.4046875000000001e+00	-9.8381078892489746e-02
3.4078125000000004e+00	-9.8343158530593888e-02
3.4109375000000002e+00	-9.8303444777300367e-02
3.4140625000000000e+00	-9.8261935822983454e-02
3.4171875000000003e+00	-9.8218629957817799e-02
3.4203125000000001e+00	-9.8173525572535225e-02
3.4234375000000004e+00	-9.8126621159169716e-02
3.4265625000000002e+00	-9.8077915311790151e-02
3.4296875000000000e+00	-9.8027406727220975e-02
3.4328125000000003e+00	-9.7975094205750152e-02
3.4359375000000001e+00	-9.7920976651824948e-02
3.4390625000000004e+00	-9.7865053074734532e-02
3.4421875000000002e+00	-9.7807322589280238e-02
3.4453125000000000e+00	-9.7747784416432323e-02
3.4484375000000003e+00	-9.7686437883974006e-02
3.4515625000000001e+00	-9.7623282427132030e-02
3.4546875000000004e+00	-9.7558317589193796e-02
3.4578125000000002e+00	-9.7491543022111146e-02
3.4609375000000000e+00	-9.7422958487090219e-02
3.4640625000000003e+00	-9.7352563855167704e-02
3.4671875000000001e+00	-9.7280359107773093e-02
3.4703125000000004e+00	-9.7206344337276956e-02
3.4734375000000002e+00	-9.7130519747524902e-02
3.4765625000000000e+00	-9.7052885654357365e-02
3.4796875000000003e+00	-9.6973442486114989e-02
3.4828125000000001e+00	-9.6892190784129431e-02
3.4859375000000004e+00	-9.6809131203199478e-02
3.4890625000000002e+00	-9.6724264512052655e-02
3.4921875000000000e+00	-9.6637591593791622e-02
3.4953125000000003e+00	-9.6549113446325871e-02
3.4984375000000001e+00	-9.6458831182788363e-02
3.5015625000000004e+00	-9.6366746031936817e-02
3.5046875000000002e+00	-9.6272859338539796e-02
3.5078125000000000e+00	-9.6177172563747595e-02
3.5109375000000003e+00	-9.6079687285447468e-02
3.5140625000000001e+00	-9.5980405198603416e-02
3.5171875000000004e+00	-9.5879328115580267e-02
3.5203125000000002e+00	-9.5776457966452108e-02
3.5234375000000000e+00	-9.5671796799294884e-02
3.5265625000000003e+00	-9.5565346780463106e-02
3.5296875000000001e+00	-9.5457110194850550e-02
3.5328125000000004e+00	-9.5347089446135014e-02
3.5359375000000002e+00	-9.5235287057006859e-02
3.5390625000000000e+00	-9.5121705669381412e-02
3.5421875000000003e+00	-9.5006348044595137e-02
3.5453125000000001e+00	-9.4889217063585468e-02
3.5484375000000004e+00	-9.4770315727054175e-02
3.5515625000000002e+00	-9.4649647155614414e-02
3.5546875000000000e+00	-9.4527214589921318e-02
3.5578125000000003e+00	-9.4403021390785782e-02
3.5609375000000001e+00	-9.4277071039271909e-02
3.5640625000000004e+00	-9.4149367136777740e-02
3.5671875000000002e+00	-9.4019913405099118e-02
3.5703125000000000e+00	-9.3888713686477082e-02
3.5734375000000003e+00	-9.3755771943628205e-02
3.5765625000000001e+00	-9.3621092259758329e-02
3.5796875000000004e+00	-9.3484678838559349e-02
3.5828125000000002e+00	-9.3346536004189060e-02
3.5859375000000000e+00	-9.3206668201234202e-02
3.5890625000000003e+00	-9.3065079994656505e-02
3.5921875000000001e+00	-9.2921776069721740e-02
3.5953125000000004e+00	-9.2776761231911767e-02
3.5984375000000002e+00	-9.2630040406819825e-02
3.6015625000000000e+00	-9.2481618640028351e-02
3.6046875000000003e+00	-9.2331501096970206e-02
3.6078125000000001e+00	-9.2179693062772614e-02
3.6109375000000004e+00	-9.2026199942084150e-02
3.6140625000000002e+00	-9.1871027258884658e-02
3.6171875000000000e+00	-9.1714180656278135e-02
3.6203125000000003e+00	-9.1555665896268554e-02
3.6234375000000001e+00	-9.1395488859518703e-02
3.6265625000000004e+00	-9.1233655545091885e-02
3.6296875000000002e+00	-9.1070172070176814e-02
3.6328125000000000e+00	-9.0905044669795279e-02
3.6359375000000003e+00	-9.0738279696492910e-02
3.6390625000000001e+00	-9.0569883620013142e-02
3.6421875000000004e+00	-9.0399863026953936e-02
3.6453125000000002e+00	-9.0228224620408012e-02
3.6484375000000000e+00	-9.0054975219585692e-02
3.6515625000000003e+00	-8.9880121759421394e-02
3.6546875000000001e+00	-8.9703671290162962e-02
3.6578125000000004e+00	-8.9525630976944492e-02
3.6609375000000002e+00	-8.9346008099342303e-02
3.6640625000000000e+00	-8.9164810050914090e-02
3.6671875000000003e+00	-8.8982044338721838e-02
3.6703125000000001e+00	-8.8797718582837734e-02
3.6734375000000004e+00	-8.8611840515833901e-02
3.6765625000000002e+00	-8.8424417982255435e-02
3.6796875000000000e+00	-8.8235458938077146e-02
3.6828125000000003e+00	-8.8044971450143963e-02
3.6859375000000001e+00	-8.7852963695594949e-02
3.6890625000000004e+00	-8.7659443961271358e-02
3.6921875000000002e+00	-8.7464420643108304e-02
3.6953125000000000e+00	-8.7267902245510523e-02
3.6984375000000003e+00	-8.7069897380712150e-02
3.7015625000000001e+00	-8.6870414768120505e-02
3.7046875000000004e+00	-8.6669463233644217e-02
3.7078125000000002e+00	-8.6467051709005538e-02
3.7109375000000000e+00	-8.6263189231036985e-02
3.7140625000000003e+00	-8.6057884940962684e-02
3.7171875000000001e+00	-8.5851148083663870e-02
3.7203125000000004e+00	-8.5642988006929405e-02
3.7234375000000002e+00	-8.5433414160690918e-02
3.7265625000000000e+00	-8.5222436096242860e-02
3.7296875000000003e+00	-8.5010063465447372e-02
3.7328125000000001e+00	-8.4796306019924564e-02
3.7359375000000004e+00	-8.4581173610227628e-02
3.7390625000000002e+00	-8.4364676185003540e-02
3.7421875000000000e+00	-8.4146823790139061e-02
3.7453125000000003e+00	-8.3927626567892391e-02
3.7484375000000001e+00	-8.3707094756010375e-02
3.7515625000000004e+00	-8.3485238686831720e-02
3.7546875000000002e+00	-8.3262068786375945e-02
3.7578125000000000e+00	-8.3037595573418499e-02
3.7609375000000003e+00	-8.2811829658552202e-02
3.7640625000000001e+00	-8.2584781743234859e-02
3.7671875000000004e+00	-8.2356462618823373e-02
3.7703125000000002e+00	-8.2126883165594744e-02
3.7734375000000000e+00	-8.1896054351753511e-02
3.7765625000000003e+00	-8.1663987232426322e-02
3.7796875000000001e+00	-8.1430692948643718e-02
3.7828125000000004e+00	-8.1196182726308713e-02
3.7859375000000002e+00	-8.0960467875153277e-02
3.7890625000000000e+00	-8.0723559787682045e-02
3.7921875000000003e+00	-8.0485469938103932e-02
3.7953125000000001e+00	-8.0246209881251418e-02
3.7984375000000004e+00	-8.0005791251488170e-02
3.8015625000000002e+00	-7.9764225761604579e-02
3.8046875000000000e+00	-7.9521525201701915e-02
3.8078125000000003e+00	-7.9277701438064938e-02
3.8109375000000001e+00	-7.9032766412023281e-02
3.8140625000000004e+00	-7.8786732138801691e-02
3.8171875000000002e+00	-7.8539610706359508e-02
3.8203125000000000e+00	-7.8291414274219234e-02
3.8234375000000003e+00	-7.8042155072284736e-02
3.8265625000000001e+00	-7.7791845399648965e-02
3.8296875000000004e+00	-7.7540497623391644e-02
3.8328125000000002e+00	-7.7288124177366871e-02
3.8359375000000000e+00	-7.7034737560981073e-02
3.8390625000000003e+00	-7.6780350337961253e-02
3.8421875000000001e+00	-7.6524975135113887e-02
3.8453125000000004e+00	-7.6268624641074742e-02
3.8484375000000002e+00	-7.6011311605049578e-02
3.8515625000000000e+00	-7.5753048835546108e-02
3.8546875000000003e+00	-7.5493849199097435e-02
3.8578125000000001e+00	-7.5233725618977093e-02
3.8609375000000004e+00	-7.4972691073905848e-02
3.8640625000000002e+00	-7.4710758596750679e-02
3.8671875000000000e+00	-7.4447941273215898e-02
3.8703125000000003e+00	-7.4184252240526855e-02
3.8734375000000001e+00	-7.3919704686106258e-02
3.8765625000000004e+00	-7.3654311846243312e-02
3.8796875000000002e+00	-7.3388087004756242e-02
3.8828125000000000e+00	-7.3121043491647858e-02
3.8859375000000003e+00	-7.2853194681754815e-02
3.8890625000000001e+00	-7.2584553993390741e-02
3.8921875000000004e+00	-7.2315134886983115e-02
3.8953125000000002e+00	-7.2044950863704660e-02
3.8984375000000000e+00	-7.1774015464098978e-02
3.9015625000000003e+00	-7.1502342266700977e-02
3.9046875000000001e+00	-7.1229944886652061e-02
3.9078125000000004e+00	-7.0956836974310725e-02
3.9109375000000002e+00	-7.0683032213858202e-02
3.9140625000000000e+00	-7.0408544321899844e-02
3.9171875000000003e+00	-7.0133387046062395e-02
3.9203125000000001e+00	-6.9857574163587205e-02
3.9234375000000004e+00	-6.9581119479919781e-02
3.9265625000000002e+00	-6.9304036827295842e-02
3.9296875000000000e+00	-6.9026340063324115e-02
3.9328125000000003e+00	-6.8748043069566250e-02
3.9359375000000001e+00	-6.8469159750113751e-02
3.9390625000000004e+00	-6.8189704030162487e-02
3.9421875000000002e+00	-6.7909689854584981e-02
3.9453125000000000e+00	-6.7629131186500449e-02
3.9484375000000003e+00	-6.7348042005843184e-02
3.9515625000000001e+00	-6.7066436307929245e-02
3.9546875000000004e+00	-6.6784328102021812e-02
3.9578125000000002e+00	-6.6501731409895501e-02
3.9609375000000000e+00	-6.6218660264399723e-02
3.9640625000000003e+00	-6.5935128708021401e-02
3.9671875000000001e+00	-6.5651150791447413e-02
3.9703125000000004e+00	-6.5366740572126728e-02
3.9734375000000002e+00	-6.5081912112832707e-02
3.9765625000000000e+00	-6.4796679480225675e-02
3.9796875000000003e+00	-6.4511056743416145e-02
3.9828125000000001e+00	-6.4225057972528754e-02
3.9859375000000004e+00	-6.3938697237267222e-02
3.9890625000000002e+00	-6.3651988605480631e-02
3.9921875000000000e+00	-6.3364946141731271e-02
3.9953125000000003e+00	-6.3077583905864057e-02
3.9984375000000001e+00	-6.2789915951578137e-02
