1.5625000000000001e-03	6.5069683054510344e-02
4.6875000000000007e-03	6.5381772312877645e-02
7.8125000000000000e-03	6.5693794848348863e-02
1.0937500000000001e-02	6.6005738472551173e-02
1.4062500000000000e-02	6.6317590995844139e-02
1.7187500000000001e-02	6.6629340228576361e-02
2.0312500000000001e-02	6.6940973982340793e-02
2.3437500000000000e-02	6.7252480071228568e-02
2.6562500000000003e-02	6.7563846313081016e-02
2.9687500000000002e-02	6.7875060530739620e-02
3.2812500000000001e-02	6.8186110553293669e-02
3.5937500000000004e-02	6.8496984217325432e-02
3.9062500000000000e-02	6.8807669368152524e-02
4.2187500000000003e-02	6.9118153861067150e-02
4.5312500000000006e-02	6.9428425562572227e-02
4.8437500000000001e-02	6.9738472351613845e-02
5.1562500000000004e-02	7.0048282120810060e-02
5.4687500000000000e-02	7.0357842777675622e-02
5.7812500000000003e-02	7.0667142245842404e-02
6.0937500000000006e-02	7.0976168466275483e-02
6.4062500000000008e-02	7.1284909398484267e-02
6.7187499999999997e-02	7.1593353021728839e-02
7.0312500000000000e-02	7.1901487336220996e-02
7.3437500000000003e-02	7.2209300364319745e-02
7.6562500000000006e-02	7.2516780151721291e-02
7.9687500000000008e-02	7.2823914768642931e-02
8.2812500000000011e-02	7.3130692311000764e-02
8.5937500000000000e-02	7.3437100901581218e-02
8.9062500000000003e-02	7.3743128691205626e-02
9.2187500000000006e-02	7.4048763859888247e-02
9.5312500000000008e-02	7.4353994617986904e-02
9.8437500000000011e-02	7.4658809207346521e-02
1.0156250000000000e-01	7.4963195902434956e-02
1.0468750000000000e-01	7.5267143011471180e-02
1.0781250000000001e-01	7.5570638877545310e-02
1.1093750000000001e-01	7.5873671879730611e-02
1.1406250000000001e-01	7.6176230434186823e-02
1.1718750000000000e-01	7.6478302995255057e-02
1.2031250000000000e-01	7.6779878056543654e-02
1.2343750000000001e-01	7.7080944152004963e-02
1.2656249999999999e-01	7.7381489857002980e-02
1.2968750000000001e-01	7.7681503789371206e-02
1.3281250000000000e-01	7.7980974610461079e-02
1.3593750000000002e-01	7.8279891026180354e-02
1.3906250000000001e-01	7.8578241788020947e-02
1.4218749999999999e-01	7.8876015694077289e-02
1.4531250000000001e-01	7.9173201590053588e-02
1.4843750000000000e-01	7.9469788370260197e-02
1.5156250000000002e-01	7.9765764978599607e-02
1.5468750000000001e-01	8.0061120409540998e-02
1.5781250000000002e-01	8.0355843709083302e-02
1.6093750000000001e-01	8.0649923975707347e-02
1.6406250000000000e-01	8.0943350361315711e-02
1.6718750000000002e-01	8.1236112072161151e-02
1.7031250000000001e-01	8.1528198369762661e-02
1.7343750000000002e-01	8.1819598571809787e-02
1.7656250000000001e-01	8.2110302053053863e-02
1.7968750000000000e-01	8.2400298246187387e-02
1.8281250000000002e-01	8.2689576642710289e-02
1.8593750000000001e-01	8.2978126793783399e-02
1.8906250000000002e-01	8.3265938311068780e-02
1.9218750000000001e-01	8.3553000867557042e-02
1.9531250000000000e-01	8.3839304198381023e-02
1.9843750000000002e-01	8.4124838101616320e-02
2.0156250000000001e-01	8.4409592439067690e-02
2.0468750000000002e-01	8.4693557137042019e-02
2.0781250000000001e-01	8.4976722187107154e-02
2.1093750000000000e-01	8.5259077646836573e-02
2.1406250000000002e-01	8.5540613640540025e-02
2.1718750000000001e-01	8.5821320359979650e-02
2.2031250000000002e-01	8.6101188065071485e-02
2.2343750000000001e-01	8.6380207084572627e-02
2.2656250000000000e-01	8.6658367816753429e-02
2.2968750000000002e-01	8.6935660730054806e-02
2.3281250000000001e-01	8.7212076363730628e-02
2.3593750000000002e-01	8.7487605328474966e-02
2.3906250000000001e-01	8.7762238307034182e-02
2.4218750000000000e-01	8.8035966054803572e-02
2.4531250000000002e-01	8.8308779400408641e-02
2.4843750000000001e-01	8.8580669246270796e-02
2.5156250000000002e-01	8.8851626569157571e-02
2.5468750000000001e-01	8.9121642420716768e-02
2.5781250000000000e-01	8.9390707927995292e-02
2.6093749999999999e-01	8.9658814293941555e-02
2.6406250000000003e-01	8.9925952797892270e-02
2.6718750000000002e-01	9.0192114796042999e-02
2.7031250000000001e-01	9.0457291721902630e-02
2.7343750000000000e-01	9.0721475086731604e-02
2.7656249999999999e-01	9.0984656479963844e-02
2.7968750000000003e-01	9.1246827569612443e-02
2.8281250000000002e-01	9.1507980102658787e-02
2.8593750000000001e-01	9.1768105905425307e-02
2.8906250000000000e-01	9.2027196883931683e-02
2.9218749999999999e-01	9.2285245024234533e-02
2.9531250000000003e-01	9.2542242392750371e-02
2.9843750000000002e-01	9.2798181136561991e-02
3.0156250000000001e-01	9.3053053483708181e-02
3.0468750000000000e-01	9.3306851743456501e-02
3.0781250000000004e-01	9.3559568306559676e-02
3.1093750000000003e-01	9.3811195645494685e-02
3.1406250000000002e-01	9.4061726314685512e-02
3.1718750000000001e-01	9.4311152950708840e-02
3.2031250000000000e-01	9.4559468272482669e-02
3.2343750000000004e-01	9.4806665081438590e-02
3.2656250000000003e-01	9.5052736261676693e-02
3.2968750000000002e-01	9.5297674780103842e-02
3.3281250000000001e-01	9.5541473686554995e-02
3.3593750000000000e-01	9.5784126113897569e-02
3.3906250000000004e-01	9.6025625278119101e-02
3.4218750000000003e-01	9.6265964478397845e-02
3.4531250000000002e-01	9.6505137097156635e-02
3.4843750000000001e-01	9.6743136600099866e-02
3.5156250000000000e-01	9.6979956536233689e-02
3.5468750000000004e-01	9.7215590537869254e-02
3.5781250000000003e-01	9.7450032320609378e-02
3.6093750000000002e-01	9.7683275683318416e-02
3.6406250000000001e-01	9.7915314508075363e-02
3.6718750000000000e-01	9.8146142760110314e-02
3.7031250000000004e-01	9.8375754487724454e-02
3.7343750000000003e-01	9.8604143822193069e-02
3.7656250000000002e-01	9.8831304977652579e-02
3.7968750000000001e-01	9.9057232250970573e-02
3.8281250000000000e-01	9.9281920021599857e-02
3.8593750000000004e-01	9.9505362751415735e-02
3.8906250000000003e-01	9.9727554984537364e-02
3.9218750000000002e-01	9.9948491347132629e-02
3.9531250000000001e-01	1.0016816654720696e-01
3.9843750000000000e-01	1.0038657537437602e-01
4.0156250000000004e-01	1.0060371269962248e-01
4.0468750000000003e-01	1.0081957347503674e-01
4.0781250000000002e-01	1.0103415273354181e-01
4.1093750000000001e-01	1.0124744558860267e-01
4.1406250000000000e-01	1.0145944723391949e-01
4.1718750000000004e-01	1.0167015294310587e-01
4.2031250000000003e-01	1.0187955806935110e-01
4.2343750000000002e-01	1.0208765804506738e-01
4.2656250000000001e-01	1.0229444838152146e-01
4.2968750000000000e-01	1.0249992466845163e-01
4.3281250000000004e-01	1.0270408257366893e-01
4.3593750000000003e-01	1.0290691784264416e-01
4.3906250000000002e-01	1.0310842629807956e-01
4.4218750000000001e-01	1.0330860383946600e-01
4.4531250000000000e-01	1.0350744644262561e-01
4.4843750000000004e-01	1.0370495015923978e-01
4.5156250000000003e-01	1.0390111111636310e-01
4.5468750000000002e-01	1.0409592551592292e-01
4.5781250000000001e-01	1.0428938963420495e-01
4.6093750000000000e-01	1.0448149982132475e-01
4.6406250000000004e-01	1.0467225250068583e-01
4.6718750000000003e-01	1.0486164416842372e-01
4.7031250000000002e-01	1.0504967139283679e-01
4.7343750000000001e-01	1.0523633081380362e-01
4.7656250000000000e-01	1.0542161914218730e-01
4.7968750000000004e-01	1.0560553315922663e-01
4.8281250000000003e-01	1.0578806971591437e-01
4.8593750000000002e-01	1.0596922573236293e-01
4.8906250000000001e-01	1.0614899819715747e-01
4.9218750000000000e-01	1.0632738416669656e-01
4.9531250000000004e-01	1.0650438076452068e-01
4.9843750000000003e-01	1.0667998518062867e-01
5.0156250000000002e-01	1.0685419467078222e-01
5.0468750000000007e-01	1.0702700655579897e-01
5.0781250000000000e-01	1.0719841822083356e-01
5.1093750000000004e-01	1.0736842711464793e-01
5.1406249999999998e-01	1.0753703074887004e-01
5.1718750000000002e-01	1.0770422669724186e-01
5.2031250000000007e-01	1.0787001259485650e-01
5.2343750000000000e-01	1.0803438613738464e-01
5.2656250000000004e-01	1.0819734508029082e-01
5.2968749999999998e-01	1.0835888723803924e-01
5.3281250000000002e-01	1.0851901048328982e-01
5.3593750000000007e-01	1.0867771274608422e-01
5.3906250000000000e-01	1.0883499201302234e-01
5.4218750000000004e-01	1.0899084632642948e-01
5.4531249999999998e-01	1.0914527378351414e-01
5.4843750000000002e-01	1.0929827253551704e-01
5.5156250000000007e-01	1.0944984078685102e-01
5.5468750000000000e-01	1.0959997679423274e-01
5.5781250000000004e-01	1.0974867886580571e-01
5.6093749999999998e-01	1.0989594536025531e-01
5.6406250000000002e-01	1.1004177468591586e-01
5.6718750000000007e-01	1.1018616529986980e-01
5.7031250000000000e-01	1.1032911570703961e-01
5.7343750000000004e-01	1.1047062445927236e-01
5.7656249999999998e-01	1.1061069015441692e-01
5.7968750000000002e-01	1.1074931143539474e-01
5.8281250000000007e-01	1.1088648698926382e-01
5.8593750000000000e-01	1.1102221554627605e-01
5.8906250000000004e-01	1.1115649587892888e-01
5.9218749999999998e-01	1.1128932680101064e-01
5.9531250000000002e-01	1.1142070716664011e-01
5.9843750000000007e-01	1.1155063586930103e-01
6.0156250000000000e-01	1.1167911184087081e-01
6.0468750000000004e-01	1.1180613405064470e-01
6.0781250000000009e-01	1.1193170150435476e-01
6.1093750000000002e-01	1.1205581324318467e-01
6.1406250000000007e-01	1.1217846834277977e-01
6.1718750000000000e-01	1.1229966591225354e-01
6.2031250000000004e-01	1.1241940509318966e-01
6.2343750000000009e-01	1.1253768505864097e-01
6.2656250000000002e-01	1.1265450501212464e-01
6.2968750000000007e-01	1.1276986418661461e-01
6.3281250000000000e-01	1.1288376184353077e-01
6.3593750000000004e-01	1.1299619727172577e-01
6.3906250000000009e-01	1.1310716978646913e-01
6.4218750000000002e-01	1.1321667872842955e-01
6.4531250000000007e-01	1.1332472346265493e-01
6.4843750000000000e-01	1.1343130337755103e-01
6.5156250000000004e-01	1.1353641788385833e-01
6.5468750000000009e-01	1.1364006641362812e-01
6.5781250000000002e-01	1.1374224841919721e-01
6.6093750000000007e-01	1.1384296337216225e-01
6.6406250000000000e-01	1.1394221076235354e-01
6.6718750000000004e-01	1.1403999009680843e-01
6.7031250000000009e-01	1.1413630089874485e-01
6.7343750000000002e-01	1.1423114270653525e-01
6.7656250000000007e-01	1.1432451507268099e-01
6.7968750000000000e-01	1.1441641756278727e-01
6.8281250000000004e-01	1.1450684975453934e-01
6.8593750000000009e-01	1.1459581123667992e-01
6.8906250000000002e-01	1.1468330160798795e-01
6.9218750000000007e-01	1.1476932047625937e-01
6.9531250000000000e-01	1.1485386745728952e-01
6.9843750000000004e-01	1.1493694217385819e-01
7.0156250000000009e-01	1.1501854425471671e-01
7.0468750000000002e-01	1.1509867333357815e-01
7.0781250000000007e-01	1.1517732904811030e-01
7.1093750000000000e-01	1.1525451103893176e-01
7.1406250000000004e-01	1.1533021894861178e-01
7.1718750000000009e-01	1.1540445242067340e-01
7.2031250000000002e-01	1.1547721109860094e-01
7.2343750000000007e-01	1.1554849462485134e-01
7.2656250000000000e-01	1.1561830263987001e-01
7.2968750000000004e-01	1.1568663478111151e-01
7.3281250000000009e-01	1.1575349068206485e-01
7.3593750000000002e-01	1.1581886997128414e-01
7.3906250000000007e-01	1.1588277227142442e-01
7.4218750000000000e-01	1.1594519719828338e-01
7.4531250000000004e-01	1.1600614435984857e-01
7.4843750000000009e-01	1.1606561335535100e-01
7.5156250000000002e-01	1.1612360377432487e-01
7.5468750000000007e-01	1.1618011519567389e-01
7.5781250000000000e-01	1.1623514718674446e-01
7.6093750000000004e-01	1.1628869930240573e-01
7.6406250000000009e-01	1.1634077108413697e-01
7.6718750000000002e-01	1.1639136205912251e-01
7.7031250000000007e-01	1.1644047173935404e-01
7.7343750000000000e-01	1.1648809962074136e-01
7.7656250000000004e-01	1.1653424518223067e-01
7.7968750000000009e-01	1.1657890788493189e-01
7.8281250000000002e-01	1.1662208717125389e-01
7.8593750000000007e-01	1.1666378246404906e-01
7.8906250000000000e-01	1.1670399316576674e-01
7.9218750000000004e-01	1.1674271865761579e-01
7.9531250000000009e-01	1.1677995829873679e-01
7.9843750000000002e-01	1.1681571142538390e-01
8.0156250000000007e-01	1.1684997735011647e-01
8.0468750000000000e-01	1.1688275536100104e-01
8.0781250000000004e-01	1.1691404472082331e-01
8.1093750000000009e-01	1.1694384466631093e-01
8.1406250000000002e-01	1.1697215440736690e-01
8.1718750000000007e-01	1.1699897312631395e-01
8.2031250000000000e-01	1.1702429997714991e-01
8.2343750000000004e-01	1.1704813408481468e-01
8.2656250000000009e-01	1.1707047454446866e-01
8.2968750000000002e-01	1.1709132042078264e-01
8.3281250000000007e-01	1.1711067074724013e-01
8.3593750000000000e-01	1.1712852452545136e-01
8.3906250000000004e-01	1.1714488072447987e-01
8.4218750000000009e-01	1.1715973828018149e-01
8.4531250000000002e-01	1.1717309609455612e-01
8.4843750000000007e-01	1.1718495303511225e-01
8.5156250000000000e-01	1.1719530793424468e-01
8.5468750000000004e-01	1.1720415958862533e-01
8.5781250000000009e-01	1.1721150675860768e-01
8.6093750000000002e-01	1.1721734816764466e-01
8.6406250000000007e-01	1.1722168250172033e-01
8.6718750000000000e-01	1.1722450840879545e-01
8.7031250000000004e-01	1.1722582449826736e-01
8.7343750000000009e-01	1.1722562934044398e-01
8.7656250000000002e-01	1.1722392146603225e-01
8.7968750000000007e-01	1.1722069936564117e-01
8.8281250000000000e-01	1.1721596148929975e-01
8.8593750000000004e-01	1.1720970624598966e-01
8.8906250000000009e-01	1.1720193200319315e-01
8.9218750000000002e-01	1.1719263708645601e-01
8.9531250000000007e-01	1.1718181977896609e-01
8.9843750000000000e-01	1.1716947832114716e-01
9.0156250000000004e-01	1.1715561091026855e-01
9.0468750000000009e-01	1.1714021570007059e-01
9.0781250000000002e-01	1.1712329080040582e-01
9.1093750000000007e-01	1.1710483427689659e-01
9.1406250000000000e-01	1.1708484415060845e-01
9.1718750000000004e-01	1.1706331839774033e-01
9.2031250000000009e-01	1.1704025494933075e-01
9.2343750000000002e-01	1.1701565169098087e-01
9.2656250000000007e-01	1.1698950646259418e-01
9.2968750000000000e-01	1.1696181705813301e-01
9.3281250000000004e-01	1.1693258122539188e-01
9.3593750000000009e-01	1.1690179666578802e-01
9.3906250000000002e-01	1.1686946103416902e-01
9.4218750000000007e-01	1.1683557193863758e-01
9.4531250000000000e-01	1.1680012694039386e-01
9.4843750000000004e-01	1.1676312355359501e-01
9.5156250000000009e-01	1.1672455924523246e-01
9.5468750000000002e-01	1.1668443143502681e-01
9.5781250000000007e-01	1.1664273749534027e-01
9.6093750000000000e-01	1.1659947475110716e-01
9.6406250000000004e-01	1.1655464047978208e-01
9.6718750000000009e-01	1.1650823191130631e-01
9.7031250000000002e-01	1.1646024622809184e-01
9.7343750000000007e-01	1.1641068056502403e-01
9.7656250000000000e-01	1.1635953200948201e-01
9.7968750000000004e-01	1.1630679760137755e-01
9.8281250000000009e-01	1.1625247433321224e-01
9.8593750000000002e-01	1.1619655915015283e-01
9.8906250000000007e-01	1.1613904895012536e-01
9.9218750000000000e-01	1.1607994058392743e-01
9.9531250000000004e-01	1.1601923085535895e-01
9.9843750000000009e-01	1.1595691652137192e-01
1.0015625000000001e+00	1.1589299429223818e-01
1.0046875000000000e+00	1.1582744816896645e-01
1.0078125000000000e+00	1.1576028712975699e-01
1.0109375000000000e+00	1.1569150773932094e-01
1.0140625000000001e+00	1.1562110651641130e-01
1.0171875000000001e+00	1.1554907993408199e-01
1.0203125000000000e+00	1.1547542441996549e-01
1.0234375000000000e+00	1.1540013635656927e-01
1.0265625000000000e+00	1.1532321208159110e-01
1.0296875000000001e+00	1.1524464788825291e-01
1.0328125000000001e+00	1.1516444002565333e-01
1.0359375000000000e+00	1.1508258469913922e-01
1.0390625000000000e+00	1.1499907807069588e-01
1.0421875000000000e+00	1.1491391625935576e-01
1.0453125000000001e+00	1.1482709534162609e-01
1.0484375000000001e+00	1.1473861135193517e-01
1.0515625000000000e+00	1.1464846028309733e-01
1.0546875000000000e+00	1.1455663808679649e-01
1.0578125000000000e+00	1.1446314067408826e-01
1.0609375000000001e+00	1.1436796391592094e-01
1.0640625000000001e+00	1.1427110364367458e-01
1.0671875000000000e+00	1.1417255564971904e-01
1.0703125000000000e+00	1.1407231568799002e-01
1.0734375000000000e+00	1.1397037947458398e-01
1.0765625000000001e+00	1.1386674268837098e-01
1.0796875000000001e+00	1.1376140097162610e-01
1.0828125000000000e+00	1.1365434993067894e-01
1.0859375000000000e+00	1.1354558513658140e-01
1.0890625000000000e+00	1.1343510212579336e-01
1.0921875000000001e+00	1.1332289640088671e-01
1.0953125000000001e+00	1.1320896343126687e-01
1.0984375000000000e+00	1.1309329865391272e-01
1.1015625000000000e+00	1.1297589747413371e-01
1.1046875000000000e+00	1.1285675526634507e-01
1.1078125000000001e+00	1.1273586737486056e-01
1.1109375000000001e+00	1.1261322911470255e-01
1.1140625000000000e+00	1.1248883577242952e-01
1.1171875000000000e+00	1.1236268260698098e-01
1.1203125000000000e+00	1.1223476485053949e-01
1.1234375000000001e+00	1.1210507770940954e-01
1.1265625000000001e+00	1.1197361636491381e-01
1.1296875000000000e+00	1.1184037597430570e-01
1.1328125000000000e+00	1.1170535167169900e-01
1.1359375000000000e+00	1.1156853856901382e-01
1.1390625000000001e+00	1.1142993175693913e-01
1.1421875000000001e+00	1.1128952630591149e-01
1.1453125000000000e+00	1.1114731726710984e-01
1.1484375000000000e+00	1.1100329967346642e-01
1.1515625000000000e+00	1.1085746854069353e-01
1.1546875000000001e+00	1.1070981886832577e-01
1.1578125000000001e+00	1.1056034564077813e-01
1.1609375000000000e+00	1.1040904382841903e-01
1.1640625000000000e+00	1.1025590838865899e-01
1.1671875000000000e+00	1.1010093426705402e-01
1.1703125000000001e+00	1.0994411639842389e-01
1.1734375000000001e+00	1.0978544970798514e-01
1.1765625000000000e+00	1.0962492911249870e-01
1.1796875000000000e+00	1.0946254952143142e-01
1.1828125000000000e+00	1.0929830583813219e-01
1.1859375000000001e+00	1.0913219296102146e-01
1.1890625000000001e+00	1.0896420578479496e-01
1.1921875000000000e+00	1.0879433920164060e-01
1.1953125000000000e+00	1.0862258810246880e-01
1.1984375000000000e+00	1.0844894737815595e-01
1.2015625000000001e+00	1.0827341192080057e-01
1.2046875000000001e+00	1.0809597662499239e-01
1.2078125000000002e+00	1.0791663638909360e-01
1.2109375000000000e+00	1.0773538611653269e-01
1.2140625000000000e+00	1.0755222071710972e-01
1.2171875000000001e+00	1.0736713510831392e-01
1.2203125000000001e+00	1.0718012421665248e-01
1.2234375000000002e+00	1.0699118297899073e-01
1.2265625000000000e+00	1.0680030634390325e-01
1.2296875000000000e+00	1.0660748927303595e-01
1.2328125000000001e+00	1.0641272674247854e-01
1.2359375000000001e+00	1.0621601374414739e-01
1.2390625000000002e+00	1.0601734528717838e-01
1.2421875000000000e+00	1.0581671639932942e-01
1.2453125000000000e+00	1.0561412212839279e-01
1.2484375000000001e+00	1.0540955754361638e-01
1.2515625000000001e+00	1.0520301773713403e-01
1.2546875000000002e+00	1.0499449782540472e-01
1.2578125000000000e+00	1.0478399295065992e-01
1.2609375000000000e+00	1.0457149828235932e-01
1.2640625000000001e+00	1.0435700901865426e-01
1.2671875000000001e+00	1.0414052038785897e-01
1.2703125000000002e+00	1.0392202764992871e-01
1.2734375000000000e+00	1.0370152609794531e-01
1.2765625000000000e+00	1.0347901105960929e-01
1.2796875000000001e+00	1.0325447789873822e-01
1.2828125000000001e+00	1.0302792201677145e-01
1.2859375000000002e+00	1.0279933885428046e-01
1.2890625000000000e+00	1.0256872389248491e-01
1.2921875000000000e+00	1.0233607265477365e-01
1.2953125000000001e+00	1.0210138070823076e-01
1.2984375000000001e+00	1.0186464366516619e-01
1.3015625000000002e+00	1.0162585718465063e-01
1.3046875000000000e+00	1.0138501697405436e-01
1.3078125000000000e+00	1.0114211879058949e-01
1.3109375000000001e+00	1.0089715844285592e-01
1.3140625000000001e+00	1.0065013179238995e-01
1.3171875000000002e+00	1.0040103475521567e-01
1.3203125000000000e+00	1.0014986330339873e-01
1.3234375000000000e+00	9.9896613466601891e-02
1.3265625000000001e+00	9.9641281333642570e-02
1.3296875000000001e+00	9.9383863054051377e-02
1.3328125000000002e+00	9.9124354839631945e-02
1.3359375000000000e+00	9.8862752966021164e-02
1.3390625000000000e+00	9.8599053774249892e-02
1.3421875000000001e+00	9.8333253672303667e-02
1.3453125000000001e+00	9.8065349136682911e-02
1.3484375000000002e+00	9.7795336713962469e-02
1.3515625000000000e+00	9.7523213022350286e-02
1.3546875000000000e+00	9.7248974753244372e-02
1.3578125000000001e+00	9.6972618672788266e-02
1.3609375000000001e+00	9.6694141623424310e-02
1.3640625000000002e+00	9.6413540525444472e-02
1.3671875000000000e+00	9.6130812378538363e-02
1.3703125000000000e+00	9.5845954263338154e-02
1.3734375000000001e+00	9.5558963342959963e-02
1.3765625000000001e+00	9.5269836864541477e-02
1.3796875000000002e+00	9.4978572160775071e-02
1.3828125000000000e+00	9.4685166651436753e-02
1.3859375000000000e+00	9.4389617844909915e-02
1.3890625000000001e+00	9.4091923339703953e-02
1.3921875000000001e+00	9.3792080825967183e-02
1.3953125000000002e+00	9.3490088086993745e-02
1.3984375000000000e+00	9.3185943000724275e-02
1.4015625000000000e+00	9.2879643541239787e-02
1.4046875000000001e+00	9.2571187780248379e-02
1.4078125000000001e+00	9.2260573888564845e-02
1.4109375000000002e+00	9.1947800137582206e-02
1.4140625000000000e+00	9.1632864900735272e-02
1.4171875000000000e+00	9.1315766654955624e-02
1.4203125000000001e+00	9.0996503982117741e-02
1.4234375000000001e+00	9.0675075570476174e-02
1.4265625000000002e+00	9.0351480216092739e-02
1.4296875000000000e+00	9.0025716824254212e-02
1.4328125000000000e+00	8.9697784410879458e-02
1.4359375000000001e+00	8.9367682103916157e-02
1.4390625000000001e+00	8.9035409144726352e-02
1.4421875000000002e+00	8.8700964889460915e-02
1.4453125000000000e+00	8.8364348810422114e-02
1.4484375000000000e+00	8.8025560497414307e-02
1.4515625000000001e+00	8.7684599659082263e-02
1.4546875000000001e+00	8.7341466124236627e-02
1.4578125000000002e+00	8.6996159843166512e-02
1.4609375000000000e+00	8.6648680888938540e-02
1.4640625000000000e+00	8.6299029458682203e-02
1.4671875000000001e+00	8.5947205874861238e-02
1.4703125000000001e+00	8.5593210586530272e-02
1.4734375000000002e+00	8.5237044170577050e-02
1.4765625000000000e+00	8.4878707332949346e-02
1.4796875000000000e+00	8.4518200909866517e-02
1.4828125000000001e+00	8.4155525869015327e-02
1.4859375000000001e+00	8.3790683310729613e-02
1.4890625000000002e+00	8.3423674469153580e-02
1.4921875000000000e+00	8.3054500713388379e-02
1.4953125000000000e+00	8.2683163548621458e-02
1.4984375000000001e+00	8.2309664617238848e-02
1.5015625000000001e+00	8.1934005699919432e-02
1.5046875000000002e+00	8.1556188716711359e-02
1.5078125000000000e+00	8.1176215728090195e-02
1.5109375000000000e+00	8.0794088935998265e-02
1.5140625000000001e+00	8.0409810684865302e-02
1.5171875000000001e+00	8.0023383462609579e-02
1.5203125000000002e+00	7.9634809901619780e-02
1.5234375000000000e+00	7.9244092779716835e-02
1.5265625000000000e+00	7.8851235021095811e-02
1.5296875000000001e+00	7.8456239697247229e-02
1.5328125000000001e+00	7.8059110027857800e-02
1.5359375000000002e+00	7.7659849381690196e-02
1.5390625000000000e+00	7.7258461277441418e-02
1.5421875000000000e+00	7.6854949384579999e-02
1.5453125000000001e+00	7.6449317524160815e-02
1.5484375000000001e+00	7.6041569669618544e-02
1.5515625000000002e+00	7.5631709947538081e-02
1.5546875000000000e+00	7.5219742638403198e-02
1.5578125000000000e+00	7.4805672177321564e-02
1.5609375000000001e+00	7.4389503154727116e-02
1.5640625000000001e+00	7.3971240317059039e-02
1.5671875000000002e+00	7.3550888567417247e-02
1.5703125000000000e+00	7.3128452966193885e-02
1.5734375000000000e+00	7.2703938731681003e-02
1.5765625000000001e+00	7.2277351240653626e-02
1.5796875000000001e+00	7.1848696028928835e-02
1.5828125000000002e+00	7.1417978791899761e-02
1.5859375000000000e+00	7.0985205385044770e-02
1.5890625000000000e+00	7.0550381824411659e-02
1.5921875000000001e+00	7.0113514287076337e-02
1.5953125000000001e+00	6.9674609111576039e-02
1.5984375000000002e+00	6.9233672798316964e-02
1.6015625000000000e+00	6.8790712009955901e-02
1.6046875000000000e+00	6.8345733571755662e-02
1.6078125000000001e+00	6.7898744471914574e-02
1.6109375000000001e+00	6.7449751861869162e-02
1.6140625000000002e+00	6.6998763056570640e-02
1.6171875000000000e+00	6.6545785534734267e-02
1.6203125000000000e+00	6.6090826939062028e-02
1.6234375000000001e+00	6.5633895076438284e-02
1.6265625000000001e+00	6.5174997918098054e-02
1.6296875000000002e+00	6.4714143599768056e-02
1.6328125000000000e+00	6.4251340421780281e-02
1.6359375000000000e+00	6.3786596849158106e-02
1.6390625000000001e+00	6.3319921511674288e-02
1.6421875000000001e+00	6.2851323203881745e-02
1.6453125000000002e+00	6.2380810885115816e-02
1.6484375000000000e+00	6.1908393679468786e-02
1.6515625000000000e+00	6.1434080875736340e-02
1.6546875000000001e+00	6.0957881927335617e-02
1.6578125000000001e+00	6.0479806452194994e-02
1.6609375000000002e+00	5.9999864232615642e-02
1.6640625000000000e+00	5.9518065215104422e-02
1.6671875000000000e+00	5.9034419510178508e-02
1.6703125000000001e+00	5.8548937392141141e-02
1.6734375000000001e+00	5.8061629298829000e-02
1.6765625000000002e+00	5.7572505831330840e-02
1.6796875000000000e+00	5.7081577753677407e-02
1.6828125000000000e+00	5.6588855992502650e-02
1.6859375000000001e+00	5.6094351636676032e-02
1.6890625000000001e+00	5.5598075936906230e-02
1.6921875000000002e+00	5.5100040305316039e-02
1.6953125000000000e+00	5.4600256314988271e-02
1.6984375000000000e+00	5.4098735699483071e-02
1.7015625000000001e+00	5.3595490352326330e-02
1.7046875000000001e+00	5.3090532326469361e-02
1.7078125000000002e+00	5.2583873833719749e-02
1.7109375000000000e+00	5.2075527244143549e-02
1.7140625000000000e+00	5.1565505085438758e-02
1.7171875000000001e+00	5.1053820042280047e-02
1.7203125000000001e+00	5.0540484955635019e-02
1.7234375000000002e+00	5.0025512822051851e-02
1.7265625000000000e+00	4.9508916792918335e-02
1.7296875000000000e+00	4.8990710173692630e-02
1.7328125000000001e+00	4.8470906423105628e-02
1.7359375000000001e+00	4.7949519152334988e-02
1.7390625000000002e+00	4.7426562124151000e-02
1.7421875000000000e+00	4.6902049252034353e-02
1.7453125000000000e+00	4.6375994599265925e-02
1.7484375000000001e+00	4.5848412377988715e-02
1.7515625000000001e+00	4.5319316948241845e-02
1.7546875000000002e+00	4.4788722816967177e-02
1.7578125000000000e+00	4.4256644636988092e-02
1.7609375000000000e+00	4.3723097205961084e-02
1.7640625000000001e+00	4.3188095465300065e-02
1.7671875000000001e+00	4.2651654499073474e-02
1.7703125000000002e+00	4.2113789532874549e-02
1.7734375000000000e+00	4.1574515932664702e-02
1.7765625000000000e+00	4.1033849203590350e-02
1.7796875000000001e+00	4.0491804988773222e-02
1.7828125000000001e+00	3.9948399068074389e-02
1.7859375000000002e+00	3.9403647356832314e-02
1.7890625000000000e+00	3.8857565904574773e-02
1.7921875000000000e+00	3.8310170893705323e-02
1.7953125000000001e+00	3.7761478638164162e-02
1.7984375000000001e+00	3.7211505582063584e-02
1.8015625000000002e+00	3.6660268298298694e-02
1.8046875000000000e+00	3.6107783487132769e-02
1.8078125000000000e+00	3.5554067974758519e-02
1.8109375000000001e+00	3.4999138711834625e-02
1.8140625000000001e+00	3.4443012771998287e-02
1.8171875000000002e+00	3.3885707350353768e-02
1.8203125000000000e+00	3.3327239761937445e-02
1.8234375000000000e+00	3.2767627440159222e-02
1.8265625000000001e+00	3.2206887935221147e-02
1.8296875000000001e+00	3.1645038912512892e-02
1.8328125000000002e+00	3.1082098150984852e-02
1.8359375000000000e+00	3.0518083541498806e-02
1.8390625000000000e+00	2.9953013085156615e-02
1.8421875000000001e+00	2.9386904891607352e-02
1.8453125000000001e+00	2.8819777177332719e-02
1.8484375000000002e+00	2.8251648263911616e-02
1.8515625000000000e+00	2.7682536576263760e-02
1.8546875000000000e+00	2.7112460640872887e-02
1.8578125000000001e+00	2.6541439083989628e-02
1.8609375000000001e+00	2.5969490629814785e-02
1.8640625000000002e+00	2.5396634098662899e-02
1.8671875000000000e+00	2.4822888405106571e-02
1.8703125000000000e+00	2.4248272556102193e-02
1.8734375000000001e+00	2.3672805649096844e-02
1.8765625000000001e+00	2.3096506870117300e-02
1.8796875000000002e+00	2.2519395491841059e-02
1.8828125000000000e+00	2.1941490871649982e-02
1.8859375000000000e+00	2.1362812449666851e-02
1.8890625000000001e+00	2.0783379746775139e-02
1.8921875000000001e+00	2.0203212362622448e-02
1.8953125000000002e+00	1.9622329973608039e-02
1.8984375000000000e+00	1.9040752330854623e-02
1.9015625000000000e+00	1.8458499258164920e-02
1.9046875000000001e+00	1.7875590649963625e-02
1.9078125000000001e+00	1.7292046469224519e-02
1.9109375000000002e+00	1.6707886745383881e-02
1.9140625000000000e+00	1.6123131572239997e-02
1.9171875000000000e+00	1.5537801105839525e-02
1.9203125000000001e+00	1.4951915562350898e-02
1.9234375000000001e+00	1.4365495215925412e-02
1.9265625000000002e+00	1.3778560396546111e-02
1.9296875000000000e+00	1.3191131487865103e-02
1.9328125000000000e+00	1.2603228925029658e-02
1.9359375000000001e+00	1.2014873192497465e-02
1.9390625000000001e+00	1.1426084821841520e-02
1.9421875000000002e+00	1.0836884389545049e-02
1.9453125000000000e+00	1.0247292514786925e-02
1.9484375000000000e+00	9.6573298572178376e-03
1.9515625000000001e+00	9.0670171147280067e-03
1.9546875000000001e+00	8.4763750212063730e-03
1.9578125000000002e+00	7.8854243442922130e-03
1.9609375000000000e+00	7.2941858831192504e-03
1.9640625000000000e+00	6.7026804660528560e-03
1.9671875000000001e+00	6.1109289484206292e-03
1.9703125000000001e+00	5.5189522102370905e-03
1.9734375000000002e+00	4.9267711539226940e-03
1.9765625000000000e+00	4.3344067020175741e-03
1.9796875000000000e+00	3.7418797948906546e-03
1.9828125000000001e+00	3.1492113884444045e-03
1.9859375000000001e+00	2.5564224518157667e-03
1.9890625000000002e+00	1.9635339650737240e-03
1.9921875000000000e+00	1.3705669169138948e-03
1.9953125000000000e+00	7.7754230235062153e-04
1.9984375000000001e+00	1.8448112040698431e-04
2.0015624999999999e+00	-4.0859562819677394e-04
2.0046875000000002e+00	-1.0016585522919686e-03
2.0078125000000000e+00	-1.5946872608072731e-03
2.0109375000000003e+00	-2.1876607545248251e-03
2.0140625000000001e+00	-2.7805580382968776e-03
2.0171874999999999e+00	-3.3733581233556203e-03
2.0203125000000002e+00	-3.9660400296207604e-03
2.0234375000000000e+00	-4.5585827880047433e-03
2.0265625000000003e+00	-5.1509654427148704e-03
2.0296875000000001e+00	-5.7431670535520556e-03
2.0328124999999999e+00	-6.3351666982057160e-03
2.0359375000000002e+00	-6.9269434745442620e-03
2.0390625000000000e+00	-7.5184765029009575e-03
2.0421875000000003e+00	-8.1097449283544527e-03
2.0453125000000001e+00	-8.7007279230036771e-03
2.0484374999999999e+00	-9.2914046882366774e-03
2.0515625000000002e+00	-9.8817544569929604e-03
2.0546875000000000e+00	-1.0471756496018747e-02
2.0578125000000003e+00	-1.1061390108114888e-02
2.0609375000000001e+00	-1.1650634634376961e-02
2.0640624999999999e+00	-1.2239469456426948e-02
2.0671875000000002e+00	-1.2827873998636420e-02
2.0703125000000000e+00	-1.3415827730340371e-02
2.0734375000000003e+00	-1.4003310168041598e-02
2.0765625000000001e+00	-1.4590300877605055e-02
2.0796874999999999e+00	-1.5176779476441775e-02
2.0828125000000002e+00	-1.5762725635682016e-02
2.0859375000000000e+00	-1.6348119082337097e-02
2.0890625000000003e+00	-1.6932939601449544e-02
2.0921875000000001e+00	-1.7517167038231238e-02
2.0953124999999999e+00	-1.8100781300189012e-02
2.0984375000000002e+00	-1.8683762359237421e-02
2.1015625000000000e+00	-1.9266090253798031e-02
2.1046875000000003e+00	-1.9847745090885337e-02
2.1078125000000001e+00	-2.0428707048178181e-02
2.1109374999999999e+00	-2.1008956376077199e-02
2.1140625000000002e+00	-2.1588473399746837e-02
2.1171875000000000e+00	-2.2167238521142590e-02
2.1203125000000003e+00	-2.2745232221022208e-02
2.1234375000000001e+00	-2.3322435060941258e-02
2.1265624999999999e+00	-2.3898827685231994e-02
2.1296875000000002e+00	-2.4474390822965729e-02
2.1328125000000000e+00	-2.5049105289897754e-02
2.1359375000000003e+00	-2.5622951990395253e-02
2.1390625000000001e+00	-2.6195911919346865e-02
2.1421874999999999e+00	-2.6767966164054424e-02
2.1453125000000002e+00	-2.7339095906106028e-02
2.1484375000000000e+00	-2.7909282423230215e-02
2.1515625000000003e+00	-2.8478507091131040e-02
2.1546875000000001e+00	-2.9046751385303365e-02
2.1578124999999999e+00	-2.9613996882828550e-02
2.1609375000000002e+00	-3.0180225264149773e-02
2.1640625000000000e+00	-3.0745418314826901e-02
2.1671875000000003e+00	-3.1309557927270387e-02
2.1703125000000001e+00	-3.1872626102454345e-02
2.1734374999999999e+00	-3.2434604951607833e-02
2.1765625000000002e+00	-3.2995476697884621e-02
2.1796875000000000e+00	-3.3555223678010788e-02
2.1828125000000003e+00	-3.4113828343910149e-02
2.1859375000000001e+00	-3.4671273264306975e-02
2.1890624999999999e+00	-3.5227541126305745e-02
2.1921875000000002e+00	-3.5782614736948132e-02
2.1953125000000000e+00	-3.6336477024746051e-02
2.1984375000000003e+00	-3.6889111041191545e-02
2.2015625000000001e+00	-3.7440499962242330e-02
2.2046874999999999e+00	-3.7990627089783548e-02
2.2078125000000002e+00	-3.8539475853064727e-02
2.2109375000000000e+00	-3.9087029810112563e-02
2.2140625000000003e+00	-3.9633272649118305e-02
2.2171875000000001e+00	-4.0178188189800575e-02
2.2203124999999999e+00	-4.0721760384742435e-02
2.2234375000000002e+00	-4.1263973320703300e-02
2.2265625000000000e+00	-4.1804811219904744e-02
2.2296875000000003e+00	-4.2344258441290819e-02
2.2328125000000001e+00	-4.2882299481761928e-02
2.2359374999999999e+00	-4.3418918977382572e-02
2.2390625000000002e+00	-4.3954101704562508e-02
2.2421875000000000e+00	-4.4487832581211438e-02
2.2453125000000003e+00	-4.5020096667866653e-02
2.2484375000000001e+00	-4.5550879168793891e-02
2.2515624999999999e+00	-4.6080165433061024e-02
2.2546875000000002e+00	-4.6607940955584425e-02
2.2578125000000000e+00	-4.7134191378147915e-02
2.2609375000000003e+00	-4.7658902490394346e-02
2.2640625000000001e+00	-4.8182060230789199e-02
2.2671874999999999e+00	-4.8703650687556763e-02
2.2703125000000002e+00	-4.9223660099588062e-02
2.2734375000000000e+00	-4.9742074857321010e-02
2.2765625000000003e+00	-5.0258881503592354e-02
2.2796875000000001e+00	-5.0774066734461450e-02
2.2828124999999999e+00	-5.1287617400005744e-02
2.2859375000000002e+00	-5.1799520505087848e-02
2.2890625000000000e+00	-5.2309763210094222e-02
2.2921875000000003e+00	-5.2818332831645345e-02
2.2953125000000001e+00	-5.3325216843277241e-02
2.2984374999999999e+00	-5.3830402876094523e-02
2.3015625000000002e+00	-5.4333878719394588e-02
2.3046875000000000e+00	-5.4835632321263247e-02
2.3078125000000003e+00	-5.5335651789141661e-02
2.3109375000000001e+00	-5.5833925390364185e-02
2.3140624999999999e+00	-5.6330441552667858e-02
2.3171875000000002e+00	-5.6825188864672846e-02
2.3203125000000000e+00	-5.7318156076333997e-02
2.3234375000000003e+00	-5.7809332099363821e-02
2.3265625000000001e+00	-5.8298706007626537e-02
2.3296874999999999e+00	-5.8786267037503261e-02
2.3328125000000002e+00	-5.9272004588228649e-02
2.3359375000000000e+00	-5.9755908222198499e-02
2.3390625000000003e+00	-6.0237967665248915e-02
2.3421875000000001e+00	-6.0718172806906660e-02
2.3453124999999999e+00	-6.1196513700610813e-02
2.3484375000000002e+00	-6.1672980563906091e-02
2.3515625000000000e+00	-6.2147563778607411e-02
2.3546875000000003e+00	-6.2620253890936117e-02
2.3578125000000001e+00	-6.3091041611627846e-02
2.3609374999999999e+00	-6.3559917816011988e-02
2.3640625000000002e+00	-6.4026873544063015e-02
2.3671875000000000e+00	-6.4491900000423735e-02
2.3703125000000003e+00	-6.4954988554400322e-02
2.3734375000000001e+00	-6.5416130739929607e-02
2.3765624999999999e+00	-6.5875318255518400e-02
2.3796875000000002e+00	-6.6332542964155278e-02
2.3828125000000000e+00	-6.6787796893194556e-02
2.3859375000000003e+00	-6.7241072234212940e-02
2.3890625000000001e+00	-6.7692361342838889e-02
2.3921874999999999e+00	-6.8141656738554615e-02
2.3953125000000002e+00	-6.8588951104471205e-02
2.3984375000000000e+00	-6.9034237287076791e-02
2.4015625000000003e+00	-6.9477508295957835e-02
2.4046875000000001e+00	-6.9918757303494034e-02
2.4078125000000004e+00	-7.0357977644526684e-02
2.4109375000000002e+00	-7.0795162816000873e-02
2.4140625000000000e+00	-7.1230306476581434e-02
2.4171875000000003e+00	-7.1663402446243266e-02
2.4203125000000001e+00	-7.2094444705835717e-02
2.4234375000000004e+00	-7.2523427396621501e-02
2.4265625000000002e+00	-7.2950344819790569e-02
2.4296875000000000e+00	-7.3375191435948339e-02
2.4328125000000003e+00	-7.3797961864579639e-02
2.4359375000000001e+00	-7.4218650883487433e-02
2.4390625000000004e+00	-7.4637253428207428e-02
2.4421875000000002e+00	-7.5053764591398245e-02
2.4453125000000000e+00	-7.5468179622207615e-02
2.4484375000000003e+00	-7.5880493925614884e-02
2.4515625000000001e+00	-7.6290703061749746e-02
2.4546875000000004e+00	-7.6698802745187866e-02
2.4578125000000002e+00	-7.7104788844223379e-02
2.4609375000000000e+00	-7.7508657380118501e-02
2.4640625000000003e+00	-7.7910404526330718e-02
2.4671875000000001e+00	-7.8310026607717353e-02
2.4703125000000004e+00	-7.8707520099718528e-02
2.4734375000000002e+00	-7.9102881627518204e-02
2.4765625000000000e+00	-7.9496107965183346e-02
2.4796875000000003e+00	-7.9887196034782310e-02
2.4828125000000001e+00	-8.0276142905482309e-02
2.4859375000000004e+00	-8.0662945792625715e-02
2.4890625000000002e+00	-8.1047602056786364e-02
2.4921875000000000e+00	-8.1430109202805731e-02
2.4953125000000003e+00	-8.1810464878809122e-02
2.4984375000000001e+00	-8.2188666875202571e-02
2.5015625000000004e+00	-8.2564713123650421e-02
2.5046875000000002e+00	-8.2938601696033787e-02
2.5078125000000000e+00	-8.3310330803390939e-02
2.5109375000000003e+00	-8.3679898794838781e-02
2.5140625000000001e+00	-8.4047304156476710e-02
2.5171875000000004e+00	-8.4412545510272843e-02
2.5203125000000002e+00	-8.4775621612932575e-02
2.5234375000000000e+00	-8.5136531354750300e-02
2.5265625000000003e+00	-8.5495273758444498e-02
2.5296875000000001e+00	-8.5851847977976251e-02
2.5328125000000004e+00	-8.6206253297351834e-02
2.5359375000000002e+00	-8.6558489129409430e-02
2.5390625000000000e+00	-8.6908555014590563e-02
2.5421875000000003e+00	-8.7256450619696363e-02
2.5453125000000001e+00	-8.7602175736629234e-02
2.5484375000000004e+00	-8.7945730281119947e-02
2.5515625000000002e+00	-8.8287114291440760e-02
2.5546875000000000e+00	-8.8626327927104870e-02
2.5578125000000003e+00	-8.8963371467552468e-02
2.5609375000000001e+00	-8.9298245310823532e-02
2.5640625000000004e+00	-8.9630949972218391e-02
2.5671875000000002e+00	-8.9961486082945533e-02
2.5703125000000000e+00	-9.0289854388757529e-02
2.5734375000000003e+00	-9.0616055748575494e-02
2.5765625000000001e+00	-9.0940091133102044e-02
2.5796875000000004e+00	-9.1261961623423399e-02
2.5828125000000002e+00	-9.1581668409601025e-02
2.5859375000000000e+00	-9.1899212789252643e-02
2.5890625000000003e+00	-9.2214596166123819e-02
2.5921875000000001e+00	-9.2527820048649845e-02
2.5953125000000004e+00	-9.2838886048508373e-02
2.5984375000000002e+00	-9.3147795879163345e-02
2.6015625000000000e+00	-9.3454551354400395e-02
2.6046875000000003e+00	-9.3759154386854296e-02
2.6078125000000001e+00	-9.4061606986528379e-02
2.6109375000000004e+00	-9.4361911259306916e-02
2.6140625000000002e+00	-9.4660069405460290e-02
2.6171875000000000e+00	-9.4956083718143444e-02
2.6203125000000003e+00	-9.5249956581888076e-02
2.6234375000000001e+00	-9.5541690471089069e-02
2.6265625000000004e+00	-9.5831287948484861e-02
2.6296875000000002e+00	-9.6118751663633151e-02
2.6328125000000000e+00	-9.6404084351381342e-02
2.6359375000000003e+00	-9.6687288830332521e-02
2.6390625000000001e+00	-9.6968368001307231e-02
2.6421875000000004e+00	-9.7247324845801675e-02
2.6453125000000002e+00	-9.7524162424442049e-02
2.6484375000000000e+00	-9.7798883875436213e-02
2.6515625000000003e+00	-9.8071492413022154e-02
2.6546875000000001e+00	-9.8341991325914466e-02
2.6578125000000004e+00	-9.8610383975748422e-02
2.6609375000000002e+00	-9.8876673795522549e-02
2.6640625000000000e+00	-9.9140864288039796e-02
2.6671875000000003e+00	-9.9402959024347634e-02
2.6703125000000001e+00	-9.9662961642177528e-02
2.6734375000000004e+00	-9.9920875844384166e-02
2.6765625000000002e+00	-1.0017670539738441e-01
2.6796875000000000e+00	-1.0043045412959722e-01
2.6828125000000003e+00	-1.0068212592988333e-01
2.6859375000000001e+00	-1.0093172474598698e-01
2.6890625000000004e+00	-1.0117925458297833e-01
2.6921875000000002e+00	-1.0142471950169774e-01
2.6953125000000000e+00	-1.0166812361720241e-01
2.6984375000000003e+00	-1.0190947109721474e-01
2.7015625000000001e+00	-1.0214876616057410e-01
2.7046875000000004e+00	-1.0238601307569115e-01
2.7078125000000002e+00	-1.0262121615900560e-01
2.7109375000000000e+00	-1.0285437977344782e-01
2.7140625000000003e+00	-1.0308550832690409e-01
2.7171875000000001e+00	-1.0331460627068670e-01
2.7203125000000004e+00	-1.0354167809800796e-01
2.7234375000000002e+00	-1.0376672834245984e-01
2.7265625000000000e+00	-1.0398976157649832e-01
2.7296875000000003e+00	-1.0421078240993357e-01
2.7328125000000001e+00	-1.0442979548842599e-01
2.7359375000000004e+00	-1.0464680549198815e-01
2.7390625000000002e+00	-1.0486181713349355e-01
2.7421875000000000e+00	-1.0507483515719182e-01
2.7453125000000003e+00	-1.0528586433723122e-01
2.7484375000000001e+00	-1.0549490947618821e-01
2.7515625000000004e+00	-1.0570197540360489e-01
2.7546875000000002e+00	-1.0590706697453420e-01
2.7578125000000000e+00	-1.0611018906809332e-01
2.7609375000000003e+00	-1.0631134658602567e-01
2.7640625000000001e+00	-1.0651054445127152e-01
2.7671875000000004e+00	-1.0670778760654756e-01
2.7703125000000002e+00	-1.0690308101293602e-01
2.7734375000000000e+00	-1.0709642964848309e-01
2.7765625000000003e+00	-1.0728783850680736e-01
2.7796875000000001e+00	-1.0747731259571797e-01
2.7828125000000004e+00	-1.0766485693584368e-01
2.7859375000000002e+00	-1.0785047655927198e-01
2.7890625000000000e+00	-1.0803417650819933e-01
2.7921875000000003e+00	-1.0821596183359246e-01
2.7953125000000001e+00	-1.0839583759386077e-01
2.7984375000000004e+00	-1.0857380885354070e-01
2.8015625000000002e+00	-1.0874988068199153e-01
2.8046875000000000e+00	-1.0892405815210328e-01
2.8078125000000003e+00	-1.0909634633901714e-01
2.8109375000000001e+00	-1.0926675031885809e-01
2.8140625000000004e+00	-1.0943527516748022e-01
2.8171875000000002e+00	-1.0960192595922522e-01
2.8203125000000000e+00	-1.0976670776569375e-01
2.8234375000000003e+00	-1.0992962565453038e-01
2.8265625000000001e+00	-1.1009068468822188e-01
2.8296875000000004e+00	-1.1024988992290935e-01
2.8328125000000002e+00	-1.1040724640721435e-01
2.8359375000000000e+00	-1.1056275918107918e-01
2.8390625000000003e+00	-1.1071643327462126e-01
2.8421875000000001e+00	-1.1086827370700254e-01
2.8453125000000004e+00	-1.1101828548531299e-01
2.8484375000000002e+00	-1.1116647360346947e-01
2.8515625000000000e+00	-1.1131284304112947e-01
2.8546875000000003e+00	-1.1145739876262004e-01
2.8578125000000001e+00	-1.1160014571588227e-01
2.8609375000000004e+00	-1.1174108883143116e-01
2.8640625000000002e+00	-1.1188023302133132e-01
2.8671875000000000e+00	-1.1201758317818857e-01
2.8703125000000003e+00	-1.1215314417415745e-01
2.8734375000000001e+00	-1.1228692085996506e-01
2.8765625000000004e+00	-1.1241891806395107e-01
2.8796875000000002e+00	-1.1254914059112431e-01
2.8828125000000000e+00	-1.1267759322223589e-01
2.8859375000000003e+00	-1.1280428071286906e-01
2.8890625000000001e+00	-1.1292920779254589e-01
2.8921875000000004e+00	-1.1305237916385097e-01
2.8953125000000002e+00	-1.1317379950157219e-01
2.8984375000000000e+00	-1.1329347345185881e-01
2.9015625000000003e+00	-1.1341140563139653e-01
2.9046875000000001e+00	-1.1352760062660044e-01
2.9078125000000004e+00	-1.1364206299282524e-01
2.9109375000000002e+00	-1.1375479725359300e-01
2.9140625000000000e+00	-1.1386580789983887e-01
2.9171875000000003e+00	-1.1397509938917445e-01
2.9203125000000001e+00	-1.1408267614516912e-01
2.9234375000000004e+00	-1.1418854255664922e-01
2.9265625000000002e+00	-1.1429270297701555e-01
2.9296875000000000e+00	-1.1439516172357875e-01
2.9328125000000003e+00	-1.1449592307691293e-01
2.9359375000000001e+00	-1.1459499128022764e-01
2.9390625000000004e+00	-1.1469237053875815e-01
2.9421875000000002e+00	-1.1478806501917413e-01
2.9453125000000000e+00	-1.1488207884900656e-01
2.9484375000000003e+00	-1.1497441611609352e-01
2.9515625000000001e+00	-1.1506508086804411e-01
2.9546875000000004e+00	-1.1515407711172126e-01
2.9578125000000002e+00	-1.1524140881274299e-01
2.9609375000000000e+00	-1.1532707989500221e-01
2.9640625000000003e+00	-1.1541109424020556e-01
2.9671875000000001e+00	-1.1549345568743050e-01
2.9703125000000004e+00	-1.1557416803270151e-01
2.9734375000000002e+00	-1.1565323502858485e-01
2.9765625000000000e+00	-1.1573066038380192e-01
2.9796875000000003e+00	-1.1580644776286177e-01
2.9828125000000001e+00	-1.1588060078571204e-01
2.9859375000000004e+00	-1.1595312302740883e-01
2.9890625000000002e+00	-1.1602401801780532e-01
2.9921875000000000e+00	-1.1609328924125910e-01
2.9953125000000003e+00	-1.1616094013635835e-01
2.9984375000000001e+00	-1.1622697409566674e-01
3.0015625000000004e+00	-1.1629139446548682e-01
3.0046875000000002e+00	-1.1635419280427033e-01
3.0078125000000000e+00	-1.1641538438136131e-01
3.0109375000000003e+00	-1.1647497239702875e-01
3.0140625000000001e+00	-1.1653296000464337e-01
3.0171875000000004e+00	-1.1658935031053218e-01
3.0203125000000002e+00	-1.1664414637385173e-01
3.0234375000000000e+00	-1.1669735120647992e-01
3.0265625000000003e+00	-1.1674896777292616e-01
3.0296875000000001e+00	-1.1679899899026012e-01
3.0328125000000004e+00	-1.1684744772805870e-01
3.0359375000000002e+00	-1.1689431680837148e-01
3.0390625000000000e+00	-1.1693960900570440e-01
3.0421875000000003e+00	-1.1698332704702161e-01
3.0453125000000001e+00	-1.1702547361176537e-01
3.0484375000000004e+00	-1.1706605133189420e-01
3.0515625000000002e+00	-1.1710506279193890e-01
3.0546875000000000e+00	-1.1714251052907647e-01
3.0578125000000003e+00	-1.1717839703322191e-01
3.0609375000000001e+00	-1.1721272474713765e-01
3.0640625000000004e+00	-1.1724549606656084e-01
3.0671875000000002e+00	-1.1727671334034800e-01
3.0703125000000000e+00	-1.1730637887063712e-01
3.0734375000000003e+00	-1.1733449491302740e-01
3.0765625000000001e+00	-1.1736106367677596e-01
3.0796875000000004e+00	-1.1738608732501178e-01
3.0828125000000002e+00	-1.1740956797496685e-01
3.0859375000000000e+00	-1.1743150769822400e-01
3.0890625000000003e+00	-1.1745190852098183e-01
3.0921875000000001e+00	-1.1747077242433615e-01
3.0953125000000004e+00	-1.1748810134457807e-01
3.0984375000000002e+00	-1.1750389717350862e-01
3.1015625000000000e+00	-1.1751816175876958e-01
3.1046875000000003e+00	-1.1753089690419069e-01
3.1078125000000001e+00	-1.1754210437015272e-01
3.1109375000000004e+00	-1.1755178587396681e-01
3.1140625000000002e+00	-1.1755994309026917e-01
3.1171875000000000e+00	-1.1756657765143189e-01
3.1203125000000003e+00	-1.1757169114798896e-01
3.1234375000000001e+00	-1.1757528512907786e-01
3.1265625000000004e+00	-1.1757736110289628e-01
3.1296875000000002e+00	-1.1757792053717384e-01
3.1328125000000000e+00	-1.1757696485965896e-01
3.1359375000000003e+00	-1.1757449545862035e-01
3.1390625000000001e+00	-1.1757051368336298e-01
3.1421875000000004e+00	-1.1756502084475880e-01
3.1453125000000002e+00	-1.1755801821579144e-01
3.1484375000000000e+00	-1.1754950703211529e-01
3.1515625000000003e+00	-1.1753948849262828e-01
3.1546875000000001e+00	-1.1752796376005853e-01
3.1578125000000004e+00	-1.1751493396156465e-01
3.1609375000000002e+00	-1.1750040018934946e-01
3.1640625000000000e+00	-1.1748436350128678e-01
3.1671875000000003e+00	-1.1746682492156152e-01
3.1703125000000001e+00	-1.1744778544132251e-01
3.1734375000000004e+00	-1.1742724601934801e-01
3.1765625000000002e+00	-1.1740520758272373e-01
3.1796875000000000e+00	-1.1738167102753337e-01
3.1828125000000003e+00	-1.1735663721956090e-01
3.1859375000000001e+00	-1.1733010699500508e-01
3.1890625000000004e+00	-1.1730208116120557e-01
3.1921875000000002e+00	-1.1727256049738068e-01
3.1953125000000000e+00	-1.1724154575537628e-01
3.1984375000000003e+00	-1.1720903766042605e-01
3.2015625000000001e+00	-1.1717503691192256e-01
3.2046875000000004e+00	-1.1713954418419899e-01
3.2078125000000002e+00	-1.1710256012732148e-01
3.2109375000000000e+00	-1.1706408536789183e-01
3.2140625000000003e+00	-1.1702412050986014e-01
3.2171875000000001e+00	-1.1698266613534748e-01
3.2203125000000004e+00	-1.1693972280547810e-01
3.2234375000000002e+00	-1.1689529106122128e-01
3.2265625000000000e+00	-1.1684937142424218e-01
3.2296875000000003e+00	-1.1680196439776187e-01
3.2328125000000001e+00	-1.1675307046742622e-01
3.2359375000000004e+00	-1.1670269010218308e-01
3.2390625000000002e+00	-1.1665082375516818e-01
3.2421875000000000e+00	-1.1659747186459891e-01
3.2453125000000003e+00	-1.1654263485467607e-01
3.2484375000000001e+00	-1.1648631313649330e-01
3.2515625000000004e+00	-1.1642850710895399e-01
3.2546875000000002e+00	-1.1636921715969535e-01
3.2578125000000000e+00	-1.1630844366601957e-01
3.2609375000000003e+00	-1.1624618699583163e-01
3.2640625000000001e+00	-1.1618244750858361e-01
3.2671875000000004e+00	-1.1611722555622545e-01
3.2703125000000002e+00	-1.1605052148416163e-01
3.2734375000000000e+00	-1.1598233563221376e-01
3.2765625000000003e+00	-1.1591266833558861e-01
3.2796875000000001e+00	-1.1584151992585169e-01
3.2828125000000004e+00	-1.1576889073190577e-01
3.2859375000000002e+00	-1.1569478108097438e-01
3.2890625000000000e+00	-1.1561919129958978e-01
3.2921875000000003e+00	-1.1554212171458558e-01
3.2953125000000001e+00	-1.1546357265409328e-01
3.2984375000000004e+00	-1.1538354444854278e-01
3.3015625000000002e+00	-1.1530203743166657e-01
3.3046875000000000e+00	-1.1521905194150739e-01
3.3078125000000003e+00	-1.1513458832142896e-01
3.3109375000000001e+00	-1.1504864692112976e-01
3.3140625000000004e+00	-1.1496122809765931e-01
3.3171875000000002e+00	-1.1487233221643721e-01
3.3203125000000000e+00	-1.1478195965227400e-01
3.3234375000000003e+00	-1.1469011079039432e-01
3.3265625000000001e+00	-1.1459678602746157e-01
3.3296875000000004e+00	-1.1450198577260402e-01
3.3328125000000002e+00	-1.1440571044844237e-01
3.3359375000000000e+00	-1.1430796049211793e-01
3.3390625000000003e+00	-1.1420873635632192e-01
3.3421875000000001e+00	-1.1410803851032485e-01
3.3453125000000004e+00	-1.1400586744100646e-01
3.3484375000000002e+00	-1.1390222365388553e-01
3.3515625000000000e+00	-1.1379710767414933e-01
3.3546875000000003e+00	-1.1369052004768271e-01
3.3578125000000001e+00	-1.1358246134209653e-01
3.3609375000000004e+00	-1.1347293214775465e-01
3.3640625000000002e+00	-1.1336193307880038e-01
3.3671875000000000e+00	-1.1324946477418074e-01
3.3703125000000003e+00	-1.1313552789866957e-01
3.3734375000000001e+00	-1.1302012314388826e-01
3.3765625000000004e+00	-1.1290325122932451e-01
3.3796875000000002e+00	-1.1278491290334855e-01
3.3828125000000000e+00	-1.1266510894422667e-01
3.3859375000000003e+00	-1.1254384016113179e-01
3.3890625000000001e+00	-1.1242110739515095e-01
3.3921875000000004e+00	-1.1229691152028926e-01
3.3953125000000002e+00	-1.1217125344447022e-01
3.3984375000000000e+00	-1.1204413411053230e-01
3.4015625000000003e+00	-1.1191555449722104e-01
3.4046875000000001e+00	-1.1178551562017724e-01
3.4078125000000004e+00	-1.1165401853292017e-01
3.4109375000000002e+00	-1.1152106432782607e-01
3.4140625000000000e+00	-1.1138665413710165e-01
3.4171875000000003e+00	-1.1125078913375216e-01
3.4203125000000001e+00	-1.1111347053254404e-01
3.4234375000000004e+00	-1.1097469959096166e-01
3.4265625000000002e+00	-1.1083447761015823e-01
3.4296875000000000e+00	-1.1069280593590032e-01
3.4328125000000003e+00	-1.1054968595950608e-01
3.4359375000000001e+00	-1.1040511911877668e-01
3.4390625000000004e+00	-1.1025910689892088e-01
3.4421875000000002e+00	-1.1011165083347248e-01
3.4453125000000000e+00	-1.0996275250520042e-01
3.4484375000000003e+00	-1.0981241354701132e-01
3.4515625000000001e+00	-1.0966063564284428e-01
3.4546875000000004e+00	-1.0950742052855750e-01
3.4578125000000002e+00	-1.0935276999280696e-01
3.4609375000000000e+00	-1.0919668587791656e-01
3.4640625000000003e+00	-1.0903917008073946e-01
3.4671875000000001e+00	-1.0888022455351078e-01
3.4703125000000004e+00	-1.0871985130469120e-01
3.4734375000000002e+00	-1.0855805239980125e-01
3.4765625000000000e+00	-1.0839482996224618e-01
3.4796875000000003e+00	-1.0823018617413109e-01
3.4828125000000001e+00	-1.0806412327706626e-01
3.4859375000000004e+00	-1.0789664357296243e-01
3.4890625000000002e+00	-1.0772774942481574e-01
3.4921875000000000e+00	-1.0755744325748225e-01
3.4953125000000003e+00	-1.0738572755844186e-01
3.4984375000000001e+00	-1.0721260487855130e-01
3.5015625000000004e+00	-1.0703807783278618e-01
3.5046875000000002e+00	-1.0686214910097176e-01
3.5078125000000000e+00	-1.0668482142850233e-01
3.5109375000000003e+00	-1.0650609762704914e-01
3.5140625000000001e+00	-1.0632598057525637e-01
3.5171875000000004e+00	-1.0614447321942533e-01
3.5203125000000002e+00	-1.0596157857418652e-01
3.5234375000000000e+00	-1.0577729972315932e-01
3.5265625000000003e+00	-1.0559163981959940e-01
3.5296875000000001e+00	-1.0540460208703345e-01
3.5328125000000004e+00	-1.0521618981988110e-01
3.5359375000000002e+00	-1.0502640638406388e-01
3.5390625000000000e+00	-1.0483525521760131e-01
3.5421875000000003e+00	-1.0464273983119339e-01
3.5453125000000001e+00	-1.0444886380879007e-01
3.5484375000000004e+00	-1.0425363080814687e-01
3.5515625000000002e+00	-1.0405704456136698e-01
3.5546875000000000e+00	-1.0385910887542946e-01
3.5578125000000003e+00	-1.0365982763270352e-01
3.5609375000000001e+00	-1.0345920479144856e-01
3.5640625000000004e+00	-1.0325724438630007e-01
3.5671875000000002e+00	-1.0305395052874114e-01
3.5703125000000000e+00	-1.0284932740755938e-01
3.5734375000000003e+00	-1.0264337928928928e-01
3.5765625000000001e+00	-1.0243611051863977e-01
3.5796875000000004e+00	-1.0222752551890686e-01
3.5828125000000002e+00	-1.0201762879237145e-01
3.5859375000000000e+00	-1.0180642492068172e-01
3.5890625000000003e+00	-1.0159391856522061e-01
3.5921875000000001e+00	-1.0138011446745782e-01
3.5953125000000004e+00	-1.0116501744928633e-01
3.5984375000000002e+00	-1.0094863241334344e-01
3.6015625000000000e+00	-1.0073096434331627e-01
3.6046875000000003e+00	-1.0051201830423138e-01
3.6078125000000001e+00	-1.0029179944272862e-01
3.6109375000000004e+00	-1.0007031298731908e-01
3.6140625000000002e+00	-9.9847564248627146e-02
3.6171875000000000e+00	-9.9623558619616262e-02
3.6203125000000003e+00	-9.9398301575798764e-02
3.6234375000000001e+00	-9.9171798675429412e-02
3.6265625000000004e+00	-9.8944055559682553e-02
3.6296875000000002e+00	-9.8715077952813049e-02
3.6328125000000000e+00	-9.8484871662300716e-02
3.6359375000000003e+00	-9.8253442578978264e-02
3.6390625000000001e+00	-9.8020796677142780e-02
3.6421875000000004e+00	-9.7786940014650575e-02
3.6453125000000002e+00	-9.7551878732995215e-02
3.6484375000000000e+00	-9.7315619057369268e-02
3.6515625000000003e+00	-9.7078167296708956e-02
3.6546875000000001e+00	-9.6839529843722183e-02
3.6578125000000004e+00	-9.6599713174899793e-02
3.6609375000000002e+00	-9.6358723850509906e-02
3.6640625000000000e+00	-9.6116568514575507e-02
3.6671875000000003e+00	-9.5873253894835003e-02
3.6703125000000001e+00	-9.5628786802686105e-02
3.6734375000000004e+00	-9.5383174133112522e-02
3.6765625000000002e+00	-9.5136422864593922e-02
3.6796875000000000e+00	-9.4888540058998855e-02
3.6828125000000003e+00	-9.4639532861460804e-02
3.6859375000000001e+00	-9.4389408500237207e-02
3.6890625000000004e+00	-9.4138174286551635e-02
3.6921875000000002e+00	-9.3885837614418904e-02
3.6953125000000000e+00	-9.3632405960453385e-02
3.6984375000000003e+00	-9.3377886883660319e-02
3.7015625000000001e+00	-9.3122288025210290e-02
3.7046875000000004e+00	-9.2865617108196727e-02
3.7078125000000002e+00	-9.2607881937376721e-02
3.7109375000000000e+00	-9.2349090398894843e-02
3.7140625000000003e+00	-9.2089250459990224e-02
3.7171875000000001e+00	-9.1828370168687015e-02
3.7203125000000004e+00	-9.1566457653467923e-02
3.7234375000000002e+00	-9.1303521122931219e-02
3.7265625000000000e+00	-9.1039568865431006e-02
3.7296875000000003e+00	-9.0774609248701107e-02
3.7328125000000001e+00	-9.0508650719462153e-02
3.7359375000000004e+00	-9.0241701803012525e-02
3.7390625000000002e+00	-8.9973771102802608e-02
3.7421875000000000e+00	-8.9704867299992927e-02
3.7453125000000003e+00	-8.9434999152995853e-02
3.7484375000000001e+00	-8.9164175497001244e-02
3.7515625000000004e+00	-8.8892405243485906e-02
3.7546875000000002e+00	-8.8619697379707041e-02
3.7578125000000000e+00	-8.8346060968179721e-02
3.7609375000000003e+00	-8.8071505146138498e-02
3.7640625000000001e+00	-8.7796039124983308e-02
3.7671875000000004e+00	-8.7519672189709546e-02
3.7703125000000002e+00	-8.7242413698322765e-02
3.7734375000000000e+00	-8.6964273081237664e-02
3.7765625000000003e+00	-8.6685259840661888e-02
3.7796875000000001e+00	-8.6405383549964437e-02
3.7828125000000004e+00	-8.6124653853029087e-02
3.7859375000000002e+00	-8.5843080463592486e-02
3.7890625000000000e+00	-8.5560673164567586e-02
3.7921875000000003e+00	-8.5277441807352194e-02
3.7953125000000001e+00	-8.4993396311122807e-02
3.7984375000000004e+00	-8.4708546662113901e-02
3.8015625000000002e+00	-8.4422902912882930e-02
3.8046875000000000e+00	-8.4136475181560824e-02
3.8078125000000003e+00	-8.3849273651088546e-02
3.8109375000000001e+00	-8.3561308568439560e-02
3.8140625000000004e+00	-8.3272590243828451e-02
3.8171875000000002e+00	-8.2983129049905777e-02
3.8203125000000000e+00	-8.2692935420939584e-02
3.8234375000000003e+00	-8.2402019851983158e-02
3.8265625000000001e+00	-8.2110392898029919e-02
3.8296875000000004e+00	-8.1818065173154930e-02
3.8328125000000002e+00	-8.1525047349643637e-02
3.8359375000000000e+00	-8.1231350157107765e-02
3.8390625000000003e+00	-8.0936984381588778e-02
3.8421875000000001e+00	-8.0641960864648643e-02
3.8453125000000004e+00	-8.0346290502448708e-02
3.8484375000000002e+00	-8.0049984244816227e-02
3.8515625000000000e+00	-7.9753053094299045e-02
3.8546875000000003e+00	-7.9455508105208808e-02
3.8578125000000001e+00	-7.9157360382652267e-02
3.8609375000000004e+00	-7.8858621081551672e-02
3.8640625000000002e+00	-7.8559301405653675e-02
3.8671875000000000e+00	-7.8259412606527412e-02
3.8703125000000003e+00	-7.7958965982551989e-02
3.8734375000000001e+00	-7.7657972877893167e-02
3.8765625000000004e+00	-7.7356444681469794e-02
3.8796875000000002e+00	-7.7054392825910131e-02
3.8828125000000000e+00	-7.6751828786498152e-02
3.8859375000000003e+00	-7.6448764080110171e-02
3.8890625000000001e+00	-7.6145210264141810e-02
3.8921875000000004e+00	-7.5841178935425857e-02
3.8953125000000002e+00	-7.5536681729140812e-02
3.8984375000000000e+00	-7.5231730317710660e-02
3.9015625000000003e+00	-7.4926336409695884e-02
3.9046875000000001e+00	-7.4620511748676080e-02
3.9078125000000004e+00	-7.4314268112124368e-02
3.9109375000000002e+00	-7.4007617310273652e-02
3.9140625000000000e+00	-7.3700571184975236e-02
3.9171875000000003e+00	-7.3393141608549803e-02
3.9203125000000001e+00	-7.3085340482631045e-02
3.9234375000000004e+00	-7.2777179737002248e-02
3.9265625000000002e+00	-7.2468671328425910e-02
3.9296875000000000e+00	-7.2159827239466845e-02
3.9328125000000003e+00	-7.1850659477308690e-02
3.9359375000000001e+00	-7.1541180072564464e-02
3.9390625000000004e+00	-7.1231401078080930e-02
3.9421875000000002e+00	-7.0921334567737498e-02
3.9453125000000000e+00	-7.0610992635239539e-02
3.9484375000000003e+00	-7.0300387392906408e-02
3.9515625000000001e+00	-6.9989530970454655e-02
3.9546875000000004e+00	-6.9678435513776407e-02
3.9578125000000002e+00	-6.9367113183713136e-02
3.9609375000000000e+00	-6.9055576154825438e-02
3.9640625000000003e+00	-6.8743836614158504e-02
3.9671875000000001e+00	-6.8431906760004060e-02
3.9703125000000004e+00	-6.8119798800658674e-02
3.9734375000000002e+00	-6.7807524953178766e-02
3.9765625000000000e+00	-6.7495097442132654e-02
3.9796875000000003e+00	-6.7182528498349839e-02
3.9828125000000001e+00	-6.6869830357667637e-02
3.9859375000000004e+00	-6.6557015259675653e-02
3.9890625000000002e+00	-6.6244095446458179e-02
3.9921875000000000e+00	-6.5931083161334808e-02
3.9953125000000003e+00	-6.5617990647599433e-02
3.9984375000000001e+00	-6.5304830147258131e-02
