1.5625000000000001e-03	2.3554954630933153e-01
4.6875000000000007e-03	2.3687825198376039e-01
7.8125000000000000e-03	2.3821029565508378e-01
1.0937500000000001e-02	2.3954566819945863e-01
1.4062500000000000e-02	2.4088436059534032e-01
1.7187500000000001e-02	2.4222636392554495e-01
2.0312500000000001e-02	2.4357166937926991e-01
2.3437500000000000e-02	2.4492026825407195e-01
2.6562500000000003e-02	2.4627215195780197e-01
2.9687500000000002e-02	2.4762731201049545e-01
3.2812500000000001e-02	2.4898574004621787e-01
3.5937500000000004e-02	2.5034742781486458e-01
3.9062500000000000e-02	2.5171236718391382e-01
4.2187500000000003e-02	2.5308055014013275e-01
4.5312500000000006e-02	2.5445196879123499e-01
4.8437500000000001e-02	2.5582661536748968e-01
5.1562500000000004e-02	2.5720448222328091e-01
5.4687500000000000e-02	2.5858556183861670e-01
5.7812500000000003e-02	2.5996984682058721e-01
6.0937500000000006e-02	2.6135732990477101e-01
6.4062500000000008e-02	2.6274800395658943e-01
6.7187499999999997e-02	2.6414186197260753e-01
7.0312500000000000e-02	2.6553889708178102e-01
7.3437500000000003e-02	2.6693910254664982e-01
7.6562500000000006e-02	2.6834247176447568e-01
7.9687500000000008e-02	2.6974899826832471e-01
8.2812500000000011e-02	2.7115867572809349e-01
8.5937500000000000e-02	2.7257149795147900e-01
8.9062500000000003e-02	2.7398745888489018e-01
9.2187500000000006e-02	2.7540655261430219e-01
9.5312500000000008e-02	2.7682877336605244e-01
9.8437500000000011e-02	2.7825411550757712e-01
1.0156250000000000e-01	2.7968257354808873e-01
1.0468750000000000e-01	2.8111414213919289e-01
1.0781250000000001e-01	2.8254881607544569e-01
1.1093750000000001e-01	2.8398659029484902e-01
1.1406250000000001e-01	2.8542745987928575e-01
1.1718750000000000e-01	2.8687142005489186e-01
1.2031250000000000e-01	2.8831846619236745e-01
1.2343750000000001e-01	2.8976859380722436e-01
1.2656249999999999e-01	2.9122179855997105e-01
1.2968750000000001e-01	2.9267807625623471e-01
1.3281250000000000e-01	2.9413742284681832e-01
1.3593750000000002e-01	2.9559983442769538e-01
1.3906250000000001e-01	2.9706530723993918e-01
1.4218749999999999e-01	2.9853383766958774e-01
1.4531250000000001e-01	3.0000542224744425e-01
1.4843750000000000e-01	3.0148005764881169e-01
1.5156250000000002e-01	3.0295774069316334e-01
1.5468750000000001e-01	3.0443846834374610e-01
1.5781250000000002e-01	3.0592223770711968e-01
1.6093750000000001e-01	3.0740904603262853e-01
1.6406250000000000e-01	3.0889889071180904e-01
1.6718750000000002e-01	3.1039176927772927e-01
1.7031250000000001e-01	3.1188767940426282e-01
1.7343750000000002e-01	3.1338661890529806e-01
1.7656250000000001e-01	3.1488858573387735e-01
1.7968750000000000e-01	3.1639357798127232e-01
1.8281250000000002e-01	3.1790159387599259e-01
1.8593750000000001e-01	3.1941263178272722e-01
1.8906250000000002e-01	3.2092669020121944e-01
1.9218750000000001e-01	3.2244376776507527e-01
1.9531250000000000e-01	3.2396386324050569e-01
1.9843750000000002e-01	3.2548697552500244e-01
2.0156250000000001e-01	3.2701310364594777e-01
2.0468750000000002e-01	3.2854224675915683e-01
2.0781250000000001e-01	3.3007440414735578e-01
2.1093750000000000e-01	3.3160957521859302e-01
2.1406250000000002e-01	3.3314775950458408e-01
2.1718750000000001e-01	3.3468895665899284e-01
2.2031250000000002e-01	3.3623316645564566e-01
2.2343750000000001e-01	3.3778038878668132e-01
2.2656250000000000e-01	3.3933062366063677e-01
2.2968750000000002e-01	3.4088387120046643e-01
2.3281250000000001e-01	3.4244013164149945e-01
2.3593750000000002e-01	3.4399940532933193e-01
2.3906250000000001e-01	3.4556169271765563e-01
2.4218750000000000e-01	3.4712699436602434e-01
2.4531250000000002e-01	3.4869531093755624e-01
2.4843750000000001e-01	3.5026664319657486e-01
2.5156250000000002e-01	3.5184099200618801e-01
2.5468750000000001e-01	3.5341835832580459e-01
2.5781250000000000e-01	3.5499874320859143e-01
2.6093749999999999e-01	3.5658214779886843e-01
2.6406250000000003e-01	3.5816857332944463e-01
2.6718750000000002e-01	3.5975802111889399e-01
2.7031250000000001e-01	3.6135049256877355e-01
2.7343750000000000e-01	3.6294598916078180e-01
2.7656249999999999e-01	3.6454451245386033e-01
2.7968750000000003e-01	3.6614606408123734e-01
2.8281250000000002e-01	3.6775064574741589e-01
2.8593750000000001e-01	3.6935825922510535e-01
2.8906250000000000e-01	3.7096890635209839e-01
2.9218749999999999e-01	3.7258258902809238e-01
2.9531250000000003e-01	3.7419930921145883e-01
2.9843750000000002e-01	3.7581906891595768e-01
3.0156250000000001e-01	3.7744187020740122e-01
3.0468750000000000e-01	3.7906771520026500e-01
3.0781250000000004e-01	3.8069660605424926e-01
3.1093750000000003e-01	3.8232854497078977e-01
3.1406250000000002e-01	3.8396353418951928e-01
3.1718750000000001e-01	3.8560157598468181e-01
3.2031250000000000e-01	3.8724267266149837e-01
3.2343750000000004e-01	3.8888682655248707e-01
3.2656250000000003e-01	3.9053404001373754e-01
3.2968750000000002e-01	3.9218431542113985e-01
3.3281250000000001e-01	3.9383765516657110e-01
3.3593750000000000e-01	3.9549406165403744e-01
3.3906250000000004e-01	3.9715353729577646e-01
3.4218750000000003e-01	3.9881608450831635e-01
3.4531250000000002e-01	4.0048170570849723e-01
3.4843750000000001e-01	4.0215040330945262e-01
3.5156250000000000e-01	4.0382217971655326e-01
3.5468750000000004e-01	4.0549703732331455e-01
3.5781250000000003e-01	4.0717497850726753e-01
3.6093750000000002e-01	4.0885600562579610e-01
3.6406250000000001e-01	4.1054012101194054e-01
3.6718750000000000e-01	4.1222732697016801e-01
3.7031250000000004e-01	4.1391762577211261e-01
3.7343750000000003e-01	4.1561101965228492e-01
3.7656250000000002e-01	4.1730751080375195e-01
3.7968750000000001e-01	4.1900710137379082e-01
3.8281250000000000e-01	4.2070979345951354e-01
3.8593750000000004e-01	4.2241558910346838e-01
3.8906250000000003e-01	4.2412449028921584e-01
3.9218750000000002e-01	4.2583649893688169e-01
3.9531250000000001e-01	4.2755161689868826e-01
3.9843750000000000e-01	4.2926984595446499e-01
4.0156250000000004e-01	4.3099118780714002e-01
4.0468750000000003e-01	4.3271564407821250e-01
4.0781250000000002e-01	4.3444321630320987e-01
4.1093750000000001e-01	4.3617390592712735e-01
4.1406250000000000e-01	4.3790771429985514e-01
4.1718750000000004e-01	4.3964464267159115e-01
4.2031250000000003e-01	4.4138469218824244e-01
4.2343750000000002e-01	4.4312786388681669e-01
4.2656250000000001e-01	4.4487415869080382e-01
4.2968750000000000e-01	4.4662357740555036e-01
4.3281250000000004e-01	4.4837612071362670e-01
4.3593750000000003e-01	4.5013178917019014e-01
4.3906250000000002e-01	4.5189058319834335e-01
4.4218750000000001e-01	4.5365250308449079e-01
4.4531250000000000e-01	4.5541754897369391e-01
4.4843750000000004e-01	4.5718572086502629e-01
4.5156250000000003e-01	4.5895701860693128e-01
4.5468750000000002e-01	4.6073144189258181e-01
4.5781250000000001e-01	4.6250899025524467e-01
4.6093750000000000e-01	4.6428966306365060e-01
4.6406250000000004e-01	4.6607345951737189e-01
4.6718750000000003e-01	4.6786037864220809e-01
4.7031250000000002e-01	4.6965041928558121e-01
4.7343750000000001e-01	4.7144358011194282e-01
4.7656250000000000e-01	4.7323985959819354e-01
4.7968750000000004e-01	4.7503925602911640e-01
4.8281250000000003e-01	4.7684176749282597e-01
4.8593750000000002e-01	4.7864739187623329e-01
4.8906250000000001e-01	4.8045612686053041e-01
4.9218750000000000e-01	4.8226796991669357e-01
4.9531250000000004e-01	4.8408291830100686e-01
4.9843750000000003e-01	4.8590096905060942e-01
5.0156250000000002e-01	4.8772211897906531e-01
5.0468750000000007e-01	4.8954636467195900e-01
5.0781250000000000e-01	4.9137370248251672e-01
5.1093750000000004e-01	4.9320412852725620e-01
5.1406249999999998e-01	4.9503763868166495e-01
5.1718750000000002e-01	4.9687422857590979e-01
5.2031250000000007e-01	4.9871389359057744e-01
5.2343750000000000e-01	5.0055662885244878e-01
5.2656250000000004e-01	5.0240242923030776e-01
5.2968749999999998e-01	5.0425128933078600e-01
5.3281250000000002e-01	5.0610320349424398e-01
5.3593750000000007e-01	5.0795816579069242e-01
5.3906250000000000e-01	5.0981617001575175e-01
5.4218750000000004e-01	5.1167720968665364e-01
5.4531249999999998e-01	5.1354127803828509e-01
5.4843750000000002e-01	5.1540836801927570e-01
5.5156250000000007e-01	5.1727847228813062e-01
5.5468750000000000e-01	5.1915158320940913e-01
5.5781250000000004e-01	5.2102769284995143e-01
5.6093749999999998e-01	5.2290679297515397e-01
5.6406250000000002e-01	5.2478887504529459e-01
5.6718750000000007e-01	5.2667393021190945e-01
5.7031250000000000e-01	5.2856194931422207e-01
5.7343750000000004e-01	5.3045292287562651e-01
5.7656249999999998e-01	5.3234684110022490e-01
5.7968750000000002e-01	5.3424369386942117e-01
5.8281250000000007e-01	5.3614347073857294e-01
5.8593750000000000e-01	5.3804616093370095e-01
5.8906250000000004e-01	5.3995175334825729e-01
5.9218749999999998e-01	5.4186023653995652e-01
5.9531250000000002e-01	5.4377159872766667e-01
5.9843750000000007e-01	5.4568582778836416e-01
6.0156250000000000e-01	5.4760291125415173e-01
6.0468750000000004e-01	5.4952283630934251e-01
6.0781250000000009e-01	5.5144558978760994e-01
6.1093750000000002e-01	5.5337115816920401e-01
6.1406250000000007e-01	5.5529952757823642e-01
6.1718750000000000e-01	5.5723068378003493e-01
6.2031250000000004e-01	5.5916461217856739e-01
6.2343750000000009e-01	5.6110129781393736e-01
6.2656250000000002e-01	5.6304072535995109e-01
6.2968750000000007e-01	5.6498287912175815e-01
6.3281250000000000e-01	5.6692774303356575e-01
6.3593750000000004e-01	5.6887530065642766e-01
6.3906250000000009e-01	5.7082553517610934e-01
6.4218750000000002e-01	5.7277842940102797e-01
6.4531250000000007e-01	5.7473396576027258e-01
6.4843750000000000e-01	5.7669212630169953e-01
6.5156250000000004e-01	5.7865289269010856e-01
6.5468750000000009e-01	5.8061624620549823e-01
6.5781250000000002e-01	5.8258216774140126e-01
6.6093750000000007e-01	5.8455063780330230e-01
6.6406250000000000e-01	5.8652163650713585e-01
6.6718750000000004e-01	5.8849514357786847e-01
6.7031250000000009e-01	5.9047113834816345e-01
6.7343750000000002e-01	5.9244959975712874e-01
6.7656250000000007e-01	5.9443050634915096e-01
6.7968750000000000e-01	5.9641383627281308e-01
6.8281250000000004e-01	5.9839956727989851e-01
6.8593750000000009e-01	6.0038767672448101e-01
6.8906250000000002e-01	6.0237814156210212e-01
6.9218750000000007e-01	6.0437093834903488e-01
6.9531250000000000e-01	6.0636604324163590e-01
6.9843750000000004e-01	6.0836343199578535e-01
7.0156250000000009e-01	6.1036307996641614e-01
7.0468750000000002e-01	6.1236496210713109e-01
7.0781250000000007e-01	6.1436905296991084e-01
7.1093750000000000e-01	6.1637532670491046e-01
7.1406250000000004e-01	6.1838375706034676e-01
7.1718750000000009e-01	6.2039431738247608e-01
7.2031250000000002e-01	6.2240698061566235e-01
7.2343750000000007e-01	6.2442171930253643e-01
7.2656250000000000e-01	6.2643850558424663e-01
7.2968750000000004e-01	6.2845731120080095e-01
7.3281250000000009e-01	6.3047810749150135e-01
7.3593750000000002e-01	6.3250086539546768e-01
7.3906250000000007e-01	6.3452555545225664e-01
7.4218750000000000e-01	6.3655214780256908e-01
7.4531250000000004e-01	6.3858061218905404e-01
7.4843750000000009e-01	6.4061091795720027e-01
7.5156250000000002e-01	6.4264303405632450e-01
7.5468750000000007e-01	6.4467692904064744e-01
7.5781250000000000e-01	6.4671257107046476e-01
7.6093750000000004e-01	6.4874992791341002e-01
7.6406250000000009e-01	6.5078896694580946e-01
7.6718750000000002e-01	6.5282965515412839e-01
7.7031250000000007e-01	6.5487195913650964e-01
7.7343750000000000e-01	6.5691584510440415e-01
7.7656250000000004e-01	6.5896127888429290e-01
7.7968750000000009e-01	6.6100822591949970e-01
7.8281250000000002e-01	6.6305665127209679e-01
7.8593750000000007e-01	6.6510651962489942e-01
7.8906250000000000e-01	6.6715779528355201e-01
7.9218750000000004e-01	6.6921044217870529e-01
7.9531250000000009e-01	6.7126442386828156e-01
7.9843750000000002e-01	6.7331970353983217e-01
8.0156250000000007e-01	6.7537624401298213e-01
8.0468750000000000e-01	6.7743400774196538e-01
8.0781250000000004e-01	6.7949295681824728e-01
8.1093750000000009e-01	6.8155305297323565e-01
8.1406250000000002e-01	6.8361425758107963e-01
8.1718750000000007e-01	6.8567653166155584e-01
8.2031250000000000e-01	6.8773983588303977e-01
8.2343750000000004e-01	6.8980413056556544e-01
8.2656250000000009e-01	6.9186937568396845e-01
8.2968750000000002e-01	6.9393553087111548e-01
8.3281250000000007e-01	6.9600255542121681e-01
8.3593750000000000e-01	6.9807040829322331e-01
8.3906250000000004e-01	7.0013904811430694e-01
8.4218750000000009e-01	7.0220843318342152e-01
8.4531250000000002e-01	7.0427852147494796e-01
8.4843750000000007e-01	7.0634927064241826e-01
8.5156250000000000e-01	7.0842063802231947e-01
8.5468750000000004e-01	7.1049258063797938e-01
8.5781250000000009e-01	7.1256505520352820e-01
8.6093750000000002e-01	7.1463801812793903e-01
8.6406250000000007e-01	7.1671142551914602e-01
8.6718750000000000e-01	7.1878523318823706e-01
8.7031250000000004e-01	7.2085939665372345e-01
8.7343750000000009e-01	7.2293387114588159e-01
8.7656250000000002e-01	7.2500861161117014e-01
8.7968750000000007e-01	7.2708357271671920e-01
8.8281250000000000e-01	7.2915870885488976e-01
8.8593750000000004e-01	7.3123397414790514e-01
8.8906250000000009e-01	7.3330932245255109e-01
8.9218750000000002e-01	7.3538470736494399e-01
8.9531250000000007e-01	7.3746008222536841e-01
8.9843750000000000e-01	7.3953540012317842e-01
9.0156250000000004e-01	7.4161061390176652e-01
9.0468750000000009e-01	7.4368567616359593e-01
9.0781250000000002e-01	7.4576053927529551e-01
9.1093750000000007e-01	7.4783515537281720e-01
9.1406250000000000e-01	7.4990947636665473e-01
9.1718750000000004e-01	7.5198345394712174e-01
9.2031250000000009e-01	7.5405703958968739e-01
9.2343750000000002e-01	7.5613018456037207e-01
9.2656250000000007e-01	7.5820283992119530e-01
9.2968750000000000e-01	7.6027495653568333e-01
9.3281250000000004e-01	7.6234648507442637e-01
9.3593750000000009e-01	7.6441737602068993e-01
9.3906250000000002e-01	7.6648757967607795e-01
9.4218750000000007e-01	7.6855704616624554e-01
9.4531250000000000e-01	7.7062572544665864e-01
9.4843750000000004e-01	7.7269356730840477e-01
9.5156250000000009e-01	7.7476052138404539e-01
9.5468750000000002e-01	7.7682653715351657e-01
9.5781250000000007e-01	7.7889156395007186e-01
9.6093750000000000e-01	7.8095555096626634e-01
9.6406250000000004e-01	7.8301844725998215e-01
9.6718750000000009e-01	7.8508020176049398e-01
9.7031250000000002e-01	7.8714076327457105e-01
9.7343750000000007e-01	7.8920008049261758e-01
9.7656250000000000e-01	7.9125810199484636e-01
9.7968750000000004e-01	7.9331477625748803e-01
9.8281250000000009e-01	7.9537005165903074e-01
9.8593750000000002e-01	7.9742387648649304e-01
9.8906250000000007e-01	7.9947619894172517e-01
9.9218750000000000e-01	8.0152696714773741e-01
9.9531250000000004e-01	8.0357612915505661e-01
9.9843750000000009e-01	8.0562363294810901e-01
1.0015625000000001e+00	8.0766942645162276e-01
1.0046875000000000e+00	8.0971240029592073e-01
1.0078125000000000e+00	8.1175353432716491e-01
1.0109375000000000e+00	8.1379277576896547e-01
1.0140625000000001e+00	8.1583007179963885e-01
1.0171875000000001e+00	8.1786536955850198e-01
1.0203125000000000e+00	8.1989861615217707e-01
1.0234375000000000e+00	8.2192975866091056e-01
1.0265625000000000e+00	8.2395874414489534e-01
1.0296875000000001e+00	8.2598551965060574e-01
1.0328125000000001e+00	8.2801003221713498e-01
1.0359375000000000e+00	8.3003222888253791e-01
1.0390625000000000e+00	8.3205205669017612e-01
1.0421875000000000e+00	8.3406946269506421e-01
1.0453125000000001e+00	8.3608439397021594e-01
1.0484375000000001e+00	8.3809679761298961e-01
1.0515625000000000e+00	8.4010662075142684e-01
1.0546875000000000e+00	8.4211381055059109e-01
1.0578125000000000e+00	8.4411831421889549e-01
1.0609375000000001e+00	8.4612007901442599e-01
1.0640625000000001e+00	8.4811905225125239e-01
1.0671875000000000e+00	8.5011518130573205e-01
1.0703125000000000e+00	8.5210841362279666e-01
1.0734375000000000e+00	8.5409869672222893e-01
1.0765625000000001e+00	8.5608597820492260e-01
1.0796875000000001e+00	8.5807020575912429e-01
1.0828125000000000e+00	8.6005132716665966e-01
1.0859375000000000e+00	8.6202929030913711e-01
1.0890625000000000e+00	8.6400404317413182e-01
1.0921875000000001e+00	8.6597553386134751e-01
1.0953125000000001e+00	8.6794371058875142e-01
1.0984375000000000e+00	8.6990852169868704e-01
1.1015625000000000e+00	8.7186991566395700e-01
1.1046875000000000e+00	8.7382784109387923e-01
1.1078125000000001e+00	8.7578224674031113e-01
1.1109375000000001e+00	8.7773308150364715e-01
1.1140625000000000e+00	8.7968029443877560e-01
1.1171875000000000e+00	8.8162383476101014e-01
1.1203125000000000e+00	8.8356365185197938e-01
1.1234375000000001e+00	8.8549969526548367e-01
1.1265625000000001e+00	8.8743191473330962e-01
1.1296875000000000e+00	8.8936026017100833e-01
1.1328125000000000e+00	8.9128468168363306e-01
1.1359375000000000e+00	8.9320512957143172e-01
1.1390625000000001e+00	8.9512155433549712e-01
1.1421875000000001e+00	8.9703390668337457e-01
1.1453125000000000e+00	8.9894213753461905e-01
1.1484375000000000e+00	9.0084619802630961e-01
1.1515625000000000e+00	9.0274603951851062e-01
1.1546875000000001e+00	9.0464161359968687e-01
1.1578125000000001e+00	9.0653287209206634e-01
1.1609375000000000e+00	9.0841976705694871e-01
1.1640625000000000e+00	9.1030225079996319e-01
1.1671875000000000e+00	9.1218027587626993e-01
1.1703125000000001e+00	9.1405379509570617e-01
1.1734375000000001e+00	9.1592276152787455e-01
1.1765625000000000e+00	9.1778712850717525e-01
1.1796875000000000e+00	9.1964684963777477e-01
1.1828125000000000e+00	9.2150187879852041e-01
1.1859375000000001e+00	9.2335217014778725e-01
1.1890625000000001e+00	9.2519767812826492e-01
1.1921875000000000e+00	9.2703835747168328e-01
1.1953125000000000e+00	9.2887416320346927e-01
1.1984375000000000e+00	9.3070505064734022e-01
1.2015625000000001e+00	9.3253097542983154e-01
1.2046875000000001e+00	9.3435189348475312e-01
1.2078125000000002e+00	9.3616776105758281e-01
1.2109375000000000e+00	9.3797853470978476e-01
1.2140625000000000e+00	9.3978417132305980e-01
1.2171875000000001e+00	9.4158462810352650e-01
1.2203125000000001e+00	9.4337986258582562e-01
1.2234375000000002e+00	9.4516983263715482e-01
1.2265625000000000e+00	9.4695449646122898e-01
1.2296875000000000e+00	9.4873381260216494e-01
1.2328125000000001e+00	9.5050773994829008e-01
1.2359375000000001e+00	9.5227623773587766e-01
1.2390625000000002e+00	9.5403926555280116e-01
1.2421875000000000e+00	9.5579678334211360e-01
1.2453125000000000e+00	9.5754875140554763e-01
1.2484375000000001e+00	9.5929513040693581e-01
1.2515625000000001e+00	9.6103588137555218e-01
1.2546875000000002e+00	9.6277096570937204e-01
1.2578125000000000e+00	9.6450034517825145e-01
1.2609375000000000e+00	9.6622398192702463e-01
1.2640625000000001e+00	9.6794183847851911e-01
1.2671875000000001e+00	9.6965387773648881e-01
1.2703125000000002e+00	9.7136006298846123e-01
1.2734375000000000e+00	9.7306035790850431e-01
1.2765625000000000e+00	9.7475472655990558e-01
1.2796875000000001e+00	9.7644313339776767e-01
1.2828125000000001e+00	9.7812554327151968e-01
1.2859375000000002e+00	9.7980192142734102e-01
1.2890625000000000e+00	9.8147223351049884e-01
1.2921875000000000e+00	9.8313644556760071e-01
1.2953125000000001e+00	9.8479452404875900e-01
1.2984375000000001e+00	9.8644643580966840e-01
1.3015625000000002e+00	9.8809214811359569e-01
1.3046875000000000e+00	9.8973162863328168e-01
1.3078125000000000e+00	9.9136484545275572e-01
1.3109375000000001e+00	9.9299176706905923e-01
1.3140625000000001e+00	9.9461236239388573e-01
1.3171875000000002e+00	9.9622660075512648e-01
1.3203125000000000e+00	9.9783445189833020e-01
1.3234375000000000e+00	9.9943588598807331e-01
1.3265625000000001e+00	1.0010308736092399e+00
1.3296875000000001e+00	1.0026193857682151e+00
1.3328125000000002e+00	1.0042013938939838e+00
1.3359375000000000e+00	1.0057768698391458e+00
1.3390625000000000e+00	1.0073457858808375e+00
1.3421875000000001e+00	1.0089081147215651e+00
1.3453125000000001e+00	1.0104638294899482e+00
1.3484375000000002e+00	1.0120129037413748e+00
1.3515625000000000e+00	1.0135553114585645e+00
1.3546875000000000e+00	1.0150910270520452e+00
1.3578125000000001e+00	1.0166200253605389e+00
1.3609375000000001e+00	1.0181422816512575e+00
1.3640625000000002e+00	1.0196577716201107e+00
1.3671875000000000e+00	1.0211664713918265e+00
1.3703125000000000e+00	1.0226683575199786e+00
1.3734375000000001e+00	1.0241634069869305e+00
1.3765625000000001e+00	1.0256515972036873e+00
1.3796875000000002e+00	1.0271329060096615e+00
1.3828125000000000e+00	1.0286073116723506e+00
1.3859375000000000e+00	1.0300747928869269e+00
1.3890625000000001e+00	1.0315353287757414e+00
1.3921875000000001e+00	1.0329888988877389e+00
1.3953125000000002e+00	1.0344354831977878e+00
1.3984375000000000e+00	1.0358750621059243e+00
1.4015625000000000e+00	1.0373076164365096e+00
1.4046875000000001e+00	1.0387331274373035e+00
1.4078125000000001e+00	1.0401515767784515e+00
1.4109375000000002e+00	1.0415629465513883e+00
1.4140625000000000e+00	1.0429672192676573e+00
1.4171875000000000e+00	1.0443643778576472e+00
1.4203125000000001e+00	1.0457544056692447e+00
1.4234375000000001e+00	1.0471372864664059e+00
1.4265625000000002e+00	1.0485130044276456e+00
1.4296875000000000e+00	1.0498815441444445e+00
1.4328125000000000e+00	1.0512428906195765e+00
1.4359375000000001e+00	1.0525970292653570e+00
1.4390625000000001e+00	1.0539439459018094e+00
1.4421875000000002e+00	1.0552836267547558e+00
1.4453125000000000e+00	1.0566160584538260e+00
1.4484375000000000e+00	1.0579412280303937e+00
1.4515625000000001e+00	1.0592591229154313e+00
1.4546875000000001e+00	1.0605697309372915e+00
1.4578125000000002e+00	1.0618730403194145e+00
1.4609375000000000e+00	1.0631690396779567e+00
1.4640625000000000e+00	1.0644577180193509e+00
1.4671875000000001e+00	1.0657390647377885e+00
1.4703125000000001e+00	1.0670130696126339e+00
1.4734375000000002e+00	1.0682797228057646e+00
1.4765625000000000e+00	1.0695390148588426e+00
1.4796875000000000e+00	1.0707909366905144e+00
1.4828125000000001e+00	1.0720354795935443e+00
1.4859375000000001e+00	1.0732726352318773e+00
1.4890625000000002e+00	1.0745023956376387e+00
1.4921875000000000e+00	1.0757247532080627e+00
1.4953125000000000e+00	1.0769397007023604e+00
1.4984375000000001e+00	1.0781472312385205e+00
1.5015625000000001e+00	1.0793473382900471e+00
1.5046875000000002e+00	1.0805400156826377e+00
1.5078125000000000e+00	1.0817252575907963e+00
1.5109375000000000e+00	1.0829030585343880e+00
1.5140625000000001e+00	1.0840734133751340e+00
1.5171875000000001e+00	1.0852363173130475e+00
1.5203125000000002e+00	1.0863917658828135e+00
1.5234375000000000e+00	1.0875397549501111e+00
1.5265625000000000e+00	1.0886802807078815e+00
1.5296875000000001e+00	1.0898133396725389e+00
1.5328125000000001e+00	1.0909389286801336e+00
1.5359375000000002e+00	1.0920570448824580e+00
1.5390625000000000e+00	1.0931676857431030e+00
1.5421875000000000e+00	1.0942708490334658e+00
1.5453125000000001e+00	1.0953665328287077e+00
1.5484375000000001e+00	1.0964547355036638e+00
1.5515625000000002e+00	1.0975354557287071e+00
1.5546875000000000e+00	1.0986086924655671e+00
1.5578125000000000e+00	1.0996744449631022e+00
1.5609375000000001e+00	1.1007327127530318e+00
1.5640625000000001e+00	1.1017834956456241e+00
1.5671875000000002e+00	1.1028267937253435e+00
1.5703125000000000e+00	1.1038626073464595e+00
1.5734375000000000e+00	1.1048909371286153e+00
1.5765625000000001e+00	1.1059117839523609e+00
1.5796875000000001e+00	1.1069251489546468e+00
1.5828125000000002e+00	1.1079310335242871e+00
1.5859375000000000e+00	1.1089294392973856e+00
1.5890625000000000e+00	1.1099203681527310e+00
1.5921875000000001e+00	1.1109038222071590e+00
1.5953125000000001e+00	1.1118798038108852e+00
1.5984375000000002e+00	1.1128483155428102e+00
1.6015625000000000e+00	1.1138093602057959e+00
1.6046875000000000e+00	1.1147629408219140e+00
1.6078125000000001e+00	1.1157090606276709e+00
1.6109375000000001e+00	1.1166477230692087e+00
1.6140625000000002e+00	1.1175789317974827e+00
1.6171875000000000e+00	1.1185026906634172e+00
1.6203125000000000e+00	1.1194190037130411e+00
1.6234375000000001e+00	1.1203278751826047e+00
1.6265625000000001e+00	1.1212293094936789e+00
1.6296875000000002e+00	1.1221233112482365e+00
1.6328125000000000e+00	1.1230098852237198e+00
1.6359375000000000e+00	1.1238890363680922e+00
1.6390625000000001e+00	1.1247607697948798e+00
1.6421875000000001e+00	1.1256250907781975e+00
1.6453125000000002e+00	1.1264820047477682e+00
1.6484375000000000e+00	1.1273315172839311e+00
1.6515625000000000e+00	1.1281736341126432e+00
1.6546875000000001e+00	1.1290083611004711e+00
1.6578125000000001e+00	1.1298357042495826e+00
1.6609375000000002e+00	1.1306556696927301e+00
1.6640625000000000e+00	1.1314682636882316e+00
1.6671875000000000e+00	1.1322734926149525e+00
1.6703125000000001e+00	1.1330713629672833e+00
1.6734375000000001e+00	1.1338618813501216e+00
1.6765625000000002e+00	1.1346450544738533e+00
1.6796875000000000e+00	1.1354208891493396e+00
1.6828125000000000e+00	1.1361893922829061e+00
1.6859375000000001e+00	1.1369505708713386e+00
1.6890625000000001e+00	1.1377044319968876e+00
1.6921875000000002e+00	1.1384509828222780e+00
1.6953125000000000e+00	1.1391902305857300e+00
1.6984375000000000e+00	1.1399221825959893e+00
1.7015625000000001e+00	1.1406468462273716e+00
1.7046875000000001e+00	1.1413642289148156e+00
1.7078125000000002e+00	1.1420743381489555e+00
1.7109375000000000e+00	1.1427771814712058e+00
1.7140625000000000e+00	1.1434727664688613e+00
1.7171875000000001e+00	1.1441611007702190e+00
1.7203125000000001e+00	1.1448421920397145e+00
1.7234375000000002e+00	1.1455160479730819e+00
1.7265625000000000e+00	1.1461826762925329e+00
1.7296875000000000e+00	1.1468420847419578e+00
1.7328125000000001e+00	1.1474942810821533e+00
1.7359375000000001e+00	1.1481392730860698e+00
1.7390625000000002e+00	1.1487770685340897e+00
1.7421875000000000e+00	1.1494076752093287e+00
1.7453125000000000e+00	1.1500311008929671e+00
1.7484375000000001e+00	1.1506473533596111e+00
1.7515625000000001e+00	1.1512564403726779e+00
1.7546875000000002e+00	1.1518583696798246e+00
1.7578125000000000e+00	1.1524531490083949e+00
1.7609375000000000e+00	1.1530407860609106e+00
1.7640625000000001e+00	1.1536212885105919e+00
1.7671875000000001e+00	1.1541946639969136e+00
1.7703125000000002e+00	1.1547609201212015e+00
1.7734375000000000e+00	1.1553200644422617e+00
1.7765625000000000e+00	1.1558721044720501e+00
1.7796875000000001e+00	1.1564170476713858e+00
1.7828125000000001e+00	1.1569549014456972e+00
1.7859375000000002e+00	1.1574856731408176e+00
1.7890625000000000e+00	1.1580093700388181e+00
1.7921875000000000e+00	1.1585259993538863e+00
1.7953125000000001e+00	1.1590355682282503e+00
1.7984375000000001e+00	1.1595380837281464e+00
1.8015625000000002e+00	1.1600335528398342e+00
1.8046875000000000e+00	1.1605219824656592e+00
1.8078125000000000e+00	1.1610033794201646e+00
1.8109375000000001e+00	1.1614777504262503e+00
1.8140625000000001e+00	1.1619451021113831e+00
1.8171875000000002e+00	1.1624054410038585e+00
1.8203125000000000e+00	1.1628587735291140e+00
1.8234375000000000e+00	1.1633051060060937e+00
1.8265625000000001e+00	1.1637444446436704e+00
1.8296875000000001e+00	1.1641767955371161e+00
1.8328125000000002e+00	1.1646021646646341e+00
1.8359375000000000e+00	1.1650205578839428e+00
1.8390625000000000e+00	1.1654319809289189e+00
1.8421875000000001e+00	1.1658364394062952e+00
1.8453125000000001e+00	1.1662339387924219e+00
1.8484375000000002e+00	1.1666244844300804e+00
1.8515625000000000e+00	1.1670080815253634e+00
1.8546875000000000e+00	1.1673847351446118e+00
1.8578125000000001e+00	1.1677544502114132e+00
1.8609375000000001e+00	1.1681172315036654e+00
1.8640625000000002e+00	1.1684730836506980e+00
1.8671875000000000e+00	1.1688220111304624e+00
1.8703125000000000e+00	1.1691640182667813e+00
1.8734375000000001e+00	1.1694991092266673e+00
1.8765625000000001e+00	1.1698272880177027e+00
1.8796875000000002e+00	1.1701485584854885e+00
1.8828125000000000e+00	1.1704629243111593e+00
1.8859375000000000e+00	1.1707703890089636e+00
1.8890625000000001e+00	1.1710709559239134e+00
1.8921875000000001e+00	1.1713646282295034e+00
1.8953125000000002e+00	1.1716514089254966e+00
1.8984375000000000e+00	1.1719313008357795e+00
1.9015625000000000e+00	1.1722043066062902e+00
1.9046875000000001e+00	1.1724704287030139e+00
1.9078125000000001e+00	1.1727296694100491e+00
1.9109375000000002e+00	1.1729820308277490e+00
1.9140625000000000e+00	1.1732275148709288e+00
1.9171875000000000e+00	1.1734661232671519e+00
1.9203125000000001e+00	1.1736978575550840e+00
1.9234375000000001e+00	1.1739227190829225e+00
1.9265625000000002e+00	1.1741407090068985e+00
1.9296875000000000e+00	1.1743518282898526e+00
1.9328125000000000e+00	1.1745560776998880e+00
1.9359375000000001e+00	1.1747534578090928e+00
1.9390625000000001e+00	1.1749439689923418e+00
1.9421875000000002e+00	1.1751276114261722e+00
1.9453125000000000e+00	1.1753043850877352e+00
1.9484375000000000e+00	1.1754742897538213e+00
1.9515625000000001e+00	1.1756373249999656e+00
1.9546875000000001e+00	1.1757934901996263e+00
1.9578125000000002e+00	1.1759427845234416e+00
1.9609375000000000e+00	1.1760852069385634e+00
1.9640625000000000e+00	1.1762207562080662e+00
1.9671875000000001e+00	1.1763494308904374e+00
1.9703125000000001e+00	1.1764712293391393e+00
1.9734375000000002e+00	1.1765861497022552e+00
1.9765625000000000e+00	1.1766941899222074e+00
1.9796875000000000e+00	1.1767953477355575e+00
1.9828125000000001e+00	1.1768896206728821e+00
1.9859375000000001e+00	1.1769770060587283e+00
1.9890625000000002e+00	1.1770575010116457e+00
1.9921875000000000e+00	1.1771311024442992e+00
1.9953125000000000e+00	1.1771978070636568e+00
1.9984375000000001e+00	1.1772576113712596e+00
2.0015624999999999e+00	1.1773105116635663e+00
2.0046875000000002e+00	1.1773554406622555e+00
2.0078125000000000e+00	1.1773934572673268e+00
2.0109375000000003e+00	1.1774245566082788e+00
2.0140625000000001e+00	1.1774487336113990e+00
2.0171874999999999e+00	1.1774659830002976e+00
2.0203125000000002e+00	1.1774762992965204e+00
2.0234375000000000e+00	1.1774796768202376e+00
2.0265625000000003e+00	1.1774761096910125e+00
2.0296875000000001e+00	1.1774655918286454e+00
2.0328124999999999e+00	1.1774481169540982e+00
2.0359375000000002e+00	1.1774236785904943e+00
2.0390625000000000e+00	1.1773922700641943e+00
2.0421875000000003e+00	1.1773538845059517e+00
2.0453125000000001e+00	1.1773085148521432e+00
2.0484374999999999e+00	1.1772561538460766e+00
2.0515625000000002e+00	1.1771967940393719e+00
2.0546875000000000e+00	1.1771304277934234e+00
2.0578125000000003e+00	1.1770570472809316e+00
2.0609375000000001e+00	1.1769766444875145e+00
2.0640624999999999e+00	1.1768892112133915e+00
2.0671875000000002e+00	1.1767947390751428e+00
2.0703125000000000e+00	1.1766932195075435e+00
2.0734375000000003e+00	1.1765846437654686e+00
2.0765625000000001e+00	1.1764690029258753e+00
2.0796874999999999e+00	1.1763462878898554e+00
2.0828125000000002e+00	1.1762164893847622e+00
2.0859375000000000e+00	1.1760795979664065e+00
2.0890625000000003e+00	1.1759356040213285e+00
2.0921875000000001e+00	1.1757844977691367e+00
2.0953124999999999e+00	1.1756262692649204e+00
2.0984375000000002e+00	1.1754609084017311e+00
2.1015625000000000e+00	1.1752884049131334e+00
2.1046875000000003e+00	1.1751087483758254e+00
2.1078125000000001e+00	1.1749219282123280e+00
2.1109374999999999e+00	1.1747279336937413e+00
2.1140625000000002e+00	1.1745267539425699e+00
2.1171875000000000e+00	1.1743183779356128e+00
2.1203125000000003e+00	1.1741027945069220e+00
2.1234375000000001e+00	1.1738799923508252e+00
2.1265624999999999e+00	1.1736499600250134e+00
2.1296875000000002e+00	1.1734126859536944e+00
2.1328125000000000e+00	1.1731681584308074e+00
2.1359375000000003e+00	1.1729163656233033e+00
2.1390625000000001e+00	1.1726572955744865e+00
2.1421874999999999e+00	1.1723909362074161e+00
2.1453125000000002e+00	1.1721172753283720e+00
2.1484375000000000e+00	1.1718363006303771e+00
2.1515625000000003e+00	1.1715479996967824e+00
2.1546875000000001e+00	1.1712523600049085e+00
2.1578124999999999e+00	1.1709493689297454e+00
2.1609375000000002e+00	1.1706390137477110e+00
2.1640625000000000e+00	1.1703212816404627e+00
2.1671875000000003e+00	1.1699961596987680e+00
2.1703125000000001e+00	1.1696636349264284e+00
2.1734374999999999e+00	1.1693236942442564e+00
2.1765625000000002e+00	1.1689763244941052e+00
2.1796875000000000e+00	1.1686215124429535e+00
2.1828125000000003e+00	1.1682592447870386e+00
2.1859375000000001e+00	1.1678895081560410e+00
2.1890624999999999e+00	1.1675122891173180e+00
2.1921875000000002e+00	1.1671275741801868e+00
2.1953125000000000e+00	1.1667353498002542e+00
2.1984375000000003e+00	1.1663356023837954e+00
2.2015625000000001e+00	1.1659283182921736e+00
2.2046874999999999e+00	1.1655134838463110e+00
2.2078125000000002e+00	1.1650910853311987e+00
2.2109375000000000e+00	1.1646611090004511e+00
2.2140625000000003e+00	1.1642235410809030e+00
2.2171875000000001e+00	1.1637783677772471e+00
2.2203124999999999e+00	1.1633255752767102e+00
2.2234375000000002e+00	1.1628651497537708e+00
2.2265625000000000e+00	1.1623970773749126e+00
2.2296875000000003e+00	1.1619213443034155e+00
2.2328125000000001e+00	1.1614379367041818e+00
2.2359374999999999e+00	1.1609468407485990e+00
2.2390625000000002e+00	1.1604480426194341e+00
2.2421875000000000e+00	1.1599415285157617e+00
2.2453125000000003e+00	1.1594272846579230e+00
2.2484375000000001e+00	1.1589052972925165e+00
2.2515624999999999e+00	1.1583755526974155e+00
2.2546875000000002e+00	1.1578380371868178e+00
2.2578125000000000e+00	1.1572927371163171e+00
2.2609375000000003e+00	1.1567396388880069e+00
2.2640625000000001e+00	1.1561787289556018e+00
2.2671874999999999e+00	1.1556099938295907e+00
2.2703125000000002e+00	1.1550334200824048e+00
2.2734375000000000e+00	1.1544489943536120e+00
2.2765625000000003e+00	1.1538567033551310e+00
2.2796875000000001e+00	1.1532565338764604e+00
2.2828124999999999e+00	1.1526484727899333e+00
2.2859375000000002e+00	1.1520325070559787e+00
2.2890625000000000e+00	1.1514086237284089e+00
2.2921875000000003e+00	1.1507768099597129e+00
2.2953125000000001e+00	1.1501370530063664e+00
2.2984374999999999e+00	1.1494893402341551e+00
2.3015625000000002e+00	1.1488336591235049e+00
2.3046875000000000e+00	1.1481699972748254e+00
2.3078125000000003e+00	1.1474983424138581e+00
2.3109375000000001e+00	1.1468186823970357e+00
2.3140624999999999e+00	1.1461310052168427e+00
2.3171875000000002e+00	1.1454352990071837e+00
2.3203125000000000e+00	1.1447315520487542e+00
2.3234375000000003e+00	1.1440197527744138e+00
2.3265625000000001e+00	1.1432998897745590e+00
2.3296874999999999e+00	1.1425719518024955e+00
2.3328125000000002e+00	1.1418359277798114e+00
2.3359375000000000e+00	1.1410918068017455e+00
2.3390625000000003e+00	1.1403395781425498e+00
2.3421875000000001e+00	1.1395792312608508e+00
2.3453124999999999e+00	1.1388107558049998e+00
2.3484375000000002e+00	1.1380341416184176e+00
2.3515625000000000e+00	1.1372493787449300e+00
2.3546875000000003e+00	1.1364564574340910e+00
2.3578125000000001e+00	1.1356553681464963e+00
2.3609374999999999e+00	1.1348461015590821e+00
2.3640625000000002e+00	1.1340286485704121e+00
2.3671875000000000e+00	1.1332030003059441e+00
2.3703125000000003e+00	1.1323691481232852e+00
2.3734375000000001e+00	1.1315270836174249e+00
2.3765624999999999e+00	1.1306767986259521e+00
2.3796875000000002e+00	1.1298182852342473e+00
2.3828125000000000e+00	1.1289515357806568e+00
2.3859375000000003e+00	1.1280765428616426e+00
2.3890625000000001e+00	1.1271932993369054e+00
2.3921874999999999e+00	1.1263017983344850e+00
2.3953125000000002e+00	1.1254020332558328e+00
2.3984375000000000e+00	1.1244939977808557e+00
2.4015625000000003e+00	1.1235776858729296e+00
2.4046875000000001e+00	1.1226530917838853e+00
2.4078125000000004e+00	1.1217202100589583e+00
2.4109375000000002e+00	1.1207790355417082e+00
2.4140625000000000e+00	1.1198295633789037e+00
2.4171875000000003e+00	1.1188717890253697e+00
2.4203125000000001e+00	1.1179057082487991e+00
2.4234375000000004e+00	1.1169313171345281e+00
2.4265625000000002e+00	1.1159486120902673e+00
2.4296875000000000e+00	1.1149575898507973e+00
2.4328125000000003e+00	1.1139582474826202e+00
2.4359375000000001e+00	1.1129505823885675e+00
2.4390625000000004e+00	1.1119345923123662e+00
2.4421875000000002e+00	1.1109102753431559e+00
2.4453125000000000e+00	1.1098776299199640e+00
2.4484375000000003e+00	1.1088366548361284e+00
2.4515625000000001e+00	1.1077873492436756e+00
2.4546875000000004e+00	1.1067297126576456e+00
2.4578125000000002e+00	1.1056637449603672e+00
2.4609375000000000e+00	1.1045894464056807e+00
2.4640625000000003e+00	1.1035068176231071e+00
2.4671875000000001e+00	1.1024158596219622e+00
2.4703125000000004e+00	1.1013165737954163e+00
2.4734375000000002e+00	1.1002089619244970e+00
2.4765625000000000e+00	1.0990930261820302e+00
2.4796875000000003e+00	1.0979687691365307e+00
2.4828125000000001e+00	1.0968361937560218e+00
2.4859375000000004e+00	1.0956953034118042e+00
2.4890625000000002e+00	1.0945461018821545e+00
2.4921875000000000e+00	1.0933885933559668e+00
2.4953125000000003e+00	1.0922227824363258e+00
2.4984375000000001e+00	1.0910486741440164e+00
2.5015625000000004e+00	1.0898662739209672e+00
2.5046875000000002e+00	1.0886755876336265e+00
2.5078125000000000e+00	1.0874766215762695e+00
2.5109375000000003e+00	1.0862693824742380e+00
2.5140625000000001e+00	1.0850538774871075e+00
2.5171875000000004e+00	1.0838301142117863e+00
2.5203125000000002e+00	1.0825981006855392e+00
2.5234375000000000e+00	1.0813578453889416e+00
2.5265625000000003e+00	1.0801093572487577e+00
2.5296875000000001e+00	1.0788526456407443e+00
2.5328125000000004e+00	1.0775877203923805e+00
2.5359375000000002e+00	1.0763145917855184e+00
2.5390625000000000e+00	1.0750332705589591e+00
2.5421875000000003e+00	1.0737437679109509e+00
2.5453125000000001e+00	1.0724460955016049e+00
2.5484375000000004e+00	1.0711402654552360e+00
2.5515625000000002e+00	1.0698262903626190e+00
2.5546875000000000e+00	1.0685041832831679e+00
2.5578125000000003e+00	1.0671739577470289e+00
2.5609375000000001e+00	1.0658356277570951e+00
2.5640625000000004e+00	1.0644892077909334e+00
2.5671875000000002e+00	1.0631347128026327e+00
2.5703125000000000e+00	1.0617721582245623e+00
2.5734375000000003e+00	1.0604015599690477e+00
2.5765625000000001e+00	1.0590229344299618e+00
2.5796875000000004e+00	1.0576362984842247e+00
2.5828125000000002e+00	1.0562416694932226e+00
2.5859375000000000e+00	1.0548390653041348e+00
2.5890625000000003e+00	1.0534285042511728e+00
2.5921875000000001e+00	1.0520100051567325e+00
2.5953125000000004e+00	1.0505835873324556e+00
2.5984375000000002e+00	1.0491492705802010e+00
2.6015625000000000e+00	1.0477070751929283e+00
2.6046875000000003e+00	1.0462570219554874e+00
2.6078125000000001e+00	1.0447991321453183e+00
2.6109375000000004e+00	1.0433334275330606e+00
2.6140625000000002e+00	1.0418599303830685e+00
2.6171875000000000e+00	1.0403786634538361e+00
2.6203125000000003e+00	1.0388896499983282e+00
2.6234375000000001e+00	1.0373929137642188e+00
2.6265625000000004e+00	1.0358884789940355e+00
2.6296875000000002e+00	1.0343763704252120e+00
2.6328125000000000e+00	1.0328566132900456e+00
2.6359375000000003e+00	1.0313292333155597e+00
2.6390625000000001e+00	1.0297942567232738e+00
2.6421875000000004e+00	1.0282517102288784e+00
2.6453125000000002e+00	1.0267016210418141e+00
2.6484375000000000e+00	1.0251440168647570e+00
2.6515625000000003e+00	1.0235789258930088e+00
2.6546875000000001e+00	1.0220063768137928e+00
2.6578125000000004e+00	1.0204263988054521e+00
2.6609375000000002e+00	1.0188390215365544e+00
2.6640625000000000e+00	1.0172442751649029e+00
2.6671875000000003e+00	1.0156421903364485e+00
2.6703125000000001e+00	1.0140327981841097e+00
2.6734375000000004e+00	1.0124161303264951e+00
2.6765625000000002e+00	1.0107922188665317e+00
2.6796875000000000e+00	1.0091610963899993e+00
2.6828125000000003e+00	1.0075227959639665e+00
2.6859375000000001e+00	1.0058773511351355e+00
2.6890625000000004e+00	1.0042247959280888e+00
2.6921875000000002e+00	1.0025651648434446e+00
2.6953125000000000e+00	1.0008984928559153e+00
2.6984375000000003e+00	9.9922481541227159e-01
2.7015625000000001e+00	9.9754416842921523e-01
2.7046875000000004e+00	9.9585658829115575e-01
2.7078125000000002e+00	9.9416211184789383e-01
2.7109375000000000e+00	9.9246077641221264e-01
2.7140625000000003e+00	9.9075261975737638e-01
2.7171875000000001e+00	9.8903768011453519e-01
2.7203125000000004e+00	9.8731599617003862e-01
2.7234375000000002e+00	9.8558760706265880e-01
2.7265625000000000e+00	9.8385255238071923e-01
2.7296875000000003e+00	9.8211087215913617e-01
2.7328125000000001e+00	9.8036260687636800e-01
2.7359375000000004e+00	9.7860779745127491e-01
2.7390625000000002e+00	9.7684648523988882e-01
2.7421875000000000e+00	9.7507871203209606e-01
2.7453125000000003e+00	9.7330452004823031e-01
2.7484375000000001e+00	9.7152395193557917e-01
2.7515625000000004e+00	9.6973705076480299e-01
2.7546875000000002e+00	9.6794386002626576e-01
2.7578125000000000e+00	9.6614442362628583e-01
2.7609375000000003e+00	9.6433878588329336e-01
2.7640625000000001e+00	9.6252699152391075e-01
2.7671875000000004e+00	9.6070908567894631e-01
2.7703125000000002e+00	9.5888511387930375e-01
2.7734375000000000e+00	9.5705512205181265e-01
2.7765625000000003e+00	9.5521915651497546e-01
2.7796875000000001e+00	9.5337726397463451e-01
2.7828125000000004e+00	9.5152949151955957e-01
2.7859375000000002e+00	9.4967588661695657e-01
2.7890625000000000e+00	9.4781649710789762e-01
2.7921875000000003e+00	9.4595137120267581e-01
2.7953125000000001e+00	9.4408055747608066e-01
2.7984375000000004e+00	9.4220410486260275e-01
2.8015625000000002e+00	9.4032206265155938e-01
2.8046875000000000e+00	9.3843448048215061e-01
2.8078125000000003e+00	9.3654140833844091e-01
2.8109375000000001e+00	9.3464289654427002e-01
2.8140625000000004e+00	9.3273899575809427e-01
2.8171875000000002e+00	9.3082975696775838e-01
2.8203125000000000e+00	9.2891523148519761e-01
2.8234375000000003e+00	9.2699547094107593e-01
2.8265625000000001e+00	9.2507052727935457e-01
2.8296875000000004e+00	9.2314045275179957e-01
2.8328125000000002e+00	9.2120529991242217e-01
2.8359375000000000e+00	9.1926512161185925e-01
2.8390625000000003e+00	9.1731997099169116e-01
2.8421875000000001e+00	9.1536990147870045e-01
2.8453125000000004e+00	9.1341496677906953e-01
2.8484375000000002e+00	9.1145522087252373e-01
2.8515625000000000e+00	9.0949071800641557e-01
2.8546875000000003e+00	9.0752151268975445e-01
2.8578125000000001e+00	9.0554765968718309e-01
2.8609375000000004e+00	9.0356921401290069e-01
2.8640625000000002e+00	9.0158623092453516e-01
2.8671875000000000e+00	8.9959876591696475e-01
2.8703125000000003e+00	8.9760687471609191e-01
2.8734375000000001e+00	8.9561061327256952e-01
2.8765625000000004e+00	8.9361003775548087e-01
2.8796875000000002e+00	8.9160520454597580e-01
2.8828125000000000e+00	8.8959617023086246e-01
2.8859375000000003e+00	8.8758299159615905e-01
2.8890625000000001e+00	8.8556572562060409e-01
2.8921875000000004e+00	8.8354442946912748e-01
2.8953125000000002e+00	8.8151916048628487e-01
2.8984375000000000e+00	8.7948997618965619e-01
2.9015625000000003e+00	8.7745693426320859e-01
2.9046875000000001e+00	8.7542009255062680e-01
2.9078125000000004e+00	8.7337950904861239e-01
2.9109375000000002e+00	8.7133524190015299e-01
2.9140625000000000e+00	8.6928734938776042e-01
2.9171875000000003e+00	8.6723588992668610e-01
2.9203125000000001e+00	8.6518092205810637e-01
2.9234375000000004e+00	8.6312250444228722e-01
2.9265625000000002e+00	8.6106069585172418e-01
2.9296875000000000e+00	8.5899555516426240e-01
2.9328125000000003e+00	8.5692714135619708e-01
2.9359375000000001e+00	8.5485551349535560e-01
2.9390625000000004e+00	8.5278073073416338e-01
2.9421875000000002e+00	8.5070285230269582e-01
2.9453125000000000e+00	8.4862193750171533e-01
2.9484375000000003e+00	8.4653804569569879e-01
2.9515625000000001e+00	8.4445123630585261e-01
2.9546875000000004e+00	8.4236156880312163e-01
2.9578125000000002e+00	8.4026910270118926e-01
2.9609375000000000e+00	8.3817389754947358e-01
2.9640625000000003e+00	8.3607601292611899e-01
2.9671875000000001e+00	8.3397550843098545e-01
2.9703125000000004e+00	8.3187244367863833e-01
2.9734375000000002e+00	8.2976687829133822e-01
2.9765625000000000e+00	8.2765887189203302e-01
2.9796875000000003e+00	8.2554848409735671e-01
2.9828125000000001e+00	8.2343577451063021e-01
2.9859375000000004e+00	8.2132080271487262e-01
2.9890625000000002e+00	8.1920362826582094e-01
2.9921875000000000e+00	8.1708431068495879e-01
2.9953125000000003e+00	8.1496290945255878e-01
2.9984375000000001e+00	8.1283948400073880e-01
3.0015625000000004e+00	8.1071409370653180e-01
3.0046875000000002e+00	8.0858584384781451e-01
3.0078125000000000e+00	8.0645577003864877e-01
3.0109375000000003e+00	8.0432393096032717e-01
3.0140625000000001e+00	8.0219038522139852e-01
3.0171875000000004e+00	8.0005519135066161e-01
3.0203125000000002e+00	7.9791840779018330e-01
3.0234375000000000e+00	7.9578009288834906e-01
3.0265625000000003e+00	7.9364030489294124e-01
3.0296875000000001e+00	7.9149910194425099e-01
3.0328125000000004e+00	7.8935654206822281e-01
3.0359375000000002e+00	7.8721268316963522e-01
3.0390625000000000e+00	7.8506758302531732e-01
3.0421875000000003e+00	7.8292129927740262e-01
3.0453125000000001e+00	7.8077388942662318e-01
3.0484375000000004e+00	7.7862541082564507e-01
3.0515625000000002e+00	7.7647592067244520e-01
3.0546875000000000e+00	7.7432547600373280e-01
3.0578125000000003e+00	7.7217413368841448e-01
3.0609375000000001e+00	7.7002195042110855e-01
3.0640625000000004e+00	7.6786898271570470e-01
3.0671875000000002e+00	7.6571528689897417e-01
3.0703125000000000e+00	7.6356091910423163e-01
3.0734375000000003e+00	7.6140593526504741e-01
3.0765625000000001e+00	7.5925039110901382e-01
3.0796875000000004e+00	7.5709434215156801e-01
3.0828125000000002e+00	7.5493784368986749e-01
3.0859375000000000e+00	7.5278095079672591e-01
3.0890625000000003e+00	7.5062371831460706e-01
3.0921875000000001e+00	7.4846620084967774e-01
3.0953125000000004e+00	7.4630845276592295e-01
3.0984375000000002e+00	7.4415052817932326e-01
3.1015625000000000e+00	7.4199248095209547e-01
3.1046875000000003e+00	7.3983436468699937e-01
3.1078125000000001e+00	7.3767623272170924e-01
3.1109375000000004e+00	7.3551813812325417e-01
3.1140625000000002e+00	7.3336013368252473e-01
3.1171875000000000e+00	7.3120227190885156e-01
3.1203125000000003e+00	7.2904460502465340e-01
3.1234375000000001e+00	7.2688718496015692e-01
3.1265625000000004e+00	7.2473006334819035e-01
3.1296875000000002e+00	7.2257329151905025e-01
3.1328125000000000e+00	7.2041692049544337e-01
3.1359375000000003e+00	7.1826100098750523e-01
3.1390625000000001e+00	7.1610558338789576e-01
3.1421875000000004e+00	7.1395071776697183e-01
3.1453125000000002e+00	7.1179645386804025e-01
3.1484375000000000e+00	7.0964284110268916e-01
3.1515625000000003e+00	7.0748992854620307e-01
3.1546875000000001e+00	7.0533776493305600e-01
3.1578125000000004e+00	7.0318639865249066e-01
3.1609375000000002e+00	7.0103587774417908e-01
3.1640625000000000e+00	6.9888624989396764e-01
3.1671875000000003e+00	6.9673756242970986e-01
3.1703125000000001e+00	6.9458986231718112e-01
3.1734375000000004e+00	6.9244319615608330e-01
3.1765625000000002e+00	6.9029761017613600e-01
3.1796875000000000e+00	6.8815315023325507e-01
3.1828125000000003e+00	6.8600986180582169e-01
3.1859375000000001e+00	6.8386778999103870e-01
3.1890625000000004e+00	6.8172697950138061e-01
3.1921875000000002e+00	6.7958747466113079e-01
3.1953125000000000e+00	6.7744931940301201e-01
3.1984375000000003e+00	6.7531255726490946e-01
3.2015625000000001e+00	6.7317723138668528e-01
3.2046875000000004e+00	6.7104338450708545e-01
3.2078125000000002e+00	6.6891105896074299e-01
3.2109375000000000e+00	6.6678029667527261e-01
3.2140625000000003e+00	6.6465113916846130e-01
3.2171875000000001e+00	6.6252362754555261e-01
3.2203125000000004e+00	6.6039780249662827e-01
3.2234375000000002e+00	6.5827370429408283e-01
3.2265625000000000e+00	6.5615137279019742e-01
3.2296875000000003e+00	6.5403084741480633e-01
3.2328125000000001e+00	6.5191216717306466e-01
3.2359375000000004e+00	6.4979537064330817e-01
3.2390625000000002e+00	6.4768049597501376e-01
3.2421875000000000e+00	6.4556758088685628e-01
3.2453125000000003e+00	6.4345666266486246e-01
3.2484375000000001e+00	6.4134777816066257e-01
3.2515625000000004e+00	6.3924096378984019e-01
3.2546875000000002e+00	6.3713625553038233e-01
3.2578125000000000e+00	6.3503368892122170e-01
3.2609375000000003e+00	6.3293329906088402e-01
3.2640625000000001e+00	6.3083512060622826e-01
3.2671875000000004e+00	6.2873918777128801e-01
3.2703125000000002e+00	6.2664553432620962e-01
3.2734375000000000e+00	6.2455419359628928e-01
3.2765625000000003e+00	6.2246519846110715e-01
3.2796875000000001e+00	6.2037858135375989e-01
3.2828125000000004e+00	6.1829437426019185e-01
3.2859375000000002e+00	6.1621260871862193e-01
3.2890625000000000e+00	6.1413331581906994e-01
3.2921875000000003e+00	6.1205652620297879e-01
3.2953125000000001e+00	6.0998227006293426e-01
3.2984375000000004e+00	6.0791057714248198e-01
3.3015625000000002e+00	6.0584147673603939e-01
3.3046875000000000e+00	6.0377499768890630e-01
3.3078125000000003e+00	6.0171116839736849e-01
3.3109375000000001e+00	5.9965001680889873e-01
3.3140625000000004e+00	5.9759157042245281e-01
3.3171875000000002e+00	5.9553585628885919e-01
3.3203125000000000e+00	5.9348290101130319e-01
3.3234375000000003e+00	5.9143273074590630e-01
3.3265625000000001e+00	5.8938537120239687e-01
3.3296875000000004e+00	5.8734084764487504e-01
3.3328125000000002e+00	5.8529918489266886e-01
3.3359375000000000e+00	5.8326040732128348e-01
3.3390625000000003e+00	5.8122453886343972e-01
3.3421875000000001e+00	5.7919160301020489e-01
3.3453125000000004e+00	5.7716162281221239e-01
3.3484375000000002e+00	5.7513462088097056e-01
3.3515625000000000e+00	5.7311061939026142e-01
3.3546875000000003e+00	5.7108964007762530e-01
3.3578125000000001e+00	5.6907170424593412e-01
3.3609375000000004e+00	5.6705683276505037e-01
3.3640625000000002e+00	5.6504504607357264e-01
3.3671875000000000e+00	5.6303636418066472e-01
3.3703125000000003e+00	5.6103080666796956e-01
3.3734375000000001e+00	5.5902839269160642e-01
3.3765625000000004e+00	5.5702914098425060e-01
3.3796875000000002e+00	5.5503306985729417e-01
3.3828125000000000e+00	5.5304019720308728e-01
3.3859375000000003e+00	5.5105054049726021e-01
3.3890625000000001e+00	5.4906411680112277e-01
3.3921875000000004e+00	5.4708094276414321e-01
3.3953125000000002e+00	5.4510103462650195e-01
3.3984375000000000e+00	5.4312440822172336e-01
3.4015625000000003e+00	5.4115107897938075e-01
3.4046875000000001e+00	5.3918106192787618e-01
3.4078125000000004e+00	5.3721437169729325e-01
3.4109375000000002e+00	5.3525102252231971e-01
3.4140625000000000e+00	5.3329102824524433e-01
3.4171875000000003e+00	5.3133440231901952e-01
3.4203125000000001e+00	5.2938115781039541e-01
3.4234375000000004e+00	5.2743130740311950e-01
3.4265625000000002e+00	5.2548486340120304e-01
3.4296875000000000e+00	5.2354183773225349e-01
3.4328125000000003e+00	5.2160224195086891e-01
3.4359375000000001e+00	5.1966608724209673e-01
3.4390625000000004e+00	5.1773338442495309e-01
3.4421875000000002e+00	5.1580414395600371e-01
3.4453125000000000e+00	5.1387837593300167e-01
3.4484375000000003e+00	5.1195609009858545e-01
3.4515625000000001e+00	5.1003729584403190e-01
3.4546875000000004e+00	5.0812200221306536e-01
3.4578125000000002e+00	5.0621021790572041e-01
3.4609375000000000e+00	5.0430195128225763e-01
3.4640625000000003e+00	5.0239721036713059e-01
3.4671875000000001e+00	5.0049600285300355e-01
3.4703125000000004e+00	4.9859833610481713e-01
3.4734375000000002e+00	4.9670421716390228e-01
3.4765625000000000e+00	4.9481365275214034e-01
3.4796875000000003e+00	4.9292664927616708e-01
3.4828125000000001e+00	4.9104321283162167e-01
3.4859375000000004e+00	4.8916334920743626e-01
3.4890625000000002e+00	4.8728706389016774e-01
3.4921875000000000e+00	4.8541436206836752e-01
3.4953125000000003e+00	4.8354524863699044e-01
3.4984375000000001e+00	4.8167972820183930e-01
3.5015625000000004e+00	4.7981780508404598e-01
3.5046875000000002e+00	4.7795948332458432e-01
3.5078125000000000e+00	4.7610476668881768e-01
3.5109375000000003e+00	4.7425365867107566e-01
3.5140625000000001e+00	4.7240616249926148e-01
3.5171875000000004e+00	4.7056228113948712e-01
3.5203125000000002e+00	4.6872201730073526e-01
3.5234375000000000e+00	4.6688537343954645e-01
3.5265625000000003e+00	4.6505235176473070e-01
3.5296875000000001e+00	4.6322295424210069e-01
3.5328125000000004e+00	4.6139718259922674e-01
3.5359375000000002e+00	4.5957503833021085e-01
3.5390625000000000e+00	4.5775652270047978e-01
3.5421875000000003e+00	4.5594163675159377e-01
3.5453125000000001e+00	4.5413038130607114e-01
3.5484375000000004e+00	4.5232275697222740e-01
3.5515625000000002e+00	4.5051876414902559e-01
3.5546875000000000e+00	4.4871840303093841e-01
3.5578125000000003e+00	4.4692167361282042e-01
3.5609375000000001e+00	4.4512857569478737e-01
3.5640625000000004e+00	4.4333910888710271e-01
3.5671875000000002e+00	4.4155327261507032e-01
3.5703125000000000e+00	4.3977106612393002e-01
3.5734375000000003e+00	4.3799248848375616e-01
3.5765625000000001e+00	4.3621753859435752e-01
3.5796875000000004e+00	4.3444621519017662e-01
3.5828125000000002e+00	4.3267851684518777e-01
3.5859375000000000e+00	4.3091444197779172e-01
3.5890625000000003e+00	4.2915398885570644e-01
3.5921875000000001e+00	4.2739715560085123e-01
3.5953125000000004e+00	4.2564394019422508e-01
3.5984375000000002e+00	4.2389434048077512e-01
3.6015625000000000e+00	4.2214835417425611e-01
3.6046875000000003e+00	4.2040597886207881e-01
3.6078125000000001e+00	4.1866721201014484e-01
3.6109375000000004e+00	4.1693205096766928e-01
3.6140625000000002e+00	4.1520049297198652e-01
3.6171875000000000e+00	4.1347253515334115e-01
3.6203125000000003e+00	4.1174817453965989e-01
3.6234375000000001e+00	4.1002740806130505e-01
3.6265625000000004e+00	4.0831023255580795e-01
3.6296875000000002e+00	4.0659664477258006e-01
3.6328125000000000e+00	4.0488664137760211e-01
3.6359375000000003e+00	4.0318021895808864e-01
3.6390625000000001e+00	4.0147737402712758e-01
3.6421875000000004e+00	3.9977810302829297e-01
3.6453125000000002e+00	3.9808240234023057e-01
3.6484375000000000e+00	3.9639026828121393e-01
3.6515625000000003e+00	3.9470169711367131e-01
3.6546875000000001e+00	3.9301668504868020e-01
3.6578125000000004e+00	3.9133522825043099e-01
3.6609375000000002e+00	3.8965732284065563e-01
3.6640625000000000e+00	3.8798296490302292e-01
3.6671875000000003e+00	3.8631215048749740e-01
3.6703125000000001e+00	3.8464487561466182e-01
3.6734375000000004e+00	3.8298113628000163e-01
3.6765625000000002e+00	3.8132092845815058e-01
3.6796875000000000e+00	3.7966424810709648e-01
3.6828125000000003e+00	3.7801109117234621e-01
3.6859375000000001e+00	3.7636145359104795e-01
3.6890625000000004e+00	3.7471533129607165e-01
3.6921875000000002e+00	3.7307272022004478e-01
3.6953125000000000e+00	3.7143361629934341e-01
3.6984375000000003e+00	3.6979801547803764e-01
3.7015625000000001e+00	3.6816591371179014e-01
3.7046875000000004e+00	3.6653730697170733e-01
3.7078125000000002e+00	3.6491219124814195e-01
3.7109375000000000e+00	3.6329056255444575e-01
3.7140625000000003e+00	3.6167241693067348e-01
3.7171875000000001e+00	3.6005775044723404e-01
3.7203125000000004e+00	3.5844655920849083e-01
3.7234375000000002e+00	3.5683883935631006e-01
3.7265625000000000e+00	3.5523458707355404e-01
3.7296875000000003e+00	3.5363379858752203e-01
3.7328125000000001e+00	3.5203647017333500e-01
3.7359375000000004e+00	3.5044259815726603e-01
3.7390625000000002e+00	3.4885217892001302e-01
3.7421875000000000e+00	3.4726520889991636e-01
3.7453125000000003e+00	3.4568168459611692e-01
3.7484375000000001e+00	3.4410160257165812e-01
3.7515625000000004e+00	3.4252495945652728e-01
3.7546875000000002e+00	3.4095175195063893e-01
3.7578125000000000e+00	3.3938197682675730e-01
3.7609375000000003e+00	3.3781563093335948e-01
3.7640625000000001e+00	3.3625271119743638e-01
3.7671875000000004e+00	3.3469321462723284e-01
3.7703125000000002e+00	3.3313713831492570e-01
3.7734375000000000e+00	3.3158447943923963e-01
3.7765625000000003e+00	3.3003523526799977e-01
3.7796875000000001e+00	3.2848940316062142e-01
3.7828125000000004e+00	3.2694698057053584e-01
3.7859375000000002e+00	3.2540796504755204e-01
3.7890625000000000e+00	3.2387235424015426e-01
3.7921875000000003e+00	3.2234014589773496e-01
3.7953125000000001e+00	3.2081133787276223e-01
3.7984375000000004e+00	3.1928592812288231e-01
3.8015625000000002e+00	3.1776391471295662e-01
3.8046875000000000e+00	3.1624529581703265e-01
3.8078125000000003e+00	3.1473006972024875e-01
3.8109375000000001e+00	3.1321823482067312e-01
3.8140625000000004e+00	3.1170978963107610e-01
3.8171875000000002e+00	3.1020473278063571e-01
3.8203125000000000e+00	3.0870306301657646e-01
3.8234375000000003e+00	3.0720477920574224e-01
3.8265625000000001e+00	3.0570988033610053e-01
3.8296875000000004e+00	3.0421836551818132e-01
3.8328125000000002e+00	3.0273023398644777e-01
3.8359375000000000e+00	3.0124548510060034e-01
3.8390625000000003e+00	2.9976411834681377e-01
3.8421875000000001e+00	2.9828613333890669e-01
3.8453125000000004e+00	2.9681152981944420e-01
3.8484375000000002e+00	2.9534030766077390e-01
3.8515625000000000e+00	2.9387246686599405e-01
3.8546875000000003e+00	2.9240800756985569e-01
3.8578125000000001e+00	2.9094693003959771e-01
3.8609375000000004e+00	2.8948923467571497e-01
3.8640625000000002e+00	2.8803492201266040e-01
3.8671875000000000e+00	2.8658399271948037e-01
3.8703125000000003e+00	2.8513644760038459e-01
3.8734375000000001e+00	2.8369228759524889e-01
3.8765625000000004e+00	2.8225151378005392e-01
3.8796875000000002e+00	2.8081412736725669e-01
3.8828125000000000e+00	2.7938012970609821e-01
3.8859375000000003e+00	2.7794952228284592e-01
3.8890625000000001e+00	2.7652230672097067e-01
3.8921875000000004e+00	2.7509848478126098e-01
3.8953125000000002e+00	2.7367805836187187e-01
3.8984375000000000e+00	2.7226102949831116e-01
3.9015625000000003e+00	2.7084740036336169e-01
3.9046875000000001e+00	2.6943717326694155e-01
3.9078125000000004e+00	2.6803035065590125e-01
3.9109375000000002e+00	2.6662693511375946e-01
3.9140625000000000e+00	2.6522692936037667e-01
3.9171875000000003e+00	2.6383033625156804e-01
3.9203125000000001e+00	2.6243715877865598e-01
3.9234375000000004e+00	2.6104740006796168e-01
3.9265625000000002e+00	2.5966106338023820e-01
3.9296875000000000e+00	2.5827815211004373e-01
3.9328125000000003e+00	2.5689866978505638e-01
3.9359375000000001e+00	2.5552262006533122e-01
3.9390625000000004e+00	2.5415000674249993e-01
3.9421875000000002e+00	2.5278083373891330e-01
3.9453125000000000e+00	2.5141510510672782e-01
3.9484375000000003e+00	2.5005282502693654e-01
3.9515625000000001e+00	2.4869399780834506e-01
3.9546875000000004e+00	2.4733862788649283e-01
3.9578125000000002e+00	2.4598671982252124e-01
3.9609375000000000e+00	2.4463827830198834e-01
3.9640625000000003e+00	2.4329330813363140e-01
3.9671875000000001e+00	2.4195181424807768e-01
3.9703125000000004e+00	2.4061380169650440e-01
3.9734375000000002e+00	2.3927927564924856e-01
3.9765625000000000e+00	2.3794824139436677e-01
3.9796875000000003e+00	2.3662070433614715e-01
3.9828125000000001e+00	2.3529666999357227e-01
3.9859375000000004e+00	2.3397614399873590e-01
3.9890625000000002e+00	2.3265913209521227e-01
3.9921875000000000e+00	2.3134564013638043e-01
3.9953125000000003e+00	2.3003567408370307e-01
3.9984375000000001e+00	2.2872924000496195e-01
