1.5625000000000001e-03	2.2929217294417176e-01
4.6875000000000007e-03	2.3059883554039076e-01
7.8125000000000000e-03	2.3190898524055012e-01
1.0937500000000001e-02	2.3322261545355552e-01
1.4062500000000000e-02	2.3453971969382337e-01
1.7187500000000001e-02	2.3586029158309829e-01
2.0312500000000001e-02	2.3718432485222751e-01
2.3437500000000000e-02	2.3851181334289076e-01
2.6562500000000003e-02	2.3984275100928512e-01
2.9687500000000002e-02	2.4117713191976406e-01
3.2812500000000001e-02	2.4251495025842976e-01
3.5937500000000004e-02	2.4385620032667829e-01
3.9062500000000000e-02	2.4520087654469633e-01
4.2187500000000003e-02	2.4654897345290924e-01
4.5312500000000006e-02	2.4790048571337928e-01
4.8437500000000001e-02	2.4925540811115360e-01
5.1562500000000004e-02	2.5061373555556149e-01
5.4687500000000000e-02	2.5197546308145924e-01
5.7812500000000003e-02	2.5334058585042313e-01
6.0937500000000006e-02	2.5470909915188905e-01
6.4062500000000008e-02	2.5608099840423876e-01
6.7187499999999997e-02	2.5745627915583086e-01
7.0312500000000000e-02	2.5883493708597788e-01
7.3437500000000003e-02	2.6021696800586674e-01
7.6562500000000006e-02	2.6160236785942387e-01
7.9687500000000008e-02	2.6299113272412245e-01
8.2812500000000011e-02	2.6438325881173330e-01
8.5937500000000000e-02	2.6577874246901700e-01
8.9062500000000003e-02	2.6717758017835785e-01
9.2187500000000006e-02	2.6857976855833909e-01
9.5312500000000008e-02	2.6998530436425766e-01
9.8437500000000011e-02	2.7139418448857994e-01
1.0156250000000000e-01	2.7280640596133621e-01
1.0468750000000000e-01	2.7422196595045467e-01
1.0781250000000001e-01	2.7564086176203378e-01
1.1093750000000001e-01	2.7706309084055225e-01
1.1406250000000001e-01	2.7848865076901791e-01
1.1718750000000000e-01	2.7991753926905255e-01
1.2031250000000000e-01	2.8134975420091457e-01
1.2343750000000001e-01	2.8278529356345822e-01
1.2656249999999999e-01	2.8422415549402846e-01
1.2968750000000001e-01	2.8566633826829235e-01
1.3281250000000000e-01	2.8711184030000575e-01
1.3593750000000002e-01	2.8856066014071513e-01
1.3906250000000001e-01	2.9001279647939504e-01
1.4218749999999999e-01	2.9146824814201955e-01
1.4531250000000001e-01	2.9292701409106930e-01
1.4843750000000000e-01	2.9438909342497149e-01
1.5156250000000002e-01	2.9585448537747544e-01
1.5468750000000001e-01	2.9732318931696106e-01
1.5781250000000002e-01	2.9879520474568200e-01
1.6093750000000001e-01	3.0027053129894166e-01
1.6406250000000000e-01	3.0174916874420310e-01
1.6718750000000002e-01	3.0323111698013294e-01
1.7031250000000001e-01	3.0471637603557761e-01
1.7343750000000002e-01	3.0620494606847393e-01
1.7656250000000001e-01	3.0769682736469245e-01
1.7968750000000000e-01	3.0919202033681409e-01
1.8281250000000002e-01	3.1069052552284049e-01
1.8593750000000001e-01	3.1219234358483611e-01
1.8906250000000002e-01	3.1369747530750780e-01
1.9218750000000001e-01	3.1520592159671146e-01
1.9531250000000000e-01	3.1671768347789853e-01
1.9843750000000002e-01	3.1823276209449169e-01
2.0156250000000001e-01	3.1975115870619675e-01
2.0468750000000002e-01	3.2127287468724758e-01
2.0781250000000001e-01	3.2279791152458459e-01
2.1093750000000000e-01	3.2432627081596893e-01
2.1406250000000002e-01	3.2585795426803005e-01
2.1718750000000001e-01	3.2739296369424786e-01
2.2031250000000002e-01	3.2893130101287132e-01
2.2343750000000001e-01	3.3047296824477040e-01
2.2656250000000000e-01	3.3201796751122514e-01
2.2968750000000002e-01	3.3356630103164975e-01
2.3281250000000001e-01	3.3511797112125330e-01
2.3593750000000002e-01	3.3667298018863673e-01
2.3906250000000001e-01	3.3823133073332712e-01
2.4218750000000000e-01	3.3979302534324962e-01
2.4531250000000002e-01	3.4135806669213620e-01
2.4843750000000001e-01	3.4292645753687373e-01
2.5156250000000002e-01	3.4449820071479026e-01
2.5468750000000001e-01	3.4607329914088053e-01
2.5781250000000000e-01	3.4765175580497137e-01
2.6093749999999999e-01	3.4923357376882780e-01
2.6406250000000003e-01	3.5081875616319841e-01
2.6718750000000002e-01	3.5240730618480426e-01
2.7031250000000001e-01	3.5399922709326814e-01
2.7343750000000000e-01	3.5559452220798704e-01
2.7656249999999999e-01	3.5719319490494772e-01
2.7968750000000003e-01	3.5879524861348699e-01
2.8281250000000002e-01	3.6040068681299470e-01
2.8593750000000001e-01	3.6200951302956391e-01
2.8906250000000000e-01	3.6362173083258587e-01
2.9218749999999999e-01	3.6523734383129225e-01
2.9531250000000003e-01	3.6685635567124519e-01
2.9843750000000002e-01	3.6847877003077345e-01
3.0156250000000001e-01	3.7010459061736117e-01
3.0468750000000000e-01	3.7173382116398318e-01
3.0781250000000004e-01	3.7336646542539281e-01
3.1093750000000003e-01	3.7500252717436067e-01
3.1406250000000002e-01	3.7664201019786558e-01
3.1718750000000001e-01	3.7828491829323979e-01
3.2031250000000000e-01	3.7993125526426663e-01
3.2343750000000004e-01	3.8158102491723456e-01
3.2656250000000003e-01	3.8323423105694782e-01
3.2968750000000002e-01	3.8489087748269168e-01
3.3281250000000001e-01	3.8655096798415928e-01
3.3593750000000000e-01	3.8821450633733262e-01
3.3906250000000004e-01	3.8988149630032887e-01
3.4218750000000003e-01	3.9155194160920292e-01
3.4531250000000002e-01	3.9322584597371546e-01
3.4843750000000001e-01	3.9490321307306236e-01
3.5156250000000000e-01	3.9658404655156804e-01
3.5468750000000004e-01	3.9826835001434535e-01
3.5781250000000003e-01	3.9995612702292049e-01
3.6093750000000002e-01	4.0164738109082632e-01
3.6406250000000001e-01	4.0334211567916395e-01
3.6718750000000000e-01	4.0504033419213359e-01
3.7031250000000004e-01	4.0674203997253705e-01
3.7343750000000003e-01	4.0844723629725188e-01
3.7656250000000002e-01	4.1015592637267878e-01
3.7968750000000001e-01	4.1186811333016365e-01
3.8281250000000000e-01	4.1358380022139507e-01
3.8593750000000004e-01	4.1530299001377874e-01
3.8906250000000003e-01	4.1702568558579001e-01
3.9218750000000002e-01	4.1875188972230626e-01
3.9531250000000001e-01	4.2048160510991833e-01
3.9843750000000000e-01	4.2221483433222695e-01
4.0156250000000004e-01	4.2395157986511789e-01
4.0468750000000003e-01	4.2569184407202620e-01
4.0781250000000002e-01	4.2743562919918282e-01
4.1093750000000001e-01	4.2918293737084984e-01
4.1406250000000000e-01	4.3093377058454396e-01
4.1718750000000004e-01	4.3268813070624917e-01
4.2031250000000003e-01	4.3444601946562073e-01
4.2343750000000002e-01	4.3620743845118259e-01
4.2656250000000001e-01	4.3797238910551606e-01
4.2968750000000000e-01	4.3974087272044599e-01
4.3281250000000004e-01	4.4151289043222264e-01
4.3593750000000003e-01	4.4328844321670041e-01
4.3906250000000002e-01	4.4506753188451770e-01
4.4218750000000001e-01	4.4685015707627518e-01
4.4531250000000000e-01	4.4863631925771785e-01
4.4843750000000004e-01	4.5042601871491950e-01
4.5156250000000003e-01	4.5221925554947207e-01
4.5468750000000002e-01	4.5401602967368110e-01
4.5781250000000001e-01	4.5581634080576938e-01
4.6093750000000000e-01	4.5762018846508862e-01
4.6406250000000004e-01	4.5942757196734185e-01
4.6718750000000003e-01	4.6123849041981863e-01
4.7031250000000002e-01	4.6305294271664083e-01
4.7343750000000001e-01	4.6487092753402626e-01
4.7656250000000000e-01	4.6669244332556642e-01
4.7968750000000004e-01	4.6851748831752110e-01
4.8281250000000003e-01	4.7034606050413408e-01
4.8593750000000002e-01	4.7217815764296711e-01
4.8906250000000001e-01	4.7401377725025562e-01
4.9218750000000000e-01	4.7585291659628998e-01
4.9531250000000004e-01	4.7769557270081719e-01
4.9843750000000003e-01	4.7954174232847235e-01
5.0156250000000002e-01	4.8139142198423479e-01
5.0468750000000007e-01	4.8324460790891471e-01
5.0781250000000000e-01	4.8510129607466851e-01
5.1093750000000004e-01	4.8696148218054669e-01
5.1406249999999998e-01	4.8882516164807382e-01
5.1718750000000002e-01	4.9069232961686332e-01
5.2031250000000007e-01	4.9256298094026801e-01
5.2343750000000000e-01	4.9443711018106729e-01
5.2656250000000004e-01	4.9631471160719265e-01
5.2968749999999998e-01	4.9819577918749364e-01
5.3281250000000002e-01	5.0008030658754399e-01
5.3593750000000007e-01	5.0196828716549102e-01
5.3906250000000000e-01	5.0385971396794849e-01
5.4218750000000004e-01	5.0575457972593485e-01
5.4531249999999998e-01	5.0765287685085725e-01
5.4843750000000002e-01	5.0955459743054421e-01
5.5156250000000007e-01	5.1145973322532690e-01
5.5468750000000000e-01	5.1336827566417054e-01
5.5781250000000004e-01	5.1528021584085837e-01
5.6093749999999998e-01	5.1719554451022776e-01
5.6406250000000002e-01	5.1911425208446016e-01
5.6718750000000007e-01	5.2103632862942739e-01
5.7031250000000000e-01	5.2296176386109494e-01
5.7343750000000004e-01	5.2489054714198102e-01
5.7656249999999998e-01	5.2682266747767759e-01
5.7968750000000002e-01	5.2875811351342927e-01
5.8281250000000007e-01	5.3069687353077533e-01
5.8593750000000000e-01	5.3263893544425311e-01
5.8906250000000004e-01	5.3458428679816716e-01
5.9218749999999998e-01	5.3653291476342113e-01
5.9531250000000002e-01	5.3848480613441629e-01
5.9843750000000007e-01	5.4043994732601941e-01
6.0156250000000000e-01	5.4239832437059510e-01
6.0468750000000004e-01	5.4435992291511182e-01
6.0781250000000009e-01	5.4632472821831457e-01
6.1093750000000002e-01	5.4829272514797101e-01
6.1406250000000007e-01	5.5026389817819044e-01
6.1718750000000000e-01	5.5223823138681483e-01
6.2031250000000004e-01	5.5421570845288592e-01
6.2343750000000009e-01	5.5619631265418590e-01
6.2656250000000002e-01	5.5818002686485757e-01
6.2968750000000007e-01	5.6016683355309760e-01
6.3281250000000000e-01	5.6215671477893314e-01
6.3593750000000004e-01	5.6414965219207269e-01
6.3906250000000009e-01	5.6614562702984117e-01
6.4218750000000002e-01	5.6814462011519273e-01
6.4531250000000007e-01	5.7014661185480808e-01
6.4843750000000000e-01	5.7215158223727192e-01
6.5156250000000004e-01	5.7415951083133576e-01
6.5468750000000009e-01	5.7617037678426331e-01
6.5781250000000002e-01	5.7818415882026231e-01
6.6093750000000007e-01	5.8020083523900090e-01
6.6406250000000000e-01	5.8222038391421060e-01
6.6718750000000004e-01	5.8424278229237647e-01
6.7031250000000009e-01	5.8626800739151519e-01
6.7343750000000002e-01	5.8829603580004075e-01
6.7656250000000007e-01	5.9032684367572008e-01
6.7968750000000000e-01	5.9236040674471768e-01
6.8281250000000004e-01	5.9439670030073011e-01
6.8593750000000009e-01	5.9643569920421191e-01
6.8906250000000002e-01	5.9847737788169197e-01
6.9218750000000007e-01	6.0052171032518220e-01
6.9531250000000000e-01	6.0256867009167792e-01
6.9843750000000004e-01	6.0461823030275175e-01
7.0156250000000009e-01	6.0667036364423832e-01
7.0468750000000002e-01	6.0872504236601643e-01
7.0781250000000007e-01	6.1078223828188050e-01
7.1093750000000000e-01	6.1284192276950922e-01
7.1406250000000004e-01	6.1490406677052778e-01
7.1718750000000009e-01	6.1696864079066505e-01
7.2031250000000002e-01	6.1903561490000580e-01
7.2343750000000007e-01	6.2110495873333682e-01
7.2656250000000000e-01	6.2317664149059504e-01
7.2968750000000004e-01	6.2525063193739838e-01
7.3281250000000009e-01	6.2732689840568678e-01
7.3593750000000002e-01	6.2940540879445162e-01
7.3906250000000007e-01	6.3148613057056213e-01
7.4218750000000000e-01	6.3356903076968851e-01
7.4531250000000004e-01	6.3565407599732293e-01
7.4843750000000009e-01	6.3774123242989478e-01
7.5156250000000002e-01	6.3983046581598368e-01
7.5468750000000007e-01	6.4192174147762937e-01
7.5781250000000000e-01	6.4401502431173507e-01
7.6093750000000004e-01	6.4611027879157179e-01
7.6406250000000009e-01	6.4820746896837478e-01
7.6718750000000002e-01	6.5030655847303753e-01
7.7031250000000007e-01	6.5240751051790291e-01
7.7343750000000000e-01	6.5451028789864907e-01
7.7656250000000004e-01	6.5661485299627098e-01
7.7968750000000009e-01	6.5872116777915646e-01
7.8281250000000002e-01	6.6082919380525973e-01
7.8593750000000007e-01	6.6293889222436786e-01
7.8906250000000000e-01	6.6505022378046330e-01
7.9218750000000004e-01	6.6716314881417860e-01
7.9531250000000009e-01	6.6927762726534723e-01
7.9843750000000002e-01	6.7139361867564717e-01
8.0156250000000007e-01	6.7351108219133715e-01
8.0468750000000000e-01	6.7562997656608681e-01
8.0781250000000004e-01	6.7775026016389750e-01
8.1093750000000009e-01	6.7987189096211720e-01
8.1406250000000002e-01	6.8199482655454347e-01
8.1718750000000007e-01	6.8411902415462122e-01
8.2031250000000000e-01	6.8624444059872747e-01
8.2343750000000004e-01	6.8837103234954655e-01
8.2656250000000009e-01	6.9049875549953699e-01
8.2968750000000002e-01	6.9262756577448181e-01
8.3281250000000007e-01	6.9475741853713091e-01
8.3593750000000000e-01	6.9688826879092980e-01
8.3906250000000004e-01	6.9902007118383336e-01
8.4218750000000009e-01	7.0115278001220627e-01
8.4531250000000002e-01	7.0328634922480826e-01
8.4843750000000007e-01	7.0542073242686387e-01
8.5156250000000000e-01	7.0755588288421478e-01
8.5468750000000004e-01	7.0969175352755631e-01
8.5781250000000009e-01	7.1182829695675454e-01
8.6093750000000002e-01	7.1396546544524364e-01
8.6406250000000007e-01	7.1610321094450569e-01
8.6718750000000000e-01	7.1824148508862751e-01
8.7031250000000004e-01	7.2038023919893690e-01
8.7343750000000009e-01	7.2251942428871496e-01
8.7656250000000002e-01	7.2465899106798626e-01
8.7968750000000007e-01	7.2679888994838382e-01
8.8281250000000000e-01	7.2893907104808786e-01
8.8593750000000004e-01	7.3107948419683821e-01
8.8906250000000009e-01	7.3322007894102026e-01
8.9218750000000002e-01	7.3536080454882002e-01
8.9531250000000007e-01	7.3750161001545056e-01
8.9843750000000000e-01	7.3964244406844770e-01
9.0156250000000004e-01	7.4178325517303378e-01
9.0468750000000009e-01	7.4392399153754629e-01
9.0781250000000002e-01	7.4606460111893513e-01
9.1093750000000007e-01	7.4820503162832253e-01
9.1406250000000000e-01	7.5034523053662550e-01
9.1718750000000004e-01	7.5248514508024411e-01
9.2031250000000009e-01	7.5462472226680477e-01
9.2343750000000002e-01	7.5676390888096934e-01
9.2656250000000007e-01	7.5890265149029801e-01
9.2968750000000000e-01	7.6104089645117190e-01
9.3281250000000004e-01	7.6317858991477039e-01
9.3593750000000009e-01	7.6531567783310317e-01
9.3906250000000002e-01	7.6745210596509561e-01
9.4218750000000007e-01	7.6958781988272662e-01
9.4531250000000000e-01	7.7172276497721581e-01
9.4843750000000004e-01	7.7385688646526130e-01
9.5156250000000009e-01	7.7599012939532419e-01
9.5468750000000002e-01	7.7812243865396069e-01
9.5781250000000007e-01	7.8025375897219806e-01
9.6093750000000000e-01	7.8238403493195530e-01
9.6406250000000004e-01	7.8451321097250604e-01
9.6718750000000009e-01	7.8664123139698150e-01
9.7031250000000002e-01	7.8876804037891357e-01
9.7343750000000007e-01	7.9089358196881687e-01
9.7656250000000000e-01	7.9301780010080458e-01
9.7968750000000004e-01	7.9514063859924211e-01
9.8281250000000009e-01	7.9726204118543365e-01
9.8593750000000002e-01	7.9938195148434077e-01
9.8906250000000007e-01	8.0150031303133062e-01
9.9218750000000000e-01	8.0361706927895582e-01
9.9531250000000004e-01	8.0573216360375921e-01
9.9843750000000009e-01	8.0784553931310732e-01
1.0015625000000001e+00	8.0995713965204696e-01
1.0046875000000000e+00	8.1206586328606267e-01
1.0078125000000000e+00	8.1417267296408791e-01
1.0109375000000000e+00	8.1627751123164716e-01
1.0140625000000001e+00	8.1838032058830024e-01
1.0171875000000001e+00	8.2048104349439743e-01
1.0203125000000000e+00	8.2257962237784199e-01
1.0234375000000000e+00	8.2467599964086691e-01
1.0265625000000000e+00	8.2677011766682085e-01
1.0296875000000001e+00	8.2886191882696003e-01
1.0328125000000001e+00	8.3095134548724792e-01
1.0359375000000000e+00	8.3303834001515864e-01
1.0390625000000000e+00	8.3512284478648369e-01
1.0421875000000000e+00	8.3720480219213944e-01
1.0453125000000001e+00	8.3928415464497630e-01
1.0484375000000001e+00	8.4136084458658256e-01
1.0515625000000000e+00	8.4343481449409030e-01
1.0546875000000000e+00	8.4550600688697020e-01
1.0578125000000000e+00	8.4757436433382538e-01
1.0609375000000001e+00	8.4963982945917349e-01
1.0640625000000001e+00	8.5170234495022079e-01
1.0671875000000000e+00	8.5376185356362511e-01
1.0703125000000000e+00	8.5581829813224664e-01
1.0734375000000000e+00	8.5787162157188190e-01
1.0765625000000001e+00	8.5992176688798461e-01
1.0796875000000001e+00	8.6196867718236914e-01
1.0828125000000000e+00	8.6401229565989268e-01
1.0859375000000000e+00	8.6605256563511968e-01
1.0890625000000000e+00	8.6808943053896281e-01
1.0921875000000001e+00	8.7012283392530076e-01
1.0953125000000001e+00	8.7215271947757156e-01
1.0984375000000000e+00	8.7417903101533823e-01
1.1015625000000000e+00	8.7620171250082923e-01
1.1046875000000000e+00	8.7822070804544472e-01
1.1078125000000001e+00	8.8023596191623688e-01
1.1109375000000001e+00	8.8224741854235533e-01
1.1140625000000000e+00	8.8425502252145805e-01
1.1171875000000000e+00	8.8625871862608907e-01
1.1203125000000000e+00	8.8825845181001795e-01
1.1234375000000001e+00	8.9025416721454098e-01
1.1265625000000001e+00	8.9224581017474369e-01
1.1296875000000000e+00	8.9423332622572249e-01
1.1328125000000000e+00	8.9621666110876319e-01
1.1359375000000000e+00	8.9819576077747487e-01
1.1390625000000001e+00	9.0017057140388168e-01
1.1421875000000001e+00	9.0214103938446499e-01
1.1453125000000000e+00	9.0410711134615918e-01
1.1484375000000000e+00	9.0606873415229849e-01
1.1515625000000000e+00	9.0802585490851273e-01
1.1546875000000001e+00	9.0997842096857162e-01
1.1578125000000001e+00	9.1192637994017633e-01
1.1609375000000000e+00	9.1386967969069610e-01
1.1640625000000000e+00	9.1580826835284934e-01
1.1671875000000000e+00	9.1774209433032916e-01
1.1703125000000001e+00	9.1967110630336946e-01
1.1734375000000001e+00	9.2159525323425162e-01
1.1765625000000000e+00	9.2351448437275319e-01
1.1796875000000000e+00	9.2542874926153185e-01
1.1828125000000000e+00	9.2733799774144854e-01
1.1859375000000001e+00	9.2924217995682623e-01
1.1890625000000001e+00	9.3114124636064477e-01
1.1921875000000000e+00	9.3303514771966722e-01
1.1953125000000000e+00	9.3492383511950095e-01
1.1984375000000000e+00	9.3680725996959124e-01
1.2015625000000001e+00	9.3868537400814300e-01
1.2046875000000001e+00	9.4055812930697402e-01
1.2078125000000002e+00	9.4242547827629686e-01
1.2109375000000000e+00	9.4428737366942839e-01
1.2140625000000000e+00	9.4614376858742477e-01
1.2171875000000001e+00	9.4799461648364480e-01
1.2203125000000001e+00	9.4983987116823587e-01
1.2234375000000002e+00	9.5167948681254433e-01
1.2265625000000000e+00	9.5351341795345057e-01
1.2296875000000000e+00	9.5534161949762386e-01
1.2328125000000001e+00	9.5716404672570032e-01
1.2359375000000001e+00	9.5898065529638155e-01
1.2390625000000002e+00	9.6079140125045126e-01
1.2421875000000000e+00	9.6259624101471297e-01
1.2453125000000000e+00	9.6439513140584432e-01
1.2484375000000001e+00	9.6618802963417016e-01
1.2515625000000001e+00	9.6797489330735254e-01
1.2546875000000002e+00	9.6975568043399396e-01
1.2578125000000000e+00	9.7153034942715988e-01
1.2609375000000000e+00	9.7329885910781444e-01
1.2640625000000001e+00	9.7506116870816884e-01
1.2671875000000001e+00	9.7681723787494634e-01
1.2703125000000002e+00	9.7856702667255668e-01
1.2734375000000000e+00	9.8031049558618666e-01
1.2765625000000000e+00	9.8204760552479886e-01
1.2796875000000001e+00	9.8377831782404523e-01
1.2828125000000001e+00	9.8550259424908859e-01
1.2859375000000002e+00	9.8722039699733732e-01
1.2890625000000000e+00	9.8893168870108639e-01
1.2921875000000000e+00	9.9063643243007260e-01
1.2953125000000001e+00	9.9233459169393501e-01
1.2984375000000001e+00	9.9402613044458610e-01
1.3015625000000002e+00	9.9571101307849108e-01
1.3046875000000000e+00	9.9738920443885515e-01
1.3078125000000000e+00	9.9906066981771857e-01
1.3109375000000001e+00	1.0007253749579592e+00
1.3140625000000001e+00	1.0023832860552038e+00
1.3171875000000002e+00	1.0040343697596430e+00
1.3203125000000000e+00	1.0056785931777572e+00
1.3234375000000000e+00	1.0073159238739455e+00
1.3265625000000001e+00	1.0089463298720645e+00
1.3296875000000001e+00	1.0105697796568702e+00
1.3328125000000002e+00	1.0121862421753698e+00
1.3359375000000000e+00	1.0137956868380746e+00
1.3390625000000000e+00	1.0153980835201659e+00
1.3421875000000001e+00	1.0169934025625595e+00
1.3453125000000001e+00	1.0185816147728830e+00
1.3484375000000002e+00	1.0201626914263535e+00
1.3515625000000000e+00	1.0217366042665654e+00
1.3546875000000000e+00	1.0233033255061825e+00
1.3578125000000001e+00	1.0248628278275362e+00
1.3609375000000001e+00	1.0264150843831314e+00
1.3640625000000002e+00	1.0279600687960566e+00
1.3671875000000000e+00	1.0294977551603031e+00
1.3703125000000000e+00	1.0310281180409884e+00
1.3734375000000001e+00	1.0325511324744880e+00
1.3765625000000001e+00	1.0340667739684752e+00
1.3796875000000002e+00	1.0355750185018653e+00
1.3828125000000000e+00	1.0370758425246696e+00
1.3859375000000000e+00	1.0385692229577579e+00
1.3890625000000001e+00	1.0400551371925266e+00
1.3921875000000001e+00	1.0415335630904774e+00
1.3953125000000002e+00	1.0430044789827040e+00
1.3984375000000000e+00	1.0444678636692881e+00
1.4015625000000000e+00	1.0459236964186047e+00
1.4046875000000001e+00	1.0473719569665376e+00
1.4078125000000001e+00	1.0488126255156063e+00
1.4109375000000002e+00	1.0502456827340008e+00
1.4140625000000000e+00	1.0516711097545304e+00
1.4171875000000000e+00	1.0530888881734843e+00
1.4203125000000001e+00	1.0544990000494026e+00
1.4234375000000001e+00	1.0559014279017607e+00
1.4265625000000002e+00	1.0572961547095681e+00
1.4296875000000000e+00	1.0586831639098804e+00
1.4328125000000000e+00	1.0600624393962257e+00
1.4359375000000001e+00	1.0614339655169458e+00
1.4390625000000001e+00	1.0627977270734537e+00
1.4421875000000002e+00	1.0641537093184077e+00
1.4453125000000000e+00	1.0655018979538011e+00
1.4484375000000000e+00	1.0668422791289709e+00
1.4515625000000001e+00	1.0681748394385242e+00
1.4546875000000001e+00	1.0694995659201851e+00
1.4578125000000002e+00	1.0708164460525589e+00
1.4609375000000000e+00	1.0721254677528180e+00
1.4640625000000000e+00	1.0734266193743109e+00
1.4671875000000001e+00	1.0747198897040906e+00
1.4703125000000001e+00	1.0760052679603664e+00
1.4734375000000002e+00	1.0772827437898824e+00
1.4765625000000000e+00	1.0785523072652154e+00
1.4796875000000000e+00	1.0798139488820027e+00
1.4828125000000001e+00	1.0810676595560935e+00
1.4859375000000001e+00	1.0823134306206297e+00
1.4890625000000002e+00	1.0835512538230521e+00
1.4921875000000000e+00	1.0847811213220366e+00
1.4953125000000000e+00	1.0860030256843618e+00
1.4984375000000001e+00	1.0872169598817041e+00
1.5015625000000001e+00	1.0884229172873690e+00
1.5046875000000002e+00	1.0896208916729497e+00
1.5078125000000000e+00	1.0908108772049243e+00
1.5109375000000000e+00	1.0919928684411844e+00
1.5140625000000001e+00	1.0931668603275011e+00
1.5171875000000001e+00	1.0943328481939270e+00
1.5203125000000002e+00	1.0954908277511348e+00
1.5234375000000000e+00	1.0966407950866979e+00
1.5265625000000000e+00	1.0977827466613073e+00
1.5296875000000001e+00	1.0989166793049310e+00
1.5328125000000001e+00	1.1000425902129143e+00
1.5359375000000002e+00	1.1011604769420258e+00
1.5390625000000000e+00	1.1022703374064435e+00
1.5421875000000000e+00	1.1033721698736891e+00
1.5453125000000001e+00	1.1044659729605077e+00
1.5484375000000001e+00	1.1055517456286947e+00
1.5515625000000002e+00	1.1066294871808715e+00
1.5546875000000000e+00	1.1076991972562109e+00
1.5578125000000000e+00	1.1087608758261136e+00
1.5609375000000001e+00	1.1098145231898360e+00
1.5640625000000001e+00	1.1108601399700717e+00
1.5671875000000002e+00	1.1118977271084878e+00
1.5703125000000000e+00	1.1129272858612165e+00
1.5734375000000000e+00	1.1139488177943022e+00
1.5765625000000001e+00	1.1149623247791083e+00
1.5796875000000001e+00	1.1159678089876821e+00
1.5828125000000002e+00	1.1169652728880812e+00
1.5859375000000000e+00	1.1179547192396595e+00
1.5890625000000000e+00	1.1189361510883178e+00
1.5921875000000001e+00	1.1199095717617178e+00
1.5953125000000001e+00	1.1208749848644606e+00
1.5984375000000002e+00	1.1218323942732333e+00
1.6015625000000000e+00	1.1227818041319224e+00
1.6046875000000000e+00	1.1237232188466955e+00
1.6078125000000001e+00	1.1246566430810545e+00
1.6109375000000001e+00	1.1255820817508597e+00
1.6140625000000002e+00	1.1264995400193261e+00
1.6171875000000000e+00	1.1274090232919953e+00
1.6203125000000000e+00	1.1283105372116811e+00
1.6234375000000001e+00	1.1292040876533920e+00
1.6265625000000001e+00	1.1300896807192320e+00
1.6296875000000002e+00	1.1309673227332799e+00
1.6328125000000000e+00	1.1318370202364501e+00
1.6359375000000000e+00	1.1326987799813326e+00
1.6390625000000001e+00	1.1335526089270189e+00
1.6421875000000001e+00	1.1343985142339101e+00
1.6453125000000002e+00	1.1352365032585099e+00
1.6484375000000000e+00	1.1360665835482071e+00
1.6515625000000000e+00	1.1368887628360440e+00
1.6546875000000001e+00	1.1377030490354727e+00
1.6578125000000001e+00	1.1385094502351065e+00
1.6609375000000002e+00	1.1393079746934578e+00
1.6640625000000000e+00	1.1400986308336731e+00
1.6671875000000000e+00	1.1408814272382608e+00
1.6703125000000001e+00	1.1416563726438134e+00
1.6734375000000001e+00	1.1424234759357301e+00
1.6765625000000002e+00	1.1431827461429340e+00
1.6796875000000000e+00	1.1439341924325901e+00
1.6828125000000000e+00	1.1446778241048250e+00
1.6859375000000001e+00	1.1454136505874468e+00
1.6890625000000001e+00	1.1461416814306689e+00
1.6921875000000002e+00	1.1468619263018396e+00
1.6953125000000000e+00	1.1475743949801749e+00
1.6984375000000000e+00	1.1482790973515007e+00
1.7015625000000001e+00	1.1489760434030005e+00
1.7046875000000001e+00	1.1496652432179768e+00
1.7078125000000002e+00	1.1503467069706177e+00
1.7109375000000000e+00	1.1510204449207790e+00
1.7140625000000000e+00	1.1516864674087806e+00
1.7171875000000001e+00	1.1523447848502117e+00
1.7203125000000001e+00	1.1529954077307583e+00
1.7234375000000002e+00	1.1536383466010420e+00
1.7265625000000000e+00	1.1542736120714807e+00
1.7296875000000000e+00	1.1549012148071642e+00
1.7328125000000001e+00	1.1555211655227560e+00
1.7359375000000001e+00	1.1561334749774097e+00
1.7390625000000002e+00	1.1567381539697139e+00
1.7421875000000000e+00	1.1573352133326575e+00
1.7453125000000000e+00	1.1579246639286216e+00
1.7484375000000001e+00	1.1585065166443969e+00
1.7515625000000001e+00	1.1590807823862275e+00
1.7546875000000002e+00	1.1596474720748851e+00
1.7578125000000000e+00	1.1602065966407713e+00
1.7609375000000000e+00	1.1607581670190514e+00
1.7640625000000001e+00	1.1613021941448189e+00
1.7671875000000001e+00	1.1618386889482932e+00
1.7703125000000002e+00	1.1623676623500523e+00
1.7734375000000000e+00	1.1628891252562987e+00
1.7765625000000000e+00	1.1634030885541637e+00
1.7796875000000001e+00	1.1639095631070462e+00
1.7828125000000001e+00	1.1644085597499911e+00
1.7859375000000002e+00	1.1649000892851089e+00
1.7890625000000000e+00	1.1653841624770305e+00
1.7921875000000000e+00	1.1658607900484086e+00
1.7953125000000001e+00	1.1663299826754583e+00
1.7984375000000001e+00	1.1667917509835417e+00
1.8015625000000002e+00	1.1672461055427983e+00
1.8046875000000000e+00	1.1676930568638171e+00
1.8078125000000000e+00	1.1681326153933591e+00
1.8109375000000001e+00	1.1685647915101245e+00
1.8140625000000001e+00	1.1689895955205682e+00
1.8171875000000002e+00	1.1694070376547656e+00
1.8203125000000000e+00	1.1698171280623266e+00
1.8234375000000000e+00	1.1702198768083634e+00
1.8265625000000001e+00	1.1706152938695049e+00
1.8296875000000001e+00	1.1710033891299716e+00
1.8328125000000002e+00	1.1713841723776950e+00
1.8359375000000000e+00	1.1717576533004992e+00
1.8390625000000000e+00	1.1721238414823336e+00
1.8421875000000001e+00	1.1724827463995620e+00
1.8453125000000001e+00	1.1728343774173104e+00
1.8484375000000002e+00	1.1731787437858707e+00
1.8515625000000000e+00	1.1735158546371640e+00
1.8546875000000000e+00	1.1738457189812628e+00
1.8578125000000001e+00	1.1741683457029728e+00
1.8609375000000001e+00	1.1744837435584776e+00
1.8640625000000002e+00	1.1747919211720419e+00
1.8671875000000000e+00	1.1750928870327788e+00
1.8703125000000000e+00	1.1753866494914813e+00
1.8734375000000001e+00	1.1756732167575150e+00
1.8765625000000001e+00	1.1759525968957758e+00
1.8796875000000002e+00	1.1762247978237144e+00
1.8828125000000000e+00	1.1764898273084254e+00
1.8859375000000000e+00	1.1767476929638023e+00
1.8890625000000001e+00	1.1769984022477600e+00
1.8921875000000001e+00	1.1772419624595243e+00
1.8953125000000002e+00	1.1774783807369924e+00
1.8984375000000000e+00	1.1777076640541575e+00
1.9015625000000000e+00	1.1779298192186074e+00
1.9046875000000001e+00	1.1781448528690899e+00
1.9078125000000001e+00	1.1783527714731503e+00
1.9109375000000002e+00	1.1785535813248393e+00
1.9140625000000000e+00	1.1787472885424928e+00
1.9171875000000000e+00	1.1789338990665832e+00
1.9203125000000001e+00	1.1791134186576442e+00
1.9234375000000001e+00	1.1792858528942665e+00
1.9265625000000002e+00	1.1794512071711702e+00
1.9296875000000000e+00	1.1796094866973479e+00
1.9328125000000000e+00	1.1797606964942835e+00
1.9359375000000001e+00	1.1799048413942463e+00
1.9390625000000001e+00	1.1800419260386588e+00
1.9421875000000002e+00	1.1801719548765410e+00
1.9453125000000000e+00	1.1802949321630296e+00
1.9484375000000000e+00	1.1804108619579741e+00
1.9515625000000001e+00	1.1805197481246099e+00
1.9546875000000001e+00	1.1806215943283063e+00
1.9578125000000002e+00	1.1807164040353930e+00
1.9609375000000000e+00	1.1808041805120650e+00
1.9640625000000000e+00	1.1808849268233612e+00
1.9671875000000001e+00	1.1809586458322261e+00
1.9703125000000001e+00	1.1810253401986450e+00
1.9734375000000002e+00	1.1810850123788617e+00
1.9765625000000000e+00	1.1811376646246698e+00
1.9796875000000000e+00	1.1811832989827877e+00
1.9828125000000001e+00	1.1812219172943095e+00
1.9859375000000001e+00	1.1812535211942345e+00
1.9890625000000002e+00	1.1812781121110791e+00
1.9921875000000000e+00	1.1812956912665640e+00
1.9953125000000000e+00	1.1813062596753832e+00
1.9984375000000001e+00	1.1813098181450525e+00
2.0015624999999999e+00	1.1813063672758364e+00
2.0046875000000002e+00	1.1812948621722830e+00
2.0078125000000000e+00	1.1812763475533896e+00
2.0109375000000003e+00	1.1812508228527279e+00
2.0140625000000001e+00	1.1812182872966490e+00
2.0171874999999999e+00	1.1811787399044087e+00
2.0203125000000002e+00	1.1811321794883727e+00
2.0234375000000000e+00	1.1810786046542974e+00
2.0265625000000003e+00	1.1810180138016955e+00
2.0296875000000001e+00	1.1809504051242763e+00
2.0328124999999999e+00	1.1808757766104667e+00
2.0359375000000002e+00	1.1807941260440127e+00
2.0390625000000000e+00	1.1807054510046562e+00
2.0421875000000003e+00	1.1806097488688942e+00
2.0453125000000001e+00	1.1805070168108125e+00
2.0484374999999999e+00	1.1803972518030019e+00
2.0515625000000002e+00	1.1802804506175479e+00
2.0546875000000000e+00	1.1801566098271019e+00
2.0578125000000003e+00	1.1800257258060274e+00
2.0609375000000001e+00	1.1798877947316244e+00
2.0640624999999999e+00	1.1797428125854310e+00
2.0671875000000002e+00	1.1795907751546006e+00
2.0703125000000000e+00	1.1794316780333560e+00
2.0734375000000003e+00	1.1792655166245192e+00
2.0765625000000001e+00	1.1790922861411182e+00
2.0796874999999999e+00	1.1789119816080655e+00
2.0828125000000002e+00	1.1787245978639156e+00
2.0859375000000000e+00	1.1785301295626940e+00
2.0890625000000003e+00	1.1783285711758018e+00
2.0921875000000001e+00	1.1781199169939931e+00
2.0953124999999999e+00	1.1779041611294256e+00
2.0984375000000002e+00	1.1776812975177842e+00
2.1015625000000000e+00	1.1774513199204766e+00
2.1046875000000003e+00	1.1772142219269008e+00
2.1078125000000001e+00	1.1769699969567837e+00
2.1109374999999999e+00	1.1767186382625898e+00
2.1140625000000002e+00	1.1764601389320013e+00
2.1171875000000000e+00	1.1761944918904668e+00
2.1203125000000003e+00	1.1759216899038194e+00
2.1234375000000001e+00	1.1756417255809626e+00
2.1265624999999999e+00	1.1753545913766259e+00
2.1296875000000002e+00	1.1750602795941851e+00
2.1328125000000000e+00	1.1747587823885512e+00
2.1359375000000003e+00	1.1744500917691241e+00
2.1390625000000001e+00	1.1741341996028123e+00
2.1421874999999999e+00	1.1738110976171172e+00
2.1453125000000002e+00	1.1734807774032809e+00
2.1484375000000000e+00	1.1731432304194978e+00
2.1515625000000003e+00	1.1727984479941882e+00
2.1546875000000001e+00	1.1724464213293342e+00
2.1578124999999999e+00	1.1720871415038772e+00
2.1609375000000002e+00	1.1717205994771738e+00
2.1640625000000000e+00	1.1713467860925142e+00
2.1671875000000003e+00	1.1709656920806961e+00
2.1703125000000001e+00	1.1705773080636601e+00
2.1734374999999999e+00	1.1701816245581789e+00
2.1765625000000002e+00	1.1697786319796057e+00
2.1796875000000000e+00	1.1693683206456762e+00
2.1828125000000003e+00	1.1689506807803662e+00
2.1859375000000001e+00	1.1685257025178040e+00
2.1890624999999999e+00	1.1680933759062326e+00
2.1921875000000002e+00	1.1676536909120285e+00
2.1953125000000000e+00	1.1672066374237680e+00
2.1984375000000003e+00	1.1667522052563446e+00
2.2015625000000001e+00	1.1662903841551384e+00
2.2046874999999999e+00	1.1658211638002294e+00
2.2078125000000002e+00	1.1653445338106634e+00
2.2109375000000000e+00	1.1648604837487593e+00
2.2140625000000003e+00	1.1643690031244662e+00
2.2171875000000001e+00	1.1638700813997638e+00
2.2203124999999999e+00	1.1633637079931050e+00
2.2234375000000002e+00	1.1628498722839027e+00
2.2265625000000000e+00	1.1623285636170579e+00
2.2296875000000003e+00	1.1617997713075285e+00
2.2328125000000001e+00	1.1612634846449379e+00
2.2359374999999999e+00	1.1607196928982200e+00
2.2390625000000002e+00	1.1601683853203058e+00
2.2421875000000000e+00	1.1596095511528424e+00
2.2453125000000003e+00	1.1590431796309502e+00
2.2484375000000001e+00	1.1584692599880120e+00
2.2515624999999999e+00	1.1578877814604984e+00
2.2546875000000002e+00	1.1572987332928211e+00
2.2578125000000000e+00	1.1567021047422212e+00
2.2609375000000003e+00	1.1560978850836860e+00
2.2640625000000001e+00	1.1554860636148934e+00
2.2671874999999999e+00	1.1548666296611843e+00
2.2703125000000002e+00	1.1542395725805636e+00
2.2734375000000000e+00	1.1536048817687246e+00
2.2765625000000003e+00	1.1529625466640965e+00
2.2796875000000001e+00	1.1523125567529187e+00
2.2828124999999999e+00	1.1516549015743323e+00
2.2859375000000002e+00	1.1509895707254962e+00
2.2890625000000000e+00	1.1503165538667206e+00
2.2921875000000003e+00	1.1496358407266196e+00
2.2953125000000001e+00	1.1489474211072799e+00
2.2984374999999999e+00	1.1482512848894473e+00
2.3015625000000002e+00	1.1475474220377251e+00
2.3046875000000000e+00	1.1468358226057895e+00
2.3078125000000003e+00	1.1461164767416139e+00
2.3109375000000001e+00	1.1453893746927062e+00
2.3140624999999999e+00	1.1446545068113552e+00
2.3171875000000002e+00	1.1439118635598864e+00
2.3203125000000000e+00	1.1431614355159236e+00
2.3234375000000003e+00	1.1424032133776583e+00
2.3265625000000001e+00	1.1416371879691223e+00
2.3296874999999999e+00	1.1408633502454657e+00
2.3328125000000002e+00	1.1400816912982350e+00
2.3359375000000000e+00	1.1392922023606546e+00
2.3390625000000003e+00	1.1384948748129060e+00
2.3421875000000001e+00	1.1376897001874078e+00
2.3453124999999999e+00	1.1368766701740898e+00
2.3484375000000002e+00	1.1360557766256671e+00
2.3515625000000000e+00	1.1352270115629053e+00
2.3546875000000003e+00	1.1343903671798818e+00
2.3578125000000001e+00	1.1335458358492372e+00
2.3609374999999999e+00	1.1326934101274191e+00
2.3640625000000002e+00	1.1318330827599148e+00
2.3671875000000000e+00	1.1309648466864735e+00
2.3703125000000003e+00	1.1300886950463125e+00
2.3734375000000001e+00	1.1292046211833138e+00
2.3765624999999999e+00	1.1283126186512011e+00
2.3796875000000002e+00	1.1274126812187029e+00
2.3828125000000000e+00	1.1265048028746945e+00
2.3859375000000003e+00	1.1255889778333248e+00
2.3890625000000001e+00	1.1246652005391191e+00
2.3921874999999999e+00	1.1237334656720614e+00
2.3953125000000002e+00	1.1227937681526523e+00
2.3984375000000000e+00	1.1218461031469460e+00
2.4015625000000003e+00	1.1208904660715573e+00
2.4046875000000001e+00	1.1199268525986434e+00
2.4078125000000004e+00	1.1189552586608595e+00
2.4109375000000002e+00	1.1179756804562815e+00
2.4140625000000000e+00	1.1169881144533003e+00
2.4171875000000003e+00	1.1159925573954836e+00
2.4203125000000001e+00	1.1149890063064034e+00
2.4234375000000004e+00	1.1139774584944324e+00
2.4265625000000002e+00	1.1129579115575003e+00
2.4296875000000000e+00	1.1119303633878155e+00
2.4328125000000003e+00	1.1108948121765492e+00
2.4359375000000001e+00	1.1098512564184793e+00
2.4390625000000004e+00	1.1087996949165944e+00
2.4421875000000002e+00	1.1077401267866533e+00
2.4453125000000000e+00	1.1066725514617073e+00
2.4484375000000003e+00	1.1055969686965710e+00
2.4515625000000001e+00	1.1045133785722545e+00
2.4546875000000004e+00	1.1034217815003449e+00
2.4578125000000002e+00	1.1023221782273405e+00
2.4609375000000000e+00	1.1012145698389386e+00
2.4640625000000003e+00	1.1000989577642708e+00
2.4671875000000001e+00	1.0989753437800878e+00
2.4703125000000004e+00	1.0978437300148922e+00
2.4734375000000002e+00	1.0967041189530180e+00
2.4765625000000000e+00	1.0955565134386551e+00
2.4796875000000003e+00	1.0944009166798179e+00
2.4828125000000001e+00	1.0932373322522591e+00
2.4859375000000004e+00	1.0920657641033220e+00
2.4890625000000002e+00	1.0908862165557376e+00
2.4921875000000000e+00	1.0896986943113591e+00
2.4953125000000003e+00	1.0885032024548380e+00
2.4984375000000001e+00	1.0872997464572345e+00
2.5015625000000004e+00	1.0860883321795682e+00
2.5046875000000002e+00	1.0848689658763031e+00
2.5078125000000000e+00	1.0836416541987668e+00
2.5109375000000003e+00	1.0824064041985058e+00
2.5140625000000001e+00	1.0811632233305706e+00
2.5171875000000004e+00	1.0799121194567363e+00
2.5203125000000002e+00	1.0786531008486513e+00
2.5234375000000000e+00	1.0773861761909163e+00
2.5265625000000003e+00	1.0761113545840948e+00
2.5296875000000001e+00	1.0748286455476495e+00
2.5328125000000004e+00	1.0735380590228054e+00
2.5359375000000002e+00	1.0722396053753425e+00
2.5390625000000000e+00	1.0709332953983113e+00
2.5421875000000003e+00	1.0696191403146726e+00
2.5453125000000001e+00	1.0682971517798647e+00
2.5484375000000004e+00	1.0669673418842898e+00
2.5515625000000002e+00	1.0656297231557241e+00
2.5546875000000000e+00	1.0642843085616502e+00
2.5578125000000003e+00	1.0629311115115094e+00
2.5609375000000001e+00	1.0615701458588729e+00
2.5640625000000004e+00	1.0602014259035342e+00
2.5671875000000002e+00	1.0588249663935199e+00
2.5703125000000000e+00	1.0574407825270151e+00
2.5734375000000003e+00	1.0560488899542106e+00
2.5765625000000001e+00	1.0546493047790630e+00
2.5796875000000004e+00	1.0532420435609722e+00
2.5828125000000002e+00	1.0518271233163736e+00
2.5859375000000000e+00	1.0504045615202453e+00
2.5890625000000003e+00	1.0489743761075283e+00
2.5921875000000001e+00	1.0475365854744616e+00
2.5953125000000004e+00	1.0460912084798286e+00
2.5984375000000002e+00	1.0446382644461176e+00
2.6015625000000000e+00	1.0431777731605918e+00
2.6046875000000003e+00	1.0417097548762733e+00
2.6078125000000001e+00	1.0402342303128354e+00
2.6109375000000004e+00	1.0387512206574077e+00
2.6140625000000002e+00	1.0372607475652891e+00
2.6171875000000000e+00	1.0357628331605726e+00
2.6203125000000003e+00	1.0342575000366767e+00
2.6234375000000001e+00	1.0327447712567872e+00
2.6265625000000004e+00	1.0312246703542087e+00
2.6296875000000002e+00	1.0296972213326210e+00
2.6328125000000000e+00	1.0281624486662466e+00
2.6359375000000003e+00	1.0266203772999236e+00
2.6390625000000001e+00	1.0250710326490877e+00
2.6421875000000004e+00	1.0235144405996590e+00
2.6453125000000002e+00	1.0219506275078389e+00
2.6484375000000000e+00	1.0203796201998101e+00
2.6515625000000003e+00	1.0188014459713461e+00
2.6546875000000001e+00	1.0172161325873261e+00
2.6578125000000004e+00	1.0156237082811550e+00
2.6609375000000002e+00	1.0140242017540908e+00
2.6640625000000000e+00	1.0124176421744790e+00
2.6671875000000003e+00	1.0108040591768903e+00
2.6703125000000001e+00	1.0091834828611672e+00
2.6734375000000004e+00	1.0075559437913746e+00
2.6765625000000002e+00	1.0059214729946568e+00
2.6796875000000000e+00	1.0042801019600025e+00
2.6828125000000003e+00	1.0026318626369128e+00
2.6859375000000001e+00	1.0009767874339770e+00
2.6890625000000004e+00	9.9931490921735566e-01
2.6921875000000002e+00	9.9764626130916823e-01
2.6953125000000000e+00	9.9597087748578772e-01
2.6984375000000003e+00	9.9428879197604447e-01
2.7015625000000001e+00	9.9260003945933262e-01
2.7046875000000004e+00	9.9090465506362768e-01
2.7078125000000002e+00	9.8920267436340947e-01
2.7109375000000000e+00	9.8749413337749437e-01
2.7140625000000003e+00	9.8577906856677211e-01
2.7171875000000001e+00	9.8405751683185638e-01
2.7203125000000004e+00	9.8232951551063918e-01
2.7234375000000002e+00	9.8059510237575676e-01
2.7265625000000000e+00	9.7885431563196457e-01
2.7296875000000003e+00	9.7710719391342182e-01
2.7328125000000001e+00	9.7535377628088604e-01
2.7359375000000004e+00	9.7359410221881959e-01
2.7390625000000002e+00	9.7182821163240596e-01
2.7421875000000000e+00	9.7005614484447866e-01
2.7453125000000003e+00	9.6827794259236222e-01
2.7484375000000001e+00	9.6649364602462584e-01
2.7515625000000004e+00	9.6470329669775146e-01
2.7546875000000002e+00	9.6290693657271309e-01
2.7578125000000000e+00	9.6110460801147513e-01
2.7609375000000003e+00	9.5929635377340083e-01
2.7640625000000001e+00	9.5748221701158165e-01
2.7671875000000004e+00	9.5566224126907906e-01
2.7703125000000002e+00	9.5383647047508668e-01
2.7734375000000000e+00	9.5200494894100884e-01
2.7765625000000003e+00	9.5016772135645822e-01
2.7796875000000001e+00	9.4832483278517388e-01
2.7828125000000004e+00	9.4647632866085840e-01
2.7859375000000002e+00	9.4462225478293704e-01
2.7890625000000000e+00	9.4276265731223907e-01
2.7921875000000003e+00	9.4089758276660129e-01
2.7953125000000001e+00	9.3902707801639629e-01
2.7984375000000004e+00	9.3715119027998417e-01
2.8015625000000002e+00	9.3526996711909138e-01
2.8046875000000000e+00	9.3338345643411480e-01
2.8078125000000003e+00	9.3149170645935353e-01
2.8109375000000001e+00	9.2959476575816991e-01
2.8140625000000004e+00	9.2769268321807985e-01
2.8171875000000002e+00	9.2578550804577309e-01
2.8203125000000000e+00	9.2387328976206518e-01
2.8234375000000003e+00	9.2195607819678271e-01
2.8265625000000001e+00	9.2003392348358171e-01
2.8296875000000004e+00	9.1810687605470065e-01
2.8328125000000002e+00	9.1617498663565045e-01
2.8359375000000000e+00	9.1423830623983970e-01
2.8390625000000003e+00	9.1229688616314009e-01
2.8421875000000001e+00	9.1035077797838915e-01
2.8453125000000004e+00	9.0840003352983645e-01
2.8484375000000002e+00	9.0644470492752771e-01
2.8515625000000000e+00	9.0448484454163525e-01
2.8546875000000003e+00	9.0252050499673120e-01
2.8578125000000001e+00	9.0055173916600573e-01
2.8609375000000004e+00	8.9857860016543289e-01
2.8640625000000002e+00	8.9660114134788471e-01
2.8671875000000000e+00	8.9461941629719299e-01
2.8703125000000003e+00	8.9263347882216326e-01
2.8734375000000001e+00	8.9064338295054057e-01
2.8765625000000004e+00	8.8864918292292738e-01
2.8796875000000002e+00	8.8665093318665744e-01
2.8828125000000000e+00	8.8464868838962485e-01
2.8859375000000003e+00	8.8264250337407091e-01
2.8890625000000001e+00	8.8063243317032847e-01
2.8921875000000004e+00	8.7861853299052939e-01
2.8953125000000002e+00	8.7660085822227019e-01
2.8984375000000000e+00	8.7457946442224299e-01
2.9015625000000003e+00	8.7255440730982947e-01
2.9046875000000001e+00	8.7052574276066175e-01
2.9078125000000004e+00	8.6849352680015057e-01
2.9109375000000002e+00	8.6645781559698098e-01
2.9140625000000000e+00	8.6441866545657997e-01
2.9171875000000003e+00	8.6237613281455516e-01
2.9203125000000001e+00	8.6033027423010611e-01
2.9234375000000004e+00	8.5828114637941222e-01
2.9265625000000002e+00	8.5622880604899476e-01
2.9296875000000000e+00	8.5417331012905739e-01
2.9328125000000003e+00	8.5211471560680752e-01
2.9359375000000001e+00	8.5005307955975595e-01
2.9390625000000004e+00	8.4798845914900123e-01
2.9421875000000002e+00	8.4592091161249661e-01
2.9453125000000000e+00	8.4385049425830216e-01
2.9484375000000003e+00	8.4177726445782586e-01
2.9515625000000001e+00	8.3970127963905050e-01
2.9546875000000004e+00	8.3762259727975297e-01
2.9578125000000002e+00	8.3554127490071484e-01
2.9609375000000000e+00	8.3345737005892484e-01
2.9640625000000003e+00	8.3137094034077785e-01
2.9671875000000001e+00	8.2928204335527000e-01
2.9703125000000004e+00	8.2719073672719057e-01
2.9734375000000002e+00	8.2509707809031463e-01
2.9765625000000000e+00	8.2300112508059642e-01
2.9796875000000003e+00	8.2090293532936642e-01
2.9828125000000001e+00	8.1880256645653071e-01
2.9859375000000004e+00	8.1670007606377748e-01
2.9890625000000002e+00	8.1459552172779126e-01
2.9921875000000000e+00	8.1248896099347545e-01
2.9953125000000003e+00	8.1038045136718617e-01
2.9984375000000001e+00	8.0827005030997734e-01
3.0015625000000004e+00	8.0615781523085972e-01
3.0046875000000002e+00	8.0404280781886428e-01
3.0078125000000000e+00	8.0192610432499967e-01
3.0109375000000003e+00	7.9980776145143384e-01
3.0140625000000001e+00	7.9768783583180014e-01
3.0171875000000004e+00	7.9556638402436197e-01
3.0203125000000002e+00	7.9344346250520270e-01
3.0234375000000000e+00	7.9131912766144430e-01
3.0265625000000003e+00	7.8919343578449319e-01
3.0296875000000001e+00	7.8706644306331808e-01
3.0328125000000004e+00	7.8493820557775895e-01
3.0359375000000002e+00	7.8280877929186921e-01
3.0390625000000000e+00	7.8067822004729426e-01
3.0421875000000003e+00	7.7854658355668371e-01
3.0453125000000001e+00	7.7641392539714416e-01
3.0484375000000004e+00	7.7428030100372958e-01
3.0515625000000002e+00	7.7214576566297244e-01
3.0546875000000000e+00	7.7001037450645704e-01
3.0578125000000003e+00	7.6787418250443717e-01
3.0609375000000001e+00	7.6573724445949698e-01
3.0640625000000004e+00	7.6359961500026008e-01
3.0671875000000002e+00	7.6146134857514458e-01
3.0703125000000000e+00	7.5932249944616759e-01
3.0734375000000003e+00	7.5718312168280144e-01
3.0765625000000001e+00	7.5504326915587827e-01
3.0796875000000004e+00	7.5290299553155238e-01
3.0828125000000002e+00	7.5076235426531235e-01
3.0859375000000000e+00	7.4862139859605215e-01
3.0890625000000003e+00	7.4648018154019624e-01
3.0921875000000001e+00	7.4433875588588649e-01
3.0953125000000004e+00	7.4219717418722375e-01
3.0984375000000002e+00	7.4005548875857541e-01
3.1015625000000000e+00	7.3791375166894102e-01
3.1046875000000003e+00	7.3577201473638187e-01
3.1078125000000001e+00	7.3363032952251583e-01
3.1109375000000004e+00	7.3148874732707703e-01
3.1140625000000002e+00	7.2934731918254148e-01
3.1171875000000000e+00	7.2720609584882190e-01
3.1203125000000003e+00	7.2506512780803045e-01
3.1234375000000001e+00	7.2292446525931109e-01
3.1265625000000004e+00	7.2078415811374463e-01
3.1296875000000002e+00	7.1864425598932324e-01
3.1328125000000000e+00	7.1650480820600115e-01
3.1359375000000003e+00	7.1436586378081779e-01
3.1390625000000001e+00	7.1222747142309550e-01
3.1421875000000004e+00	7.1008967952971569e-01
3.1453125000000002e+00	7.0795253618046927e-01
3.1484375000000000e+00	7.0581608913348803e-01
3.1515625000000003e+00	7.0368038582075298e-01
3.1546875000000001e+00	7.0154547334368311e-01
3.1578125000000004e+00	6.9941139846880607e-01
3.1609375000000002e+00	6.9727820762350812e-01
3.1640625000000000e+00	6.9514594689186937e-01
3.1671875000000003e+00	6.9301466201057960e-01
3.1703125000000001e+00	6.9088439836494053e-01
3.1734375000000004e+00	6.8875520098495135e-01
3.1765625000000002e+00	6.8662711454148029e-01
3.1796875000000000e+00	6.8450018334252316e-01
3.1828125000000003e+00	6.8237445132954733e-01
3.1859375000000001e+00	6.8024996207392541e-01
3.1890625000000004e+00	6.7812675877345507e-01
3.1921875000000002e+00	6.7600488424896976e-01
3.1953125000000000e+00	6.7388438094103842e-01
3.1984375000000003e+00	6.7176529090675419e-01
3.2015625000000001e+00	6.6964765581661523e-01
3.2046875000000004e+00	6.6753151695149637e-01
3.2078125000000002e+00	6.6541691519971202e-01
3.2109375000000000e+00	6.6330389105417109e-01
3.2140625000000003e+00	6.6119248460962643e-01
3.2171875000000001e+00	6.5908273556001451e-01
3.2203125000000004e+00	6.5697468319589103e-01
3.2234375000000002e+00	6.5486836640195834e-01
3.2265625000000000e+00	6.5276382365468921e-01
3.2296875000000003e+00	6.5066109302004316e-01
3.2328125000000001e+00	6.4856021215127890e-01
3.2359375000000004e+00	6.4646121828686098e-01
3.2390625000000002e+00	6.4436414824846255e-01
3.2421875000000000e+00	6.4226903843906358e-01
3.2453125000000003e+00	6.4017592484114383e-01
3.2484375000000001e+00	6.3808484301497315e-01
3.2515625000000004e+00	6.3599582809699706e-01
3.2546875000000002e+00	6.3390891479831901e-01
3.2578125000000000e+00	6.3182413740327759e-01
3.2609375000000003e+00	6.2974152976812192e-01
3.2640625000000001e+00	6.2766112531978280e-01
3.2671875000000004e+00	6.2558295705473954e-01
3.2703125000000002e+00	6.2350705753798352e-01
3.2734375000000000e+00	6.2143345890207846e-01
3.2765625000000003e+00	6.1936219284631688e-01
3.2796875000000001e+00	6.1729329063597260e-01
3.2828125000000004e+00	6.1522678310164913e-01
3.2859375000000002e+00	6.1316270063872413e-01
3.2890625000000000e+00	6.1110107320689022e-01
3.2921875000000003e+00	6.0904193032978948e-01
3.2953125000000001e+00	6.0698530109474613e-01
3.2984375000000004e+00	6.0493121415259143e-01
3.3015625000000002e+00	6.0287969771758587e-01
3.3046875000000000e+00	6.0083077956743358e-01
3.3078125000000003e+00	5.9878448704339271e-01
3.3109375000000001e+00	5.9674084705047925e-01
3.3140625000000004e+00	5.9469988605776314e-01
3.3171875000000002e+00	5.9266163009875950e-01
3.3203125000000000e+00	5.9062610477191058e-01
3.3234375000000003e+00	5.8859333524116098e-01
3.3265625000000001e+00	5.8656334623662421e-01
3.3296875000000004e+00	5.8453616205534131e-01
3.3328125000000002e+00	5.8251180656212864e-01
3.3359375000000000e+00	5.8049030319051698e-01
3.3390625000000003e+00	5.7847167494378027e-01
3.3421875000000001e+00	5.7645594439605252e-01
3.3453125000000004e+00	5.7444313369353417e-01
3.3484375000000002e+00	5.7243326455578514e-01
3.3515625000000000e+00	5.7042635827710608e-01
3.3546875000000003e+00	5.6842243572800488e-01
3.3578125000000001e+00	5.6642151735675017e-01
3.3609375000000004e+00	5.6442362319100869e-01
3.3640625000000002e+00	5.6242877283956705e-01
3.3671875000000000e+00	5.6043698549413790e-01
3.3703125000000003e+00	5.5844827993124757e-01
3.3734375000000001e+00	5.5646267451420672e-01
3.3765625000000004e+00	5.5448018719516023e-01
3.3796875000000002e+00	5.5250083551721996e-01
3.3828125000000000e+00	5.5052463661667395e-01
3.3859375000000003e+00	5.4855160722527585e-01
3.3890625000000001e+00	5.4658176367261202e-01
3.3921875000000004e+00	5.4461512188854277e-01
3.3953125000000002e+00	5.4265169740572283e-01
3.3984375000000000e+00	5.4069150536219301e-01
3.4015625000000003e+00	5.3873456050404800e-01
3.4046875000000001e+00	5.3678087718817580e-01
3.4078125000000004e+00	5.3483046938506762e-01
3.4109375000000002e+00	5.3288335068170123e-01
3.4140625000000000e+00	5.3093953428449070e-01
3.4171875000000003e+00	5.2899903302230655e-01
3.4203125000000001e+00	5.2706185934956296e-01
3.4234375000000004e+00	5.2512802534936975e-01
3.4265625000000002e+00	5.2319754273675234e-01
3.4296875000000000e+00	5.2127042286193215e-01
3.4328125000000003e+00	5.1934667671367296e-01
3.4359375000000001e+00	5.1742631492268643e-01
3.4390625000000004e+00	5.1550934776510027e-01
3.4421875000000002e+00	5.1359578516598414e-01
3.4453125000000000e+00	5.1168563670293354e-01
3.4484375000000003e+00	5.0977891160971234e-01
3.4515625000000001e+00	5.0787561877994791e-01
3.4546875000000004e+00	5.0597576677088429e-01
3.4578125000000002e+00	5.0407936380718465e-01
3.4609375000000000e+00	5.0218641778478867e-01
3.4640625000000003e+00	5.0029693627481886e-01
3.4671875000000001e+00	4.9841092652753594e-01
3.4703125000000004e+00	4.9652839547634342e-01
3.4734375000000002e+00	4.9464934974183816e-01
3.4765625000000000e+00	4.9277379563590518e-01
3.4796875000000003e+00	4.9090173916585900e-01
3.4828125000000001e+00	4.8903318603862456e-01
3.4859375000000004e+00	4.8716814166496236e-01
3.4890625000000002e+00	4.8530661116373136e-01
3.4921875000000000e+00	4.8344859936619150e-01
3.4953125000000003e+00	4.8159411082034398e-01
3.4984375000000001e+00	4.7974314979530536e-01
3.5015625000000004e+00	4.7789572028571869e-01
3.5046875000000002e+00	4.7605182601619622e-01
3.5078125000000000e+00	4.7421147044579393e-01
3.5109375000000003e+00	4.7237465677251683e-01
3.5140625000000001e+00	4.7054138793785305e-01
3.5171875000000004e+00	4.6871166663133507e-01
3.5203125000000002e+00	4.6688549529512768e-01
3.5234375000000000e+00	4.6506287612864028e-01
3.5265625000000003e+00	4.6324381109316259e-01
3.5296875000000001e+00	4.6142830191652212e-01
3.5328125000000004e+00	4.5961635009776253e-01
3.5359375000000002e+00	4.5780795691184051e-01
3.5390625000000000e+00	4.5600312341434107e-01
3.5421875000000003e+00	4.5420185044620781e-01
3.5453125000000001e+00	4.5240413863848966e-01
3.5484375000000004e+00	4.5060998841710026e-01
3.5515625000000002e+00	4.4881940000758869e-01
3.5546875000000000e+00	4.4703237343992169e-01
3.5578125000000003e+00	4.4524890855327554e-01
3.5609375000000001e+00	4.4346900500083397e-01
3.5640625000000004e+00	4.4169266225459491e-01
3.5671875000000002e+00	4.3991987961017948e-01
3.5703125000000000e+00	4.3815065619164684e-01
3.5734375000000003e+00	4.3638499095631084e-01
3.5765625000000001e+00	4.3462288269955585e-01
3.5796875000000004e+00	4.3286433005965447e-01
3.5828125000000002e+00	4.3110933152258157e-01
3.5859375000000000e+00	4.2935788542682596e-01
3.5890625000000003e+00	4.2760998996819660e-01
3.5921875000000001e+00	4.2586564320462400e-01
3.5953125000000004e+00	4.2412484306095249e-01
3.5984375000000002e+00	4.2238758733372617e-01
3.6015625000000000e+00	4.2065387369596252e-01
3.6046875000000003e+00	4.1892369970191606e-01
3.6078125000000001e+00	4.1719706279182883e-01
3.6109375000000004e+00	4.1547396029666733e-01
3.6140625000000002e+00	4.1375438944284310e-01
3.6171875000000000e+00	4.1203834735691802e-01
3.6203125000000003e+00	4.1032583107029125e-01
3.6234375000000001e+00	4.0861683752386713e-01
3.6265625000000004e+00	4.0691136357270202e-01
3.6296875000000002e+00	4.0520940599063093e-01
3.6328125000000000e+00	4.0351096147486964e-01
3.6359375000000003e+00	4.0181602665059429e-01
3.6390625000000001e+00	4.0012459807549505e-01
3.6421875000000004e+00	3.9843667224430263e-01
3.6453125000000002e+00	3.9675224559328781e-01
3.6484375000000000e+00	3.9507131450473310e-01
3.6515625000000003e+00	3.9339387531137193e-01
3.6546875000000001e+00	3.9171992430079922e-01
3.6578125000000004e+00	3.9004945771984795e-01
3.6609375000000002e+00	3.8838247177893348e-01
3.6640625000000000e+00	3.8671896265636274e-01
3.6671875000000003e+00	3.8505892650260726e-01
3.6703125000000001e+00	3.8340235944454176e-01
3.6734375000000004e+00	3.8174925758964212e-01
3.6765625000000002e+00	3.8009961703014705e-01
3.6796875000000000e+00	3.7845343384717833e-01
3.6828125000000003e+00	3.7681070411482104e-01
3.6859375000000001e+00	3.7517142390416253e-01
3.6890625000000004e+00	3.7353558928728725e-01
3.6921875000000002e+00	3.7190319634122876e-01
3.6953125000000000e+00	3.7027424115187774e-01
3.6984375000000003e+00	3.6864871981784259e-01
3.7015625000000001e+00	3.6702662845426570e-01
3.7046875000000004e+00	3.6540796319659075e-01
3.7078125000000002e+00	3.6379272020428260e-01
3.7109375000000000e+00	3.6218089566449790e-01
3.7140625000000003e+00	3.6057248579570589e-01
3.7171875000000001e+00	3.5896748685125801e-01
3.7203125000000004e+00	3.5736589512290723e-01
3.7234375000000002e+00	3.5576770694427312e-01
3.7265625000000000e+00	3.5417291869425610e-01
3.7296875000000003e+00	3.5258152680039645e-01
3.7328125000000001e+00	3.5099352774217918e-01
3.7359375000000004e+00	3.4940891805428359e-01
3.7390625000000002e+00	3.4782769432977806e-01
3.7421875000000000e+00	3.4624985322325619e-01
3.7453125000000003e+00	3.4467539145391818e-01
3.7484375000000001e+00	3.4310430580859252e-01
3.7515625000000004e+00	3.4153659314470053e-01
3.7546875000000002e+00	3.3997225039316131e-01
3.7578125000000000e+00	3.3841127456123782e-01
3.7609375000000003e+00	3.3685366273532191e-01
3.7640625000000001e+00	3.3529941208366026e-01
3.7671875000000004e+00	3.3374851985901760e-01
3.7703125000000002e+00	3.3220098340128024e-01
3.7734375000000000e+00	3.3065680013999588e-01
3.7765625000000003e+00	3.2911596759685252e-01
3.7796875000000001e+00	3.2757848338809387e-01
3.7828125000000004e+00	3.2604434522687142e-01
3.7859375000000002e+00	3.2451355092553341e-01
3.7890625000000000e+00	3.2298609839784970e-01
3.7921875000000003e+00	3.2146198566117246e-01
3.7953125000000001e+00	3.1994121083853244e-01
3.7984375000000004e+00	3.1842377216067047e-01
3.8015625000000002e+00	3.1690966796800341e-01
3.8046875000000000e+00	3.1539889671252574e-01
3.8078125000000003e+00	3.1389145695964482e-01
3.8109375000000001e+00	3.1238734738995055e-01
3.8140625000000004e+00	3.1088656680091992e-01
3.8171875000000002e+00	3.0938911410855452e-01
3.8203125000000000e+00	3.0789498834895240e-01
3.8234375000000003e+00	3.0640418867981378e-01
3.8265625000000001e+00	3.0491671438187984e-01
3.8296875000000004e+00	3.0343256486030573e-01
3.8328125000000002e+00	3.0195173964596644e-01
3.8359375000000000e+00	3.0047423839669685e-01
3.8390625000000003e+00	2.9900006089846470e-01
3.8421875000000001e+00	2.9752920706647717e-01
3.8453125000000004e+00	2.9606167694622110e-01
3.8484375000000002e+00	2.9459747071443676e-01
3.8515625000000000e+00	2.9313658868002507e-01
3.8546875000000003e+00	2.9167903128488887e-01
3.8578125000000001e+00	2.9022479910470755e-01
3.8609375000000004e+00	2.8877389284964644e-01
3.8640625000000002e+00	2.8732631336499936e-01
3.8671875000000000e+00	2.8588206163176633e-01
3.8703125000000003e+00	2.8444113876716515e-01
3.8734375000000001e+00	2.8300354602507816e-01
3.8765625000000004e+00	2.8156928479643362e-01
3.8796875000000002e+00	2.8013835660952219e-01
3.8828125000000000e+00	2.7871076313024951e-01
3.8859375000000003e+00	2.7728650616232348e-01
3.8890625000000001e+00	2.7586558764737851e-01
3.8921875000000004e+00	2.7444800966503563e-01
3.8953125000000002e+00	2.7303377443289945e-01
3.8984375000000000e+00	2.7162288430649212e-01
3.9015625000000003e+00	2.7021534177912487e-01
3.9046875000000001e+00	2.6881114948170720e-01
3.9078125000000004e+00	2.6741031018249428e-01
3.9109375000000002e+00	2.6601282678677340e-01
3.9140625000000000e+00	2.6461870233648876e-01
3.9171875000000003e+00	2.6322794000980693e-01
3.9203125000000001e+00	2.6184054312062133e-01
3.9234375000000004e+00	2.6045651511799767e-01
3.9265625000000002e+00	2.5907585958556062e-01
3.9296875000000000e+00	2.5769858024082176e-01
3.9328125000000003e+00	2.5632468093444982e-01
3.9359375000000001e+00	2.5495416564948348e-01
3.9390625000000004e+00	2.5358703850048725e-01
3.9421875000000002e+00	2.5222330373265178e-01
3.9453125000000000e+00	2.5086296572083794e-01
3.9484375000000003e+00	2.4950602896856608e-01
3.9515625000000001e+00	2.4815249810695122e-01
3.9546875000000004e+00	2.4680237789358453e-01
3.9578125000000002e+00	2.4545567321136116e-01
3.9609375000000000e+00	2.4411238906725644e-01
3.9640625000000003e+00	2.4277253059105014e-01
3.9671875000000001e+00	2.4143610303399951e-01
3.9703125000000004e+00	2.4010311176746213e-01
3.9734375000000002e+00	2.3877356228146937e-01
3.9765625000000000e+00	2.3744746018325066e-01
3.9796875000000003e+00	2.3612481119571002e-01
3.9828125000000001e+00	2.3480562115585482e-01
3.9859375000000004e+00	2.3348989601317810e-01
3.9890625000000002e+00	2.3217764182799511e-01
3.9921875000000000e+00	2.3086886476973484e-01
3.9953125000000003e+00	2.2956357111518691e-01
3.9984375000000001e+00	2.2826176724670560e-01
