1.5625000000000001e-03	7.0746477850612915e-02
4.6875000000000007e-03	7.1067948645595597e-02
7.8125000000000000e-03	7.1389027504656685e-02
1.0937500000000001e-02	7.1709698138518366e-02
1.4062500000000000e-02	7.2029944249881725e-02
1.7187500000000001e-02	7.2349749535075822e-02
2.0312500000000001e-02	7.2669097685709921e-02
2.3437500000000000e-02	7.2987972390327990e-02
2.6562500000000003e-02	7.3306357336065844e-02
2.9687500000000002e-02	7.3624236210309960e-02
3.2812500000000001e-02	7.3941592702358380e-02
3.5937500000000004e-02	7.4258410505082820e-02
3.9062500000000000e-02	7.4574673316592191e-02
4.2187500000000003e-02	7.4890364841897039e-02
4.5312500000000006e-02	7.5205468794574612e-02
4.8437500000000001e-02	7.5519968898434431e-02
5.1562500000000004e-02	7.5833848889183902e-02
5.4687500000000000e-02	7.6147092516093903e-02
5.7812500000000003e-02	7.6459683543663878e-02
6.0937500000000006e-02	7.6771605753286398e-02
6.4062500000000008e-02	7.7082842944910662e-02
6.7187499999999997e-02	7.7393378938704807e-02
7.0312500000000000e-02	7.7703197576716815e-02
7.3437500000000003e-02	7.8012282724533713e-02
7.6562500000000006e-02	7.8320618272938597e-02
7.9687500000000008e-02	7.8628188139565514e-02
8.2812500000000011e-02	7.8934976270551474e-02
8.5937500000000000e-02	7.9240966642186481e-02
8.9062500000000003e-02	7.9546143262559377e-02
9.2187500000000006e-02	7.9850490173201158e-02
9.5312500000000008e-02	8.0153991450724271e-02
9.8437500000000011e-02	8.0456631208458168e-02
1.0156250000000000e-01	8.0758393598080888e-02
1.0468750000000000e-01	8.1059262811245550e-02
1.0781250000000001e-01	8.1359223081203219e-02
1.1093750000000001e-01	8.1658258684419907e-02
1.1406250000000001e-01	8.1956353942188864e-02
1.1718750000000000e-01	8.2253493222237170e-02
1.2031250000000000e-01	8.2549660940327008e-02
1.2343750000000001e-01	8.2844841561850402e-02
1.2656249999999999e-01	8.3139019603418199e-02
1.2968750000000001e-01	8.3432179634442299e-02
1.3281250000000000e-01	8.3724306278711261e-02
1.3593750000000002e-01	8.4015384215958999e-02
1.3906250000000001e-01	8.4305398183425834e-02
1.4218749999999999e-01	8.4594332977412687e-02
1.4531250000000001e-01	8.4882173454826987e-02
1.4843750000000000e-01	8.5168904534720924e-02
1.5156250000000002e-01	8.5454511199821309e-02
1.5468750000000001e-01	8.5738978498050900e-02
1.5781250000000002e-01	8.6022291544041327e-02
1.6093750000000001e-01	8.6304435520636630e-02
1.6406250000000000e-01	8.6585395680388019e-02
1.6718750000000002e-01	8.6865157347038854e-02
1.7031250000000001e-01	8.7143705917000172e-02
1.7343750000000002e-01	8.7421026860816320e-02
1.7656250000000001e-01	8.7697105724620264e-02
1.7968750000000000e-01	8.7971928131578767e-02
1.8281250000000002e-01	8.8245479783326877e-02
1.8593750000000001e-01	8.8517746461391628e-02
1.8906250000000002e-01	8.8788714028604665e-02
1.9218750000000001e-01	8.9058368430503632e-02
1.9531250000000000e-01	8.9326695696722289e-02
1.9843750000000002e-01	8.9593681942368456e-02
2.0156250000000001e-01	8.9859313369390764e-02
2.0468750000000002e-01	9.0123576267932506e-02
2.0781250000000001e-01	9.0386457017673838e-02
2.1093750000000000e-01	9.0647942089161160e-02
2.1406250000000002e-01	9.0908018045123648e-02
2.1718750000000001e-01	9.1166671541777156e-02
2.2031250000000002e-01	9.1423889330114735e-02
2.2343750000000001e-01	9.1679658257183994e-02
2.2656250000000000e-01	9.1933965267350801e-02
2.2968750000000002e-01	9.2186797403549361e-02
2.3281250000000001e-01	9.2438141808518434e-02
2.3593750000000002e-01	9.2687985726023325e-02
2.3906250000000001e-01	9.2936316502063729e-02
2.4218750000000000e-01	9.3183121586067147e-02
2.4531250000000002e-01	9.3428388532067405e-02
2.4843750000000001e-01	9.3672104999868819e-02
2.5156250000000002e-01	9.3914258756195038e-02
2.5468750000000001e-01	9.4154837675822695e-02
2.5781250000000000e-01	9.4393829742700164e-02
2.6093749999999999e-01	9.4631223051050387e-02
2.6406250000000003e-01	9.4867005806458349e-02
2.6718750000000002e-01	9.5101166326942557e-02
2.7031250000000001e-01	9.5333693044010737e-02
2.7343750000000000e-01	9.5564574503699345e-02
2.7656249999999999e-01	9.5793799367596869e-02
2.7968750000000003e-01	9.6021356413850678e-02
2.8281250000000002e-01	9.6247234538157395e-02
2.8593750000000001e-01	9.6471422754736538e-02
2.8906250000000000e-01	9.6693910197287403e-02
2.9218749999999999e-01	9.6914686119928914e-02
2.9531250000000003e-01	9.7133739898122545e-02
2.9843750000000002e-01	9.7351061029577718e-02
3.0156250000000001e-01	9.7566639135140396e-02
3.0468750000000000e-01	9.7780463959663694e-02
3.0781250000000004e-01	9.7992525372861142e-02
3.1093750000000003e-01	9.8202813370142403e-02
3.1406250000000002e-01	9.8411318073430912e-02
3.1718750000000001e-01	9.8618029731963833e-02
3.2031250000000000e-01	9.8822938723073933e-02
3.2343750000000004e-01	9.9026035552953265e-02
3.2656250000000003e-01	9.9227310857398873e-02
3.2968750000000002e-01	9.9426755402539771e-02
3.3281250000000001e-01	9.9624360085546093e-02
3.3593750000000000e-01	9.9820115935319184e-02
3.3906250000000004e-01	1.0001401411316366e-01
3.4218750000000003e-01	1.0020604591344040e-01
3.4531250000000002e-01	1.0039620276420087e-01
3.4843750000000001e-01	1.0058447622780302e-01
3.5156250000000000e-01	1.0077085800150759e-01
3.5468750000000004e-01	1.0095533991805640e-01
3.5781250000000003e-01	1.0113791394623066e-01
3.6093750000000002e-01	1.0131857219139094e-01
3.6406250000000001e-01	1.0149730689599772e-01
3.6718750000000000e-01	1.0167411044011260e-01
3.7031250000000004e-01	1.0184897534188059e-01
3.7343750000000003e-01	1.0202189425799300e-01
3.7656250000000002e-01	1.0219285998413079e-01
3.7968750000000001e-01	1.0236186545538881e-01
3.8281250000000000e-01	1.0252890374668056e-01
3.8593750000000004e-01	1.0269396807312341e-01
3.8906250000000003e-01	1.0285705179040440e-01
3.9218750000000002e-01	1.0301814839512669e-01
3.9531250000000001e-01	1.0317725152513597e-01
3.9843750000000000e-01	1.0333435495982801e-01
4.0156250000000004e-01	1.0348945262043610e-01
4.0468750000000003e-01	1.0364253857029920e-01
4.0781250000000002e-01	1.0379360701511021e-01
4.1093750000000001e-01	1.0394265230314488e-01
4.1406250000000000e-01	1.0408966892547111e-01
4.1718750000000004e-01	1.0423465151613844e-01
4.2031250000000003e-01	1.0437759485234800e-01
4.2343750000000002e-01	1.0451849385460295e-01
4.2656250000000001e-01	1.0465734358683913e-01
4.2968750000000000e-01	1.0479413925653641e-01
4.3281250000000004e-01	1.0492887621481016e-01
4.3593750000000003e-01	1.0506154995648319e-01
4.3906250000000002e-01	1.0519215612013849e-01
4.4218750000000001e-01	1.0532069048815197e-01
4.4531250000000000e-01	1.0544714898670603e-01
4.4843750000000004e-01	1.0557152768578371e-01
4.5156250000000003e-01	1.0569382279914306e-01
4.5468750000000002e-01	1.0581403068427263e-01
4.5781250000000001e-01	1.0593214784232714e-01
4.6093750000000000e-01	1.0604817091804412e-01
4.6406250000000004e-01	1.0616209669964136e-01
4.6718750000000003e-01	1.0627392211869477e-01
4.7031250000000002e-01	1.0638364424999762e-01
4.7343750000000001e-01	1.0649126031140017e-01
4.7656250000000000e-01	1.0659676766363071e-01
4.7968750000000004e-01	1.0670016381009714e-01
4.8281250000000003e-01	1.0680144639667026e-01
4.8593750000000002e-01	1.0690061321144752e-01
4.8906250000000001e-01	1.0699766218449855e-01
4.9218750000000000e-01	1.0709259138759179e-01
4.9531250000000004e-01	1.0718539903390238e-01
4.9843750000000003e-01	1.0727608347770166e-01
5.0156250000000002e-01	1.0736464321402829e-01
5.0468750000000007e-01	1.0745107687834071e-01
5.0781250000000000e-01	1.0753538324615165e-01
5.1093750000000004e-01	1.0761756123264418e-01
5.1406249999999998e-01	1.0769760989226979e-01
5.1718750000000002e-01	1.0777552841832851e-01
5.2031250000000007e-01	1.0785131614253106e-01
5.2343750000000000e-01	1.0792497253454318e-01
5.2656250000000004e-01	1.0799649720151240e-01
5.2968749999999998e-01	1.0806588988757698e-01
5.3281250000000002e-01	1.0813315047335773e-01
5.3593750000000007e-01	1.0819827897543212e-01
5.3906250000000000e-01	1.0826127554579150e-01
5.4218750000000004e-01	1.0832214047128080e-01
5.4531249999999998e-01	1.0838087417302165e-01
5.4843750000000002e-01	1.0843747720581828e-01
5.5156250000000007e-01	1.0849195025754697e-01
5.5468750000000000e-01	1.0854429414852858e-01
5.5781250000000004e-01	1.0859450983088489e-01
5.6093749999999998e-01	1.0864259838787842e-01
5.6406250000000002e-01	1.0868856103323596e-01
5.6718750000000007e-01	1.0873239911045647e-01
5.7031250000000000e-01	1.0877411409210233e-01
5.7343750000000004e-01	1.0881370757907557e-01
5.7656249999999998e-01	1.0885118129987789e-01
5.7968750000000002e-01	1.0888653710985551e-01
5.8281250000000007e-01	1.0891977699042857e-01
5.8593750000000000e-01	1.0895090304830539e-01
5.8906250000000004e-01	1.0897991751468168e-01
5.9218749999999998e-01	1.0900682274442494e-01
5.9531250000000002e-01	1.0903162121524404e-01
5.9843750000000007e-01	1.0905431552684451e-01
6.0156250000000000e-01	1.0907490840006911e-01
6.0468750000000004e-01	1.0909340267602452e-01
6.0781250000000009e-01	1.0910980131519379e-01
6.1093750000000002e-01	1.0912410739653508e-01
6.1406250000000007e-01	1.0913632411656653e-01
6.1718750000000000e-01	1.0914645478843778e-01
6.2031250000000004e-01	1.0915450284098818e-01
6.2343750000000009e-01	1.0916047181779165e-01
6.2656250000000002e-01	1.0916436537618873e-01
6.2968750000000007e-01	1.0916618728630587e-01
6.3281250000000000e-01	1.0916594143006199e-01
6.3593750000000004e-01	1.0916363180016270e-01
6.3906250000000009e-01	1.0915926249908250e-01
6.4218750000000002e-01	1.0915283773803443e-01
6.4531250000000007e-01	1.0914436183592845e-01
6.4843750000000000e-01	1.0913383921831779e-01
6.5156250000000004e-01	1.0912127441633429e-01
6.5468750000000009e-01	1.0910667206561182e-01
6.5781250000000002e-01	1.0909003690519939e-01
6.6093750000000007e-01	1.0907137377646287e-01
6.6406250000000000e-01	1.0905068762197641e-01
6.6718750000000004e-01	1.0902798348440329e-01
6.7031250000000009e-01	1.0900326650536654e-01
6.7343750000000002e-01	1.0897654192430960e-01
6.7656250000000007e-01	1.0894781507734712e-01
6.7968750000000000e-01	1.0891709139610610e-01
6.8281250000000004e-01	1.0888437640655797e-01
6.8593750000000009e-01	1.0884967572784103e-01
6.8906250000000002e-01	1.0881299507107436e-01
6.9218750000000007e-01	1.0877434023816264e-01
6.9531250000000000e-01	1.0873371712059278e-01
6.9843750000000004e-01	1.0869113169822205e-01
7.0156250000000009e-01	1.0864659003805809e-01
7.0468750000000002e-01	1.0860009829303130e-01
7.0781250000000007e-01	1.0855166270075933e-01
7.1093750000000000e-01	1.0850128958230446e-01
7.1406250000000004e-01	1.0844898534092334e-01
7.1718750000000009e-01	1.0839475646081040e-01
7.2031250000000002e-01	1.0833860950583390e-01
7.2343750000000007e-01	1.0828055111826589e-01
7.2656250000000000e-01	1.0822058801750582e-01
7.2968750000000004e-01	1.0815872699879797e-01
7.3281250000000009e-01	1.0809497493194321e-01
7.3593750000000002e-01	1.0802933876000508e-01
7.3906250000000007e-01	1.0796182549801066e-01
7.4218750000000000e-01	1.0789244223164624e-01
7.4531250000000004e-01	1.0782119611594798e-01
7.4843750000000009e-01	1.0774809437398826e-01
7.5156250000000002e-01	1.0767314429555720e-01
7.5468750000000007e-01	1.0759635323584044e-01
7.5781250000000000e-01	1.0751772861409260e-01
7.6093750000000004e-01	1.0743727791230738e-01
7.6406250000000009e-01	1.0735500867388391e-01
7.6718750000000002e-01	1.0727092850228998e-01
7.7031250000000007e-01	1.0718504505972243e-01
7.7343750000000000e-01	1.0709736606576455e-01
7.7656250000000004e-01	1.0700789929604117e-01
7.7968750000000009e-01	1.0691665258087142e-01
7.8281250000000002e-01	1.0682363380391940e-01
7.8593750000000007e-01	1.0672885090084315e-01
7.8906250000000000e-01	1.0663231185794206e-01
7.9218750000000004e-01	1.0653402471080287e-01
7.9531250000000009e-01	1.0643399754294484e-01
7.9843750000000002e-01	1.0633223848446385e-01
8.0156250000000007e-01	1.0622875571067612e-01
8.0468750000000000e-01	1.0612355744076134e-01
8.0781250000000004e-01	1.0601665193640600e-01
8.1093750000000009e-01	1.0590804750044666e-01
8.1406250000000002e-01	1.0579775247551368e-01
8.1718750000000007e-01	1.0568577524267551e-01
8.2031250000000000e-01	1.0557212422008390e-01
8.2343750000000004e-01	1.0545680786162030e-01
8.2656250000000009e-01	1.0533983465554328e-01
8.2968750000000002e-01	1.0522121312313806e-01
8.3281250000000007e-01	1.0510095181736720e-01
8.3593750000000000e-01	1.0497905932152413e-01
8.3906250000000004e-01	1.0485554424788814e-01
8.4218750000000009e-01	1.0473041523638268e-01
8.4531250000000002e-01	1.0460368095323594e-01
8.4843750000000007e-01	1.0447535008964449e-01
8.5156250000000000e-01	1.0434543136044053e-01
8.5468750000000004e-01	1.0421393350276212e-01
8.5781250000000009e-01	1.0408086527472755e-01
8.6093750000000002e-01	1.0394623545411340e-01
8.6406250000000007e-01	1.0381005283703694e-01
8.6718750000000000e-01	1.0367232623664287e-01
8.7031250000000004e-01	1.0353306448179475e-01
8.7343750000000009e-01	1.0339227641577137e-01
8.7656250000000002e-01	1.0324997089496804e-01
8.7968750000000007e-01	1.0310615678760351e-01
8.8281250000000000e-01	1.0296084297243221e-01
8.8593750000000004e-01	1.0281403833746247e-01
8.8906250000000009e-01	1.0266575177868058e-01
8.9218750000000002e-01	1.0251599219878138e-01
8.9531250000000007e-01	1.0236476850590509e-01
8.9843750000000000e-01	1.0221208961238089e-01
9.0156250000000004e-01	1.0205796443347741e-01
9.0468750000000009e-01	1.0190240188616047e-01
9.0781250000000002e-01	1.0174541088785817e-01
9.1093750000000007e-01	1.0158700035523335e-01
9.1406250000000000e-01	1.0142717920296400e-01
9.1718750000000004e-01	1.0126595634253177e-01
9.2031250000000009e-01	1.0110334068101855e-01
9.2343750000000002e-01	1.0093934111991149e-01
9.2656250000000007e-01	1.0077396655391675e-01
9.2968750000000000e-01	1.0060722586978206e-01
9.3281250000000004e-01	1.0043912794512827e-01
9.3593750000000009e-01	1.0026968164729033e-01
9.3906250000000002e-01	1.0009889583216754e-01
9.4218750000000007e-01	9.9926779343083624e-02
9.4531250000000000e-01	9.9753341009656535e-02
9.4843750000000004e-01	9.9578589646678470e-02
9.5156250000000009e-01	9.9402534053006114e-02
9.5468750000000002e-01	9.9225183010461099e-02
9.5781250000000007e-01	9.9046545282741608e-02
9.6093750000000000e-01	9.8866629614344184e-02
9.6406250000000004e-01	9.8685444729497210e-02
9.6718750000000009e-01	9.8502999331105096e-02
9.7031250000000002e-01	9.8319302099704090e-02
9.7343750000000007e-01	9.8134361692429631e-02
9.7656250000000000e-01	9.7948186741995416e-02
9.7968750000000004e-01	9.7760785855684568e-02
9.8281250000000009e-01	9.7572167614352528e-02
9.8593750000000002e-01	9.7382340571442683e-02
9.8906250000000007e-01	9.7191313252014078e-02
9.9218750000000000e-01	9.6999094151781970e-02
9.9531250000000004e-01	9.6805691736171109e-02
9.9843750000000009e-01	9.6611114439381751e-02
1.0015625000000001e+00	9.6415370663469141e-02
1.0046875000000000e+00	9.6218360475431378e-02
1.0078125000000000e+00	9.6020197928874285e-02
1.0109375000000000e+00	9.5820891266592309e-02
1.0140625000000001e+00	9.5620448694515511e-02
1.0171875000000001e+00	9.5418878380835348e-02
1.0203125000000000e+00	9.5216188455144180e-02
1.0234375000000000e+00	9.5012387007588558e-02
1.0265625000000000e+00	9.4807482088036410e-02
1.0296875000000001e+00	9.4601481705258506e-02
1.0328125000000001e+00	9.4394393826123760e-02
1.0359375000000000e+00	9.4186226374809279e-02
1.0390625000000000e+00	9.3976987232024439e-02
1.0421875000000000e+00	9.3766684234250011e-02
1.0453125000000001e+00	9.3555325172991616e-02
1.0484375000000001e+00	9.3342917794048005e-02
1.0515625000000000e+00	9.3129469796794498e-02
1.0546875000000000e+00	9.2914988833481024e-02
1.0578125000000000e+00	9.2699482508545941e-02
1.0609375000000001e+00	9.2482958377944249e-02
1.0640625000000001e+00	9.2265423948491812e-02
1.0671875000000000e+00	9.2046886677224674e-02
1.0703125000000000e+00	9.1827353970773962e-02
1.0734375000000000e+00	9.1606833184756251e-02
1.0765625000000001e+00	9.1385331623179911e-02
1.0796875000000001e+00	9.1162856537866807e-02
1.0828125000000000e+00	9.0939415127890152e-02
1.0859375000000000e+00	9.0715014539028249e-02
1.0890625000000000e+00	9.0489661863233872e-02
1.0921875000000001e+00	9.0263364138120222e-02
1.0953125000000001e+00	9.0036128346462532e-02
1.0984375000000000e+00	8.9807961415716120e-02
1.1015625000000000e+00	8.9578870217550483e-02
1.1046875000000000e+00	8.9348861567399865e-02
1.1078125000000001e+00	8.9117942224030008e-02
1.1109375000000001e+00	8.8886118889121360e-02
1.1140625000000000e+00	8.8653398206868544e-02
1.1171875000000000e+00	8.8419786763596492e-02
1.1203125000000000e+00	8.8185291087393050e-02
1.1234375000000001e+00	8.7949917647757822e-02
1.1265625000000001e+00	8.7713672855267932e-02
1.1296875000000000e+00	8.7476563061260240e-02
1.1328125000000000e+00	8.7238594557529844e-02
1.1359375000000000e+00	8.6999773576045769e-02
1.1390625000000001e+00	8.6760106288682790e-02
1.1421875000000001e+00	8.6519598806970077e-02
1.1453125000000000e+00	8.6278257181856527e-02
1.1484375000000000e+00	8.6036087403492542e-02
1.1515625000000000e+00	8.5793095401028668e-02
1.1546875000000001e+00	8.5549287042430741e-02
1.1578125000000001e+00	8.5304668134311701e-02
1.1609375000000000e+00	8.5059244421779853e-02
1.1640625000000000e+00	8.4813021588303936e-02
1.1671875000000000e+00	8.4566005255594739e-02
1.1703125000000001e+00	8.4318200983502997e-02
1.1734375000000001e+00	8.4069614269934173e-02
1.1765625000000000e+00	8.3820250550779407e-02
1.1796875000000000e+00	8.3570115199863099e-02
1.1828125000000000e+00	8.3319213528906727e-02
1.1859375000000001e+00	8.3067550787509409e-02
1.1890625000000001e+00	8.2815132163144123e-02
1.1921875000000000e+00	8.2561962781170811e-02
1.1953125000000000e+00	8.2308047704865342e-02
1.1984375000000000e+00	8.2053391935464737e-02
1.2015625000000001e+00	8.1798000412228386e-02
1.2046875000000001e+00	8.1541878012515473e-02
1.2078125000000002e+00	8.1285029551878052e-02
1.2109375000000000e+00	8.1027459784170336e-02
1.2140625000000000e+00	8.0769173401673416e-02
1.2171875000000001e+00	8.0510175035235998e-02
1.2203125000000001e+00	8.0250469254430593e-02
1.2234375000000002e+00	7.9990060567725230e-02
1.2265625000000000e+00	7.9728953422670779e-02
1.2296875000000000e+00	7.9467152206103342e-02
1.2328125000000001e+00	7.9204661244362221e-02
1.2359375000000001e+00	7.8941484803522796e-02
1.2390625000000002e+00	7.8677627089644500e-02
1.2421875000000000e+00	7.8413092249033547e-02
1.2453125000000000e+00	7.8147884368520992e-02
1.2484375000000001e+00	7.7882007475754772e-02
1.2515625000000001e+00	7.7615465539506850e-02
1.2546875000000002e+00	7.7348262469994558e-02
1.2578125000000000e+00	7.7080402119216435e-02
1.2609375000000000e+00	7.6811888281301741e-02
1.2640625000000001e+00	7.6542724692874750e-02
1.2671875000000001e+00	7.6272915033432656e-02
1.2703125000000002e+00	7.6002462925736841e-02
1.2734375000000000e+00	7.5731371936218345e-02
1.2765625000000000e+00	7.5459645575396417e-02
1.2796875000000001e+00	7.5187287298310646e-02
1.2828125000000001e+00	7.4914300504965975e-02
1.2859375000000002e+00	7.4640688540791048e-02
1.2890625000000000e+00	7.4366454697109050e-02
1.2921875000000000e+00	7.4091602211621477e-02
1.2953125000000001e+00	7.3816134268904182e-02
1.2984375000000001e+00	7.3540054000916122e-02
1.3015625000000002e+00	7.3263364487519841e-02
1.3046875000000000e+00	7.2986068757014078e-02
1.3078125000000000e+00	7.2708169786678448e-02
1.3109375000000001e+00	7.2429670503329296e-02
1.3140625000000001e+00	7.2150573783887284e-02
1.3171875000000002e+00	7.1870882455956131e-02
1.3203125000000000e+00	7.1590599298412383e-02
1.3234375000000000e+00	7.1309727042006096e-02
1.3265625000000001e+00	7.1028268369972045e-02
1.3296875000000001e+00	7.0746225918651623e-02
1.3328125000000002e+00	7.0463602278124746e-02
1.3359375000000000e+00	7.0180399992851930e-02
1.3390625000000000e+00	6.9896621562326275e-02
1.3421875000000001e+00	6.9612269441734945e-02
1.3453125000000001e+00	6.9327346042630106e-02
1.3484375000000002e+00	6.9041853733609229e-02
1.3515625000000000e+00	6.8755794841003998e-02
1.3546875000000000e+00	6.8469171649578497e-02
1.3578125000000001e+00	6.8181986403235556e-02
1.3609375000000001e+00	6.7894241305731517e-02
1.3640625000000002e+00	6.7605938521399220e-02
1.3671875000000000e+00	6.7317080175878716e-02
1.3703125000000000e+00	6.7027668356855696e-02
1.3734375000000001e+00	6.6737705114807297e-02
1.3765625000000001e+00	6.6447192463755134e-02
1.3796875000000002e+00	6.6156132382025196e-02
1.3828125000000000e+00	6.5864526813014537e-02
1.3859375000000000e+00	6.5572377665964354e-02
1.3890625000000001e+00	6.5279686816739346e-02
1.3921875000000001e+00	6.4986456108613047e-02
1.3953125000000002e+00	6.4692687353058873e-02
1.3984375000000000e+00	6.4398382330546761e-02
1.4015625000000000e+00	6.4103542791344920e-02
1.4046875000000001e+00	6.3808170456326654e-02
1.4078125000000001e+00	6.3512267017782079e-02
1.4109375000000002e+00	6.3215834140234087e-02
1.4140625000000000e+00	6.2918873461258740e-02
1.4171875000000000e+00	6.2621386592309744e-02
1.4203125000000001e+00	6.2323375119546415e-02
1.4234375000000001e+00	6.2024840604665440e-02
1.4265625000000002e+00	6.1725784585735730e-02
1.4296875000000000e+00	6.1426208578036247e-02
1.4328125000000000e+00	6.1126114074896723e-02
1.4359375000000001e+00	6.0825502548540689e-02
1.4390625000000001e+00	6.0524375450930860e-02
1.4421875000000002e+00	6.0222734214616422e-02
1.4453125000000000e+00	5.9920580253582073e-02
1.4484375000000000e+00	5.9617914964098517e-02
1.4515625000000001e+00	5.9314739725574162e-02
1.4546875000000001e+00	5.9011055901407740e-02
1.4578125000000002e+00	5.8706864839841694e-02
1.4609375000000000e+00	5.8402167874815836e-02
1.4640625000000000e+00	5.8096966326821355e-02
1.4671875000000001e+00	5.7791261503754708e-02
1.4703125000000001e+00	5.7485054701770975e-02
1.4734375000000002e+00	5.7178347206136959e-02
1.4765625000000000e+00	5.6871140292083101e-02
1.4796875000000000e+00	5.6563435225654518e-02
1.4828125000000001e+00	5.6255233264560549e-02
1.4859375000000001e+00	5.5946535659022759e-02
1.4890625000000002e+00	5.5637343652620991e-02
1.4921875000000000e+00	5.5327658483137379e-02
1.4953125000000000e+00	5.5017481383397904e-02
1.4984375000000001e+00	5.4706813582111456e-02
1.5015625000000001e+00	5.4395656304705733e-02
1.5046875000000002e+00	5.4084010774160432e-02
1.5078125000000000e+00	5.3771878211836655e-02
1.5109375000000000e+00	5.3459259838302915e-02
1.5140625000000001e+00	5.3146156874157260e-02
1.5171875000000001e+00	5.2832570540845218e-02
1.5203125000000002e+00	5.2518502061473432e-02
1.5234375000000000e+00	5.2203952661618626e-02
1.5265625000000000e+00	5.1888923570131827e-02
1.5296875000000001e+00	5.1573416019937479e-02
1.5328125000000001e+00	5.1257431248827208e-02
1.5359375000000002e+00	5.0940970500248040e-02
1.5390625000000000e+00	5.0624035024084892e-02
1.5421875000000000e+00	5.0306626077437029e-02
1.5453125000000001e+00	4.9988744925388226e-02
1.5484375000000001e+00	4.9670392841770515e-02
1.5515625000000002e+00	4.9351571109921277e-02
1.5546875000000000e+00	4.9032281023433273e-02
1.5578125000000000e+00	4.8712523886897709e-02
1.5609375000000001e+00	4.8392301016639813e-02
1.5640625000000001e+00	4.8071613741446938e-02
1.5671875000000002e+00	4.7750463403288840e-02
1.5703125000000000e+00	4.7428851358029878e-02
1.5734375000000000e+00	4.7106778976133204e-02
1.5765625000000001e+00	4.6784247643356369e-02
1.5796875000000001e+00	4.6461258761438341e-02
1.5828125000000002e+00	4.6137813748777880e-02
1.5859375000000000e+00	4.5813914041102584e-02
1.5890625000000000e+00	4.5489561092129080e-02
1.5921875000000001e+00	4.5164756374213605e-02
1.5953125000000001e+00	4.4839501378993007e-02
1.5984375000000002e+00	4.4513797618016104e-02
1.6015625000000000e+00	4.4187646623364961e-02
1.6046875000000000e+00	4.3861049948266145e-02
1.6078125000000001e+00	4.3534009167691533e-02
1.6109375000000001e+00	4.3206525878948826e-02
1.6140625000000002e+00	4.2878601702261238e-02
1.6171875000000000e+00	4.2550238281336521e-02
1.6203125000000000e+00	4.2221437283924870e-02
1.6234375000000001e+00	4.1892200402365840e-02
1.6265625000000001e+00	4.1562529354123870e-02
1.6296875000000002e+00	4.1232425882312407e-02
1.6328125000000000e+00	4.0901891756206378e-02
1.6359375000000000e+00	4.0570928771743058e-02
1.6390625000000001e+00	4.0239538752011007e-02
1.6421875000000001e+00	3.9907723547726898e-02
1.6453125000000002e+00	3.9575485037700295e-02
1.6484375000000000e+00	3.9242825129286230e-02
1.6515625000000000e+00	3.8909745758825220e-02
1.6546875000000001e+00	3.8576248892070800e-02
1.6578125000000001e+00	3.8242336524604813e-02
1.6609375000000002e+00	3.7908010682238966e-02
1.6640625000000000e+00	3.7573273421404790e-02
1.6671875000000000e+00	3.7238126829529684e-02
1.6703125000000001e+00	3.6902573025400294e-02
1.6734375000000001e+00	3.6566614159512713e-02
1.6765625000000002e+00	3.6230252414409359e-02
1.6796875000000000e+00	3.5893490005002519e-02
1.6828125000000000e+00	3.5556329178884516e-02
1.6859375000000001e+00	3.5218772216624283e-02
1.6890625000000001e+00	3.4880821432050534e-02
1.6921875000000002e+00	3.4542479172521075e-02
1.6953125000000000e+00	3.4203747819178537e-02
1.6984375000000000e+00	3.3864629787192242e-02
1.7015625000000001e+00	3.3525127525986395e-02
1.7046875000000001e+00	3.3185243519454080e-02
1.7078125000000002e+00	3.2844980286157718e-02
1.7109375000000000e+00	3.2504340379515169e-02
1.7140625000000000e+00	3.2163326387972063e-02
1.7171875000000001e+00	3.1821940935159956e-02
1.7203125000000001e+00	3.1480186680040427e-02
1.7234375000000002e+00	3.1138066317035060e-02
1.7265625000000000e+00	3.0795582576141241e-02
1.7296875000000000e+00	3.0452738223033900e-02
1.7328125000000001e+00	3.0109536059153039e-02
1.7359375000000001e+00	2.9765978921776966e-02
1.7390625000000002e+00	2.9422069684081557e-02
1.7421875000000000e+00	2.9077811255185181e-02
1.7453125000000000e+00	2.8733206580179475e-02
1.7484375000000001e+00	2.8388258640146057e-02
1.7515625000000001e+00	2.8042970452158911e-02
1.7546875000000002e+00	2.7697345069272822e-02
1.7578125000000000e+00	2.7351385580497538e-02
1.7609375000000000e+00	2.7005095110758007e-02
1.7640625000000001e+00	2.6658476820840396e-02
1.7671875000000001e+00	2.6311533907324249e-02
1.7703125000000002e+00	2.5964269602500582e-02
1.7734375000000000e+00	2.5616687174276068e-02
1.7765625000000000e+00	2.5268789926063358e-02
1.7796875000000001e+00	2.4920581196657594e-02
1.7828125000000001e+00	2.4572064360099146e-02
1.7859375000000002e+00	2.4223242825522597e-02
1.7890625000000000e+00	2.3874120036992200e-02
1.7921875000000000e+00	2.3524699473323696e-02
1.7953125000000001e+00	2.3174984647892659e-02
1.7984375000000001e+00	2.2824979108429452e-02
1.8015625000000002e+00	2.2474686436800905e-02
1.8046875000000000e+00	2.2124110248778688e-02
1.8078125000000000e+00	2.1773254193794583e-02
1.8109375000000001e+00	2.1422121954682717e-02
1.8140625000000001e+00	2.1070717247408891e-02
1.8171875000000002e+00	2.0719043820787007e-02
1.8203125000000000e+00	2.0367105456182859e-02
1.8234375000000000e+00	2.0014905967205274e-02
1.8265625000000001e+00	1.9662449199384719e-02
1.8296875000000001e+00	1.9309739029839651e-02
1.8328125000000002e+00	1.8956779366930548e-02
1.8359375000000000e+00	1.8603574149901776e-02
1.8390625000000000e+00	1.8250127348511745e-02
1.8421875000000001e+00	1.7896442962650798e-02
1.8453125000000001e+00	1.7542525021947784e-02
1.8484375000000002e+00	1.7188377585364900e-02
1.8515625000000000e+00	1.6834004740781196e-02
1.8546875000000000e+00	1.6479410604564679e-02
1.8578125000000001e+00	1.6124599321133547e-02
1.8609375000000001e+00	1.5769575062506345e-02
1.8640625000000002e+00	1.5414342027841378e-02
1.8671875000000000e+00	1.5058904442965478e-02
1.8703125000000000e+00	1.4703266559892380e-02
1.8734375000000001e+00	1.4347432656330879e-02
1.8765625000000001e+00	1.3991407035182767e-02
1.8796875000000002e+00	1.3635194024030926e-02
1.8828125000000000e+00	1.3278797974617795e-02
1.8859375000000000e+00	1.2922223262314089e-02
1.8890625000000001e+00	1.2565474285578297e-02
1.8921875000000001e+00	1.2208555465407027e-02
1.8953125000000002e+00	1.1851471244776339e-02
1.8984375000000000e+00	1.1494226088074268e-02
1.9015625000000000e+00	1.1136824480524821e-02
1.9046875000000001e+00	1.0779270927603682e-02
1.9078125000000001e+00	1.0421569954445580e-02
1.9109375000000002e+00	1.0063726105243831e-02
1.9140625000000000e+00	9.7057439426420696e-03
1.9171875000000000e+00	9.3476280471184812e-03
1.9203125000000001e+00	8.9893830163626960e-03
1.9234375000000001e+00	8.6310134646455546e-03
1.9265625000000002e+00	8.2725240221820720e-03
1.9296875000000000e+00	7.9139193344875871e-03
1.9328125000000000e+00	7.5552040617276432e-03
1.9359375000000001e+00	7.1963828780615378e-03
1.9390625000000001e+00	6.8374604709798906e-03
1.9421875000000002e+00	6.4784415406365483e-03
1.9453125000000000e+00	6.1193307991747967e-03
1.9484375000000000e+00	5.7601329700484377e-03
1.9515625000000001e+00	5.4008527873376918e-03
1.9546875000000001e+00	5.0414949950603125e-03
1.9578125000000002e+00	4.6820643464781618e-03
1.9609375000000000e+00	4.3225656033992598e-03
1.9640625000000000e+00	3.9630035354759367e-03
1.9671875000000001e+00	3.6033829194989774e-03
1.9703125000000001e+00	3.2437085386881372e-03
1.9734375000000002e+00	2.8839851819793161e-03
1.9765625000000000e+00	2.5242176433085432e-03
1.9796875000000000e+00	2.1644107208930842e-03
1.9828125000000001e+00	1.8045692165098873e-03
1.9859375000000001e+00	1.4446979347715787e-03
1.9890625000000002e+00	1.0848016824003379e-03
1.9921875000000000e+00	7.2488526749984311e-04
1.9953125000000000e+00	3.6495349882550109e-04
1.9984375000000001e+00	5.0111850533384467e-06
2.0015624999999999e+00	-3.5493686595241132e-04
2.0046875000000002e+00	-7.1487700685387971e-04
2.0078125000000000e+00	-1.0748045940648710e-03
2.0109375000000003e+00	-1.4347148187045734e-03
2.0140625000000001e+00	-1.7946028717532286e-03
2.0171874999999999e+00	-2.1544639447833450e-03
2.0203125000000002e+00	-2.5142932306895143e-03
2.0234375000000000e+00	-2.8740859244164984e-03
2.0265625000000003e+00	-3.2338372236855426e-03
2.0296875000000001e+00	-3.5935423297184178e-03
2.0328124999999999e+00	-3.9531964479592001e-03
2.0359375000000002e+00	-4.3127947887932885e-03
2.0390625000000000e+00	-4.6723325682636275e-03
2.0421875000000003e+00	-5.0318050087837674e-03
2.0453125000000001e+00	-5.3912073398475627e-03
2.0484374999999999e+00	-5.7505347987352904e-03
2.0515625000000002e+00	-6.1097826312158246e-03
2.0546875000000000e+00	-6.4689460922448434e-03
2.0578125000000003e+00	-6.8280204466586152e-03
2.0609375000000001e+00	-7.1870009698632113e-03
2.0640624999999999e+00	-7.5458829485189512e-03
2.0671875000000002e+00	-7.9046616812198378e-03
2.0703125000000000e+00	-8.2633324791676187e-03
2.0734375000000003e+00	-8.6218906668403782e-03
2.0765625000000001e+00	-8.9803315826554719e-03
2.0796874999999999e+00	-9.3386505796263820e-03
2.0828125000000002e+00	-9.6968430260134086e-03
2.0859375000000000e+00	-1.0054904305967973e-02
2.0890625000000003e+00	-1.0412829820170267e-02
2.0921875000000001e+00	-1.0770614986459995e-02
2.0953124999999999e+00	-1.1128255240460119e-02
2.0984375000000002e+00	-1.1485746036193198e-02
2.1015625000000000e+00	-1.1843082846690292e-02
2.1046875000000003e+00	-1.2200261164592103e-02
2.1078125000000001e+00	-1.2557276502742203e-02
2.1109374999999999e+00	-1.2914124394772061e-02
2.1140625000000002e+00	-1.3270800395677802e-02
2.1171875000000000e+00	-1.3627300082388345e-02
2.1203125000000003e+00	-1.3983619054324815e-02
2.1234375000000001e+00	-1.4339752933950999e-02
2.1265624999999999e+00	-1.4695697367314688e-02
2.1296875000000002e+00	-1.5051448024579592e-02
2.1328125000000000e+00	-1.5407000600547893e-02
2.1359375000000003e+00	-1.5762350815172917e-02
2.1390625000000001e+00	-1.6117494414062017e-02
2.1421874999999999e+00	-1.6472427168969340e-02
2.1453125000000002e+00	-1.6827144878278376e-02
2.1484375000000000e+00	-1.7181643367474100e-02
2.1515625000000003e+00	-1.7535918489604407e-02
2.1546875000000001e+00	-1.7889966125731006e-02
2.1578124999999999e+00	-1.8243782185369189e-02
2.1609375000000002e+00	-1.8597362606916568e-02
2.1640625000000000e+00	-1.8950703358070725e-02
2.1671875000000003e+00	-1.9303800436235249e-02
2.1703125000000001e+00	-1.9656649868914390e-02
2.1734374999999999e+00	-2.0009247714096033e-02
2.1765625000000002e+00	-2.0361590060622724e-02
2.1796875000000000e+00	-2.0713673028550841e-02
2.1828125000000003e+00	-2.1065492769497710e-02
2.1859375000000001e+00	-2.1417045466976328e-02
2.1890624999999999e+00	-2.1768327336717890e-02
2.1921875000000002e+00	-2.2119334626981828e-02
2.1953125000000000e+00	-2.2470063618853172e-02
2.1984375000000003e+00	-2.2820510626527242e-02
2.2015625000000001e+00	-2.3170671997581611e-02
2.2046874999999999e+00	-2.3520544113234981e-02
2.2078125000000002e+00	-2.3870123388593234e-02
2.2109375000000000e+00	-2.4219406272882146e-02
2.2140625000000003e+00	-2.4568389249667026e-02
2.2171875000000001e+00	-2.4917068837059089e-02
2.2203124999999999e+00	-2.5265441587908267e-02
2.2234375000000002e+00	-2.5613504089982690e-02
2.2265625000000000e+00	-2.5961252966134600e-02
2.2296875000000003e+00	-2.6308684874452586e-02
2.2328125000000001e+00	-2.6655796508400172e-02
2.2359374999999999e+00	-2.7002584596940653e-02
2.2390625000000002e+00	-2.7349045904648130e-02
2.2421875000000000e+00	-2.7695177231804643e-02
2.2453125000000003e+00	-2.8040975414483409e-02
2.2484375000000001e+00	-2.8386437324618104e-02
2.2515624999999999e+00	-2.8731559870058113e-02
2.2546875000000002e+00	-2.9076339994609790e-02
2.2578125000000000e+00	-2.9420774678063588e-02
2.2609375000000003e+00	-2.9764860936207123e-02
2.2640625000000001e+00	-3.0108595820824108e-02
2.2671874999999999e+00	-3.0451976419679144e-02
2.2703125000000002e+00	-3.0794999856488314e-02
2.2734375000000000e+00	-3.1137663290875667e-02
2.2765625000000003e+00	-3.1479963918315521e-02
2.2796875000000001e+00	-3.1821898970060492e-02
2.2828124999999999e+00	-3.2163465713055540e-02
2.2859375000000002e+00	-3.2504661449837692e-02
2.2890625000000000e+00	-3.2845483518421641e-02
2.2921875000000003e+00	-3.3185929292171248e-02
2.2953125000000001e+00	-3.3525996179656986e-02
2.2984374999999999e+00	-3.3865681624499142e-02
2.3015625000000002e+00	-3.4204983105197116e-02
2.3046875000000000e+00	-3.4543898134944614e-02
2.3078125000000003e+00	-3.4882424261430900e-02
2.3109375000000001e+00	-3.5220559066628111e-02
2.3140624999999999e+00	-3.5558300166564652e-02
2.3171875000000002e+00	-3.5895645211084785e-02
2.3203125000000000e+00	-3.6232591883594456e-02
2.3234375000000003e+00	-3.6569137900793351e-02
2.3265625000000001e+00	-3.6905281012393397e-02
2.3296874999999999e+00	-3.7241019000823571e-02
2.3328125000000002e+00	-3.7576349680921273e-02
2.3359375000000000e+00	-3.7911270899610335e-02
2.3390625000000003e+00	-3.8245780535565509e-02
2.3421875000000001e+00	-3.8579876498863880e-02
2.3453124999999999e+00	-3.8913556730623050e-02
2.3484375000000002e+00	-3.9246819202626376e-02
2.3515625000000000e+00	-3.9579661916934773e-02
2.3546875000000003e+00	-3.9912082905486410e-02
2.3578125000000001e+00	-4.0244080229683059e-02
2.3609374999999999e+00	-4.0575651979964086e-02
2.3640625000000002e+00	-4.0906796275367752e-02
2.3671875000000000e+00	-4.1237511263080284e-02
2.3703125000000003e+00	-4.1567795117972511e-02
2.3734375000000001e+00	-4.1897646042124530e-02
2.3765624999999999e+00	-4.2227062264338242e-02
2.3796875000000002e+00	-4.2556042039637851e-02
2.3828125000000000e+00	-4.2884583648759085e-02
2.3859375000000003e+00	-4.3212685397626287e-02
2.3890625000000001e+00	-4.3540345616818459e-02
2.3921874999999999e+00	-4.3867562661023818e-02
2.3953125000000002e+00	-4.4194334908483221e-02
2.3984375000000000e+00	-4.4520660760422659e-02
2.4015625000000003e+00	-4.4846538640474963e-02
2.4046875000000001e+00	-4.5171966994090686e-02
2.4078125000000004e+00	-4.5496944287938747e-02
2.4109375000000002e+00	-4.5821469009296567e-02
2.4140625000000000e+00	-4.6145539665430065e-02
2.4171875000000003e+00	-4.6469154782963873e-02
2.4203125000000001e+00	-4.6792312907241583e-02
2.4234375000000004e+00	-4.7115012601676477e-02
2.4265625000000002e+00	-4.7437252447092848e-02
2.4296875000000000e+00	-4.7759031041058171e-02
2.4328125000000003e+00	-4.8080346997206092e-02
2.4359375000000001e+00	-4.8401198944550722e-02
2.4390625000000004e+00	-4.8721585526792344e-02
2.4421875000000002e+00	-4.9041505401614484e-02
2.4453125000000000e+00	-4.9360957239973059e-02
2.4484375000000003e+00	-4.9679939725377278e-02
2.4515625000000001e+00	-4.9998451553162876e-02
2.4546875000000004e+00	-5.0316491429757734e-02
2.4578125000000002e+00	-5.0634058071940040e-02
2.4609375000000000e+00	-5.0951150206089507e-02
2.4640625000000003e+00	-5.1267766567431414e-02
2.4671875000000001e+00	-5.1583905899274148e-02
2.4703125000000004e+00	-5.1899566952240066e-02
2.4734375000000002e+00	-5.2214748483490343e-02
2.4765625000000000e+00	-5.2529449255943529e-02
2.4796875000000003e+00	-5.2843668037488481e-02
2.4828125000000001e+00	-5.3157403600191645e-02
2.4859375000000004e+00	-5.3470654719499133e-02
2.4890625000000002e+00	-5.3783420173433516e-02
2.4921875000000000e+00	-5.4095698741785964e-02
2.4953125000000003e+00	-5.4407489205303514e-02
2.4984375000000001e+00	-5.4718790344872308e-02
2.5015625000000004e+00	-5.5029600940696324e-02
2.5046875000000002e+00	-5.5339919771472533e-02
2.5078125000000000e+00	-5.5649745613562250e-02
2.5109375000000003e+00	-5.5959077240159055e-02
2.5140625000000001e+00	-5.6267913420453723e-02
2.5171875000000004e+00	-5.6576252918796123e-02
2.5203125000000002e+00	-5.6884094493854488e-02
2.5234375000000000e+00	-5.7191436897772362e-02
2.5265625000000003e+00	-5.7498278875323272e-02
2.5296875000000001e+00	-5.7804619163063689e-02
2.5328125000000004e+00	-5.8110456488484140e-02
2.5359375000000002e+00	-5.8415789569159098e-02
2.5390625000000000e+00	-5.8720617111895676e-02
2.5421875000000003e+00	-5.9024937811881451e-02
2.5453125000000001e+00	-5.9328750351831668e-02
2.5484375000000004e+00	-5.9632053401136066e-02
2.5515625000000002e+00	-5.9934845615005672e-02
2.5546875000000000e+00	-6.0237125633619666e-02
2.5578125000000003e+00	-6.0538892081272666e-02
2.5609375000000001e+00	-6.0840143565522690e-02
2.5640625000000004e+00	-6.1140878676340098e-02
2.5671875000000002e+00	-6.1441095985257613e-02
2.5703125000000000e+00	-6.1740794044521825e-02
2.5734375000000003e+00	-6.2039971386246423e-02
2.5765625000000001e+00	-6.2338626521567304e-02
2.5796875000000004e+00	-6.2636757939799961e-02
2.5828125000000002e+00	-6.2934364107599283e-02
2.5859375000000000e+00	-6.3231443468122095e-02
2.5890625000000003e+00	-6.3527994440192651e-02
2.5921875000000001e+00	-6.3824015417471403e-02
2.5953125000000004e+00	-6.4119504767627150e-02
2.5984375000000002e+00	-6.4414460831513073e-02
2.6015625000000000e+00	-6.4708881922346542e-02
2.6046875000000003e+00	-6.5002766324893407e-02
2.6078125000000001e+00	-6.5296112294656553e-02
2.6109375000000004e+00	-6.5588918057069318e-02
2.6140625000000002e+00	-6.5881181806693875e-02
2.6171875000000000e+00	-6.6172901706424758e-02
2.6203125000000003e+00	-6.6464075886698046e-02
2.6234375000000001e+00	-6.6754702444705952e-02
2.6265625000000004e+00	-6.7044779443617794e-02
2.6296875000000002e+00	-6.7334304911806753e-02
2.6328125000000000e+00	-6.7623276842083385e-02
2.6359375000000003e+00	-6.7911693190935596e-02
2.6390625000000001e+00	-6.8199551877775683e-02
2.6421875000000004e+00	-6.8486850784194434e-02
2.6453125000000002e+00	-6.8773587753222676e-02
2.6484375000000000e+00	-6.9059760588600333e-02
2.6515625000000003e+00	-6.9345367054053531e-02
2.6546875000000001e+00	-6.9630404872579488e-02
2.6578125000000004e+00	-6.9914871725740027e-02
2.6609375000000002e+00	-7.0198765252963286e-02
2.6640625000000000e+00	-7.0482083050854433e-02
2.6671875000000003e+00	-7.0764822672515215e-02
2.6703125000000001e+00	-7.1046981626872702e-02
2.6734375000000004e+00	-7.1328557378017424e-02
2.6765625000000002e+00	-7.1609547344551092e-02
2.6796875000000000e+00	-7.1889948898944275e-02
2.6828125000000003e+00	-7.2169759366903868e-02
2.6859375000000001e+00	-7.2448976026750947e-02
2.6890625000000004e+00	-7.2727596108809078e-02
2.6921875000000002e+00	-7.3005616794803108e-02
2.6953125000000000e+00	-7.3283035217268963e-02
2.6984375000000003e+00	-7.3559848458974272e-02
2.7015625000000001e+00	-7.3836053552350442e-02
2.7046875000000004e+00	-7.4111647478935908e-02
2.7078125000000002e+00	-7.4386627168831113e-02
2.7109375000000000e+00	-7.4660989500165253e-02
2.7140625000000003e+00	-7.4934731298574878e-02
2.7171875000000001e+00	-7.5207849336694763e-02
2.7203125000000004e+00	-7.5480340333661008e-02
2.7234375000000002e+00	-7.5752200954626564e-02
2.7265625000000000e+00	-7.6023427810289604e-02
2.7296875000000003e+00	-7.6294017456434368e-02
2.7328125000000001e+00	-7.6563966393485408e-02
2.7359375000000004e+00	-7.6833271066074571e-02
2.7390625000000002e+00	-7.7101927862621558e-02
2.7421875000000000e+00	-7.7369933114927777e-02
2.7453125000000003e+00	-7.7637283097783782e-02
2.7484375000000001e+00	-7.7903974028590547e-02
2.7515625000000004e+00	-7.8170002066994648e-02
2.7546875000000002e+00	-7.8435363314537140e-02
2.7578125000000000e+00	-7.8700053814317064e-02
2.7609375000000003e+00	-7.8964069550668939e-02
2.7640625000000001e+00	-7.9227406448854842e-02
2.7671875000000004e+00	-7.9490060374770591e-02
2.7703125000000002e+00	-7.9752027134667364e-02
2.7734375000000000e+00	-8.0013302474887485e-02
2.7765625000000003e+00	-8.0273882081615219e-02
2.7796875000000001e+00	-8.0533761580642876e-02
2.7828125000000004e+00	-8.0792936537151611e-02
2.7859375000000002e+00	-8.1051402455507737e-02
2.7890625000000000e+00	-8.1309154779074327e-02
2.7921875000000003e+00	-8.1566188890038055e-02
2.7953125000000001e+00	-8.1822500109251753e-02
2.7984375000000004e+00	-8.2078083696092569e-02
2.8015625000000002e+00	-8.2332934848335579e-02
2.8046875000000000e+00	-8.2587048702043475e-02
2.8078125000000003e+00	-8.2840420331471834e-02
2.8109375000000001e+00	-8.3093044748990624e-02
2.8140625000000004e+00	-8.3344916905021299e-02
2.8171875000000002e+00	-8.3596031687990333e-02
2.8203125000000000e+00	-8.3846383924298593e-02
2.8234375000000003e+00	-8.4095968378307115e-02
2.8265625000000001e+00	-8.4344779752339033e-02
2.8296875000000004e+00	-8.4592812686697702e-02
2.8328125000000002e+00	-8.4840061759701338e-02
2.8359375000000000e+00	-8.5086521487734004e-02
2.8390625000000003e+00	-8.5332186325312837e-02
2.8421875000000001e+00	-8.5577050665171961e-02
2.8453125000000004e+00	-8.5821108838362886e-02
2.8484375000000002e+00	-8.6064355114371174e-02
2.8515625000000000e+00	-8.6306783701250056e-02
2.8546875000000003e+00	-8.6548388745770227e-02
2.8578125000000001e+00	-8.6789164333586535e-02
2.8609375000000004e+00	-8.7029104489421111e-02
2.8640625000000002e+00	-8.7268203177263123e-02
2.8671875000000000e+00	-8.7506454300585262e-02
2.8703125000000003e+00	-8.7743851702576620e-02
2.8734375000000001e+00	-8.7980389166392475e-02
2.8765625000000004e+00	-8.8216060415420558e-02
2.8796875000000002e+00	-8.8450859113563915e-02
2.8828125000000000e+00	-8.8684778865540201e-02
2.8859375000000003e+00	-8.8917813217198133e-02
2.8890625000000001e+00	-8.9149955655849669e-02
2.8921875000000004e+00	-8.9381199610619466e-02
2.8953125000000002e+00	-8.9611538452810405e-02
2.8984375000000000e+00	-8.9840965496285785e-02
2.9015625000000003e+00	-9.0069473997867938e-02
2.9046875000000001e+00	-9.0297057157753144e-02
2.9078125000000004e+00	-9.0523708119943119e-02
2.9109375000000002e+00	-9.0749419972692522e-02
2.9140625000000000e+00	-9.0974185748973119e-02
2.9171875000000003e+00	-9.1197998426953808e-02
2.9203125000000001e+00	-9.1420850930496969e-02
2.9234375000000004e+00	-9.1642736129671054e-02
2.9265625000000002e+00	-9.1863646841278776e-02
2.9296875000000000e+00	-9.2083575829401937e-02
2.9328125000000003e+00	-9.2302515805961494e-02
2.9359375000000001e+00	-9.2520459431293847e-02
2.9390625000000004e+00	-9.2737399314742786e-02
2.9421875000000002e+00	-9.2953328015267137e-02
2.9453125000000000e+00	-9.3168238042063894e-02
2.9484375000000003e+00	-9.3382121855207001e-02
2.9515625000000001e+00	-9.3594971866301377e-02
2.9546875000000004e+00	-9.3806780439152429e-02
2.9578125000000002e+00	-9.4017539890450766e-02
2.9609375000000000e+00	-9.4227242490471819e-02
2.9640625000000003e+00	-9.4435880463790770e-02
2.9671875000000001e+00	-9.4643445990012204e-02
2.9703125000000004e+00	-9.4849931204514598e-02
2.9734375000000002e+00	-9.5055328199209643e-02
2.9765625000000000e+00	-9.5259629023315875e-02
2.9796875000000003e+00	-9.5462825684146907e-02
2.9828125000000001e+00	-9.5664910147914201e-02
2.9859375000000004e+00	-9.5865874340543500e-02
2.9890625000000002e+00	-9.6065710148505970e-02
2.9921875000000000e+00	-9.6264409419662883e-02
2.9953125000000003e+00	-9.6461963964124139e-02
2.9984375000000001e+00	-9.6658365555120737e-02
3.0015625000000004e+00	-9.6853605929890466e-02
3.0046875000000002e+00	-9.7047573202414111e-02
3.0078125000000000e+00	-9.7240365053462369e-02
3.0109375000000003e+00	-9.7431973064636676e-02
3.0140625000000001e+00	-9.7622388786293021e-02
3.0171875000000004e+00	-9.7811603738473710e-02
3.0203125000000002e+00	-9.7999609411852359e-02
3.0234375000000000e+00	-9.8186397268691453e-02
3.0265625000000003e+00	-9.8371958743812507e-02
3.0296875000000001e+00	-9.8556285245578926e-02
3.0328125000000004e+00	-9.8739368156890883e-02
3.0359375000000002e+00	-9.8921198836192492e-02
3.0390625000000000e+00	-9.9101768618490696e-02
3.0421875000000003e+00	-9.9281068816386278e-02
3.0453125000000001e+00	-9.9459090721116153e-02
3.0484375000000004e+00	-9.9635825603607162e-02
3.0515625000000002e+00	-9.9811264715541109e-02
3.0546875000000000e+00	-9.9985399290430793e-02
3.0578125000000003e+00	-1.0015822054470698e-01
3.0609375000000001e+00	-1.0032971967881588e-01
3.0640625000000004e+00	-1.0049988787832727e-01
3.0671875000000002e+00	-1.0066871631505273e-01
3.0703125000000000e+00	-1.0083619614817413e-01
3.0734375000000003e+00	-1.0100231852538177e-01
3.0765625000000001e+00	-1.0116707458402245e-01
3.0796875000000004e+00	-1.0133045545225686e-01
3.0828125000000002e+00	-1.0149245225022628e-01
3.0859375000000000e+00	-1.0165305609122845e-01
3.0890625000000003e+00	-1.0181225808290213e-01
3.0921875000000001e+00	-1.0197004932842052e-01
3.0953125000000004e+00	-1.0212642092769292e-01
3.0984375000000002e+00	-1.0228136397857486e-01
3.1015625000000000e+00	-1.0243486957808609e-01
3.1046875000000003e+00	-1.0258692882363633e-01
3.1078125000000001e+00	-1.0273753281425894e-01
3.1109375000000004e+00	-1.0288667265185156e-01
3.1140625000000002e+00	-1.0303433944242417e-01
3.1171875000000000e+00	-1.0318052429735394e-01
3.1203125000000003e+00	-1.0332521833464704e-01
3.1234375000000001e+00	-1.0346841268020664e-01
3.1265625000000004e+00	-1.0361009846910740e-01
3.1296875000000002e+00	-1.0375026684687591e-01
3.1328125000000000e+00	-1.0388890897077700e-01
3.1359375000000003e+00	-1.0402601601110563e-01
3.1390625000000001e+00	-1.0416157915248409e-01
3.1421875000000004e+00	-1.0429558959516447e-01
3.1453125000000002e+00	-1.0442803855633595e-01
3.1484375000000000e+00	-1.0455891727143671e-01
3.1515625000000003e+00	-1.0468821699547043e-01
3.1546875000000001e+00	-1.0481592900432697e-01
3.1578125000000004e+00	-1.0494204459610686e-01
3.1609375000000002e+00	-1.0506655509244969e-01
3.1640625000000000e+00	-1.0518945183986610e-01
3.1671875000000003e+00	-1.0531072621107283e-01
3.1703125000000001e+00	-1.0543036960633087e-01
3.1734375000000004e+00	-1.0554837345478658e-01
3.1765625000000002e+00	-1.0566472921581516e-01
3.1796875000000000e+00	-1.0577942838036646e-01
3.1828125000000003e+00	-1.0589246247231306e-01
3.1859375000000001e+00	-1.0600382304980011e-01
3.1890625000000004e+00	-1.0611350170659657e-01
3.1921875000000002e+00	-1.0622149007344821e-01
3.1953125000000000e+00	-1.0632777981943142e-01
3.1984375000000003e+00	-1.0643236265330804e-01
3.2015625000000001e+00	-1.0653523032488080e-01
3.2046875000000004e+00	-1.0663637462634928e-01
3.2078125000000002e+00	-1.0673578739366588e-01
3.2109375000000000e+00	-1.0683346050789182e-01
3.2140625000000003e+00	-1.0692938589655274e-01
3.2171875000000001e+00	-1.0702355553499386e-01
3.2203125000000004e+00	-1.0711596144773425e-01
3.2234375000000002e+00	-1.0720659570982015e-01
3.2265625000000000e+00	-1.0729545044817693e-01
3.2296875000000003e+00	-1.0738251784295955e-01
3.2328125000000001e+00	-1.0746779012890124e-01
3.2359375000000004e+00	-1.0755125959666038e-01
3.2390625000000002e+00	-1.0763291859416482e-01
3.2421875000000000e+00	-1.0771275952795389e-01
3.2453125000000003e+00	-1.0779077486451785e-01
3.2484375000000001e+00	-1.0786695713163402e-01
3.2515625000000004e+00	-1.0794129891970003e-01
3.2546875000000002e+00	-1.0801379288306348e-01
3.2578125000000000e+00	-1.0808443174134803e-01
3.2609375000000003e+00	-1.0815320828077550e-01
3.2640625000000001e+00	-1.0822011535548373e-01
3.2671875000000004e+00	-1.0828514588884035e-01
3.2703125000000002e+00	-1.0834829287475169e-01
3.2734375000000000e+00	-1.0840954937896692e-01
3.2765625000000003e+00	-1.0846890854037707e-01
3.2796875000000001e+00	-1.0852636357230874e-01
3.2828125000000004e+00	-1.0858190776381244e-01
3.2859375000000002e+00	-1.0863553448094469e-01
3.2890625000000000e+00	-1.0868723716804467e-01
3.2921875000000003e+00	-1.0873700934900417e-01
3.2953125000000001e+00	-1.0878484462853139e-01
3.2984375000000004e+00	-1.0883073669340777e-01
3.3015625000000002e+00	-1.0887467931373811e-01
3.3046875000000000e+00	-1.0891666634419341e-01
3.3078125000000003e+00	-1.0895669172524633e-01
3.3109375000000001e+00	-1.0899474948439911e-01
3.3140625000000004e+00	-1.0903083373740363e-01
3.3171875000000002e+00	-1.0906493868947342e-01
3.3203125000000000e+00	-1.0909705863648739e-01
3.3234375000000003e+00	-1.0912718796618504e-01
3.3265625000000001e+00	-1.0915532115935304e-01
3.3296875000000004e+00	-1.0918145279100283e-01
3.3328125000000002e+00	-1.0920557753153909e-01
3.3359375000000000e+00	-1.0922769014791883e-01
3.3390625000000003e+00	-1.0924778550480096e-01
3.3421875000000001e+00	-1.0926585856568610e-01
3.3453125000000004e+00	-1.0928190439404624e-01
3.3484375000000002e+00	-1.0929591815444437e-01
3.3515625000000000e+00	-1.0930789511364371e-01
3.3546875000000003e+00	-1.0931783064170615e-01
3.3578125000000001e+00	-1.0932572021308012e-01
3.3609375000000004e+00	-1.0933155940767721e-01
3.3640625000000002e+00	-1.0933534391193768e-01
3.3671875000000000e+00	-1.0933706951988464e-01
3.3703125000000003e+00	-1.0933673213416636e-01
3.3734375000000001e+00	-1.0933432776708717e-01
3.3765625000000004e+00	-1.0932985254162575e-01
3.3796875000000002e+00	-1.0932330269244200e-01
3.3828125000000000e+00	-1.0931467456687081e-01
3.3859375000000003e+00	-1.0930396462590372e-01
3.3890625000000001e+00	-1.0929116944515753e-01
3.3921875000000004e+00	-1.0927628571583019e-01
3.3953125000000002e+00	-1.0925931024564335e-01
3.3984375000000000e+00	-1.0924023995977182e-01
3.4015625000000003e+00	-1.0921907190175935e-01
3.4046875000000001e+00	-1.0919580323442081e-01
3.4078125000000004e+00	-1.0917043124073060e-01
3.4109375000000002e+00	-1.0914295332469696e-01
3.4140625000000000e+00	-1.0911336701222213e-01
3.4171875000000003e+00	-1.0908166995194803e-01
3.4203125000000001e+00	-1.0904785991608779e-01
3.4234375000000004e+00	-1.0901193480124216e-01
3.4265625000000002e+00	-1.0897389262920132e-01
3.4296875000000000e+00	-1.0893373154773162e-01
3.4328125000000003e+00	-1.0889144983134720e-01
3.4359375000000001e+00	-1.0884704588206631e-01
3.4390625000000004e+00	-1.0880051823015202e-01
3.4421875000000002e+00	-1.0875186553483748e-01
3.4453125000000000e+00	-1.0870108658503543e-01
3.4484375000000003e+00	-1.0864818030003147e-01
3.4515625000000001e+00	-1.0859314573016182e-01
3.4546875000000004e+00	-1.0853598205747440e-01
3.4578125000000002e+00	-1.0847668859637384e-01
3.4609375000000000e+00	-1.0841526479424993e-01
3.4640625000000003e+00	-1.0835171023208949e-01
3.4671875000000001e+00	-1.0828602462507154e-01
3.4703125000000004e+00	-1.0821820782314558e-01
3.4734375000000002e+00	-1.0814825981159275e-01
3.4765625000000000e+00	-1.0807618071157021e-01
3.4796875000000003e+00	-1.0800197078063804e-01
3.4828125000000001e+00	-1.0792563041326882e-01
3.4859375000000004e+00	-1.0784716014133980e-01
3.4890625000000002e+00	-1.0776656063460746e-01
3.4921875000000000e+00	-1.0768383270116458e-01
3.4953125000000003e+00	-1.0759897728787908e-01
3.4984375000000001e+00	-1.0751199548081554e-01
3.5015625000000004e+00	-1.0742288850563825e-01
3.5046875000000002e+00	-1.0733165772799654e-01
3.5078125000000000e+00	-1.0723830465389149e-01
3.5109375000000003e+00	-1.0714283093002497e-01
3.5140625000000001e+00	-1.0704523834412966e-01
3.5171875000000004e+00	-1.0694552882528116e-01
3.5203125000000002e+00	-1.0684370444419117e-01
3.5234375000000000e+00	-1.0673976741348237e-01
3.5265625000000003e+00	-1.0663372008794436e-01
3.5296875000000001e+00	-1.0652556496477100e-01
3.5328125000000004e+00	-1.0641530468377880e-01
3.5359375000000002e+00	-1.0630294202760648e-01
3.5390625000000000e+00	-1.0618847992189548e-01
3.5421875000000003e+00	-1.0607192143545158e-01
3.5453125000000001e+00	-1.0595326978038722e-01
3.5484375000000004e+00	-1.0583252831224485e-01
3.5515625000000002e+00	-1.0570970053010099e-01
3.5546875000000000e+00	-1.0558479007665103e-01
3.5578125000000003e+00	-1.0545780073827477e-01
3.5609375000000001e+00	-1.0532873644508257e-01
3.5640625000000004e+00	-1.0519760127094219e-01
3.5671875000000002e+00	-1.0506439943348612e-01
3.5703125000000000e+00	-1.0492913529409954e-01
3.5734375000000003e+00	-1.0479181335788863e-01
3.5765625000000001e+00	-1.0465243827362962e-01
3.5796875000000004e+00	-1.0451101483369805e-01
3.5828125000000002e+00	-1.0436754797397867e-01
3.5859375000000000e+00	-1.0422204277375559e-01
3.5890625000000003e+00	-1.0407450445558294e-01
3.5921875000000001e+00	-1.0392493838513589e-01
3.5953125000000004e+00	-1.0377335007104208e-01
3.5984375000000002e+00	-1.0361974516469341e-01
3.6015625000000000e+00	-1.0346412946003818e-01
3.6046875000000003e+00	-1.0330650889335365e-01
3.6078125000000001e+00	-1.0314688954299903e-01
3.6109375000000004e+00	-1.0298527762914869e-01
3.6140625000000002e+00	-1.0282167951350603e-01
3.6171875000000000e+00	-1.0265610169899755e-01
3.6203125000000003e+00	-1.0248855082944743e-01
3.6234375000000001e+00	-1.0231903368923265e-01
3.6265625000000004e+00	-1.0214755720291842e-01
3.6296875000000002e+00	-1.0197412843487433e-01
3.6328125000000000e+00	-1.0179875458887083e-01
3.6359375000000003e+00	-1.0162144300765651e-01
3.6390625000000001e+00	-1.0144220117251576e-01
3.6421875000000004e+00	-1.0126103670280732e-01
3.6453125000000002e+00	-1.0107795735548333e-01
3.6484375000000000e+00	-1.0089297102458931e-01
3.6515625000000003e+00	-1.0070608574074476e-01
3.6546875000000001e+00	-1.0051730967060481e-01
3.6578125000000004e+00	-1.0032665111630255e-01
3.6609375000000002e+00	-1.0013411851487269e-01
3.6640625000000000e+00	-9.9939720437655810e-02
3.6671875000000003e+00	-9.9743465589684138e-02
3.6703125000000001e+00	-9.9545362809048257e-02
3.6734375000000004e+00	-9.9345421066245138e-02
3.6765625000000002e+00	-9.9143649463507511e-02
3.6796875000000000e+00	-9.8940057234114739e-02
3.6828125000000003e+00	-9.8734653741684983e-02
3.6859375000000001e+00	-9.8527448479449192e-02
3.6890625000000004e+00	-9.8318451069506665e-02
3.6921875000000002e+00	-9.8107671262062282e-02
3.6953125000000000e+00	-9.7895118934645878e-02
3.6984375000000003e+00	-9.7680804091313314e-02
3.7015625000000001e+00	-9.7464736861829881e-02
3.7046875000000004e+00	-9.7246927500835620e-02
3.7078125000000002e+00	-9.7027386386993236e-02
3.7109375000000000e+00	-9.6806124022118134e-02
3.7140625000000003e+00	-9.6583151030291275e-02
3.7171875000000001e+00	-9.6358478156954447e-02
3.7203125000000004e+00	-9.6132116267988468e-02
3.7234375000000002e+00	-9.5904076348774195e-02
3.7265625000000000e+00	-9.5674369503236628e-02
3.7296875000000003e+00	-9.5443006952872139e-02
3.7328125000000001e+00	-9.5210000035759024e-02
3.7359375000000004e+00	-9.4975360205551598e-02
3.7390625000000002e+00	-9.4739099030457657e-02
3.7421875000000000e+00	-9.4501228192199818e-02
3.7453125000000003e+00	-9.4261759484960780e-02
3.7484375000000001e+00	-9.4020704814312531e-02
3.7515625000000004e+00	-9.3778076196129739e-02
3.7546875000000002e+00	-9.3533885755487531e-02
3.7578125000000000e+00	-9.3288145725543808e-02
3.7609375000000003e+00	-9.3040868446406064e-02
3.7640625000000001e+00	-9.2792066363983322e-02
3.7671875000000004e+00	-9.2541752028822810e-02
3.7703125000000002e+00	-9.2289938094931925e-02
3.7734375000000000e+00	-9.2036637318585635e-02
3.7765625000000003e+00	-9.1781862557119162e-02
3.7796875000000001e+00	-9.1525626767706689e-02
3.7828125000000004e+00	-9.1267943006125729e-02
3.7859375000000002e+00	-9.1008824425507673e-02
3.7890625000000000e+00	-9.0748284275074587e-02
3.7921875000000003e+00	-9.0486335898862416e-02
3.7953125000000001e+00	-9.0222992734431032e-02
3.7984375000000004e+00	-8.9958268311560827e-02
3.8015625000000002e+00	-8.9692176250936631e-02
3.8046875000000000e+00	-8.9424730262818761e-02
3.8078125000000003e+00	-8.9155944145701452e-02
3.8109375000000001e+00	-8.8885831784959221e-02
3.8140625000000004e+00	-8.8614407151480695e-02
3.8171875000000002e+00	-8.8341684300290935e-02
3.8203125000000000e+00	-8.8067677369161670e-02
3.8234375000000003e+00	-8.7792400577210425e-02
3.8265625000000001e+00	-8.7515868223488058e-02
3.8296875000000004e+00	-8.7238094685555378e-02
3.8328125000000002e+00	-8.6959094418049096e-02
3.8359375000000000e+00	-8.6678881951236728e-02
3.8390625000000003e+00	-8.6397471889561636e-02
3.8421875000000001e+00	-8.6114878910177564e-02
3.8453125000000004e+00	-8.5831117761473411e-02
3.8484375000000002e+00	-8.5546203261588308e-02
3.8515625000000000e+00	-8.5260150296917220e-02
3.8546875000000003e+00	-8.4972973820607256e-02
3.8578125000000001e+00	-8.4684688851045187e-02
3.8609375000000004e+00	-8.4395310470336049e-02
3.8640625000000002e+00	-8.4104853822773398e-02
3.8671875000000000e+00	-8.3813334113301177e-02
3.8703125000000003e+00	-8.3520766605967633e-02
3.8734375000000001e+00	-8.3227166622371646e-02
3.8765625000000004e+00	-8.2932549540101111e-02
3.8796875000000002e+00	-8.2636930791164631e-02
3.8828125000000000e+00	-8.2340325860415731e-02
3.8859375000000003e+00	-8.2042750283970498e-02
3.8890625000000001e+00	-8.1744219647618771e-02
3.8921875000000004e+00	-8.1444749585229043e-02
3.8953125000000002e+00	-8.1144355777147265e-02
3.8984375000000000e+00	-8.0843053948590052e-02
3.9015625000000003e+00	-8.0540859868032416e-02
3.9046875000000001e+00	-8.0237789345590130e-02
3.9078125000000004e+00	-7.9933858231397370e-02
3.9109375000000002e+00	-7.9629082413979507e-02
3.9140625000000000e+00	-7.9323477818621410e-02
3.9171875000000003e+00	-7.9017060405731782e-02
3.9203125000000001e+00	-7.8709846169203485e-02
3.9234375000000004e+00	-7.8401851134770162e-02
3.9265625000000002e+00	-7.8093091358359706e-02
3.9296875000000000e+00	-7.7783582924444386e-02
3.9328125000000003e+00	-7.7473341944388222e-02
3.9359375000000001e+00	-7.7162384554791907e-02
3.9390625000000004e+00	-7.6850726915835291e-02
3.9421875000000002e+00	-7.6538385209617851e-02
3.9453125000000000e+00	-7.6225375638497475e-02
3.9484375000000003e+00	-7.5911714423427742e-02
3.9515625000000001e+00	-7.5597417802293884e-02
3.9546875000000004e+00	-7.5282502028247836e-02
3.9578125000000002e+00	-7.4966983368042819e-02
3.9609375000000000e+00	-7.4650878100367135e-02
3.9640625000000003e+00	-7.4334202514178091e-02
3.9671875000000001e+00	-7.4016972907036016e-02
3.9703125000000004e+00	-7.3699205583438565e-02
3.9734375000000002e+00	-7.3380916853155856e-02
3.9765625000000000e+00	-7.3062123029566398e-02
3.9796875000000003e+00	-7.2742840427994324e-02
3.9828125000000001e+00	-7.2423085364048068e-02
3.9859375000000004e+00	-7.2102874151960802e-02
3.9890625000000002e+00	-7.1782223102932849e-02
3.9921875000000000e+00	-7.1461148523476514e-02
3.9953125000000003e+00	-7.1139666713763275e-02
3.9984375000000001e+00	-7.0817793965973874e-02
