1.5625000000000001e-03	6.9085303365821207e-02
4.6875000000000007e-03	6.9399394685872445e-02
7.8125000000000000e-03	6.9713106295295063e-02
1.0937500000000001e-02	7.0026422316037021e-02
1.4062500000000000e-02	7.0339326862276286e-02
1.7187500000000001e-02	7.0651804042028657e-02
2.0312500000000001e-02	7.0963837958758214e-02
2.3437500000000000e-02	7.1275412712990538e-02
2.6562500000000003e-02	7.1586512403927827e-02
2.9687500000000002e-02	7.1897121131066180e-02
3.2812500000000001e-02	7.2207222995814405e-02
3.5937500000000004e-02	7.2516802103114356e-02
3.9062500000000000e-02	7.2825842563062335e-02
4.2187500000000003e-02	7.3134328492531500e-02
4.5312500000000006e-02	7.3442244016794736e-02
4.8437500000000001e-02	7.3749573271148061e-02
5.1562500000000004e-02	7.4056300402534067e-02
5.4687500000000000e-02	7.4362409571165133e-02
5.7812500000000003e-02	7.4667884952146282e-02
6.0937500000000006e-02	7.4972710737097423e-02
6.4062500000000008e-02	7.5276871135774442e-02
6.7187499999999997e-02	7.5580350377689315e-02
7.0312500000000000e-02	7.5883132713728429e-02
7.3437500000000003e-02	7.6185202417769590e-02
7.6562500000000006e-02	7.6486543788296599e-02
7.9687500000000008e-02	7.6787141150011867e-02
8.2812500000000011e-02	7.7086978855446256e-02
8.5937500000000000e-02	7.7386041286566370e-02
8.9062500000000003e-02	7.7684312856378585e-02
9.2187500000000006e-02	7.7981778010530065e-02
9.5312500000000008e-02	7.8278421228905729e-02
9.8437500000000011e-02	7.8574227027221749e-02
1.0156250000000000e-01	7.8869179958615102e-02
1.0468750000000000e-01	7.9163264615228171e-02
1.0781250000000001e-01	7.9456465629789391e-02
1.1093750000000001e-01	7.9748767677188748e-02
1.1406250000000001e-01	8.0040155476048092e-02
1.1718750000000000e-01	8.0330613790286262e-02
1.2031250000000000e-01	8.0620127430678451e-02
1.2343750000000001e-01	8.0908681256409820e-02
1.2656249999999999e-01	8.1196260176622972e-02
1.2968750000000001e-01	8.1482849151958900e-02
1.3281250000000000e-01	8.1768433196091533e-02
1.3593750000000002e-01	8.2052997377255327e-02
1.3906250000000001e-01	8.2336526819765804e-02
1.4218749999999999e-01	8.2619006705532544e-02
1.4531250000000001e-01	8.2900422275564850e-02
1.4843750000000000e-01	8.3180758831469429e-02
1.5156250000000002e-01	8.3460001736939987e-02
1.5468750000000001e-01	8.3738136419238760e-02
1.5781250000000002e-01	8.4015148370669035e-02
1.6093750000000001e-01	8.4291023150039238e-02
1.6406250000000000e-01	8.4565746384118096e-02
1.6718750000000002e-01	8.4839303769080179e-02
1.7031250000000001e-01	8.5111681071942308e-02
1.7343750000000002e-01	8.5382864131990061e-02
1.7656250000000001e-01	8.5652838862194561e-02
1.7968750000000000e-01	8.5921591250618906e-02
1.8281250000000002e-01	8.6189107361814260e-02
1.8593750000000001e-01	8.6455373338205577e-02
1.8906250000000002e-01	8.6720375401466251e-02
1.9218750000000001e-01	8.6984099853881988e-02
1.9531250000000000e-01	8.7246533079703190e-02
1.9843750000000002e-01	8.7507661546486107e-02
2.0156250000000001e-01	8.7767471806422276e-02
2.0468750000000002e-01	8.8025950497656130e-02
2.0781250000000001e-01	8.8283084345590471e-02
2.1093750000000000e-01	8.8538860164179750e-02
2.1406250000000002e-01	8.8793264857210938e-02
2.1718750000000001e-01	8.9046285419571575e-02
2.2031250000000002e-01	8.9297908938505297e-02
2.2343750000000001e-01	8.9548122594853841e-02
2.2656250000000000e-01	8.9796913664286299e-02
2.2968750000000002e-01	9.0044269518514644e-02
2.3281250000000001e-01	9.0290177626495854e-02
2.3593750000000002e-01	9.0534625555620085e-02
2.3906250000000001e-01	9.0777600972885134e-02
2.4218750000000000e-01	9.1019091646056371e-02
2.4531250000000002e-01	9.1259085444812857e-02
2.4843750000000001e-01	9.1497570341878554e-02
2.5156250000000002e-01	9.1734534414139188e-02
2.5468750000000001e-01	9.1969965843744131e-02
2.5781250000000000e-01	9.2203852919193474e-02
2.6093749999999999e-01	9.2436184036409699e-02
2.6406250000000003e-01	9.2666947699794305e-02
2.6718750000000002e-01	9.2896132523268976e-02
2.7031250000000001e-01	9.3123727231301176e-02
2.7343750000000000e-01	9.3349720659913718e-02
2.7656249999999999e-01	9.3574101757678815e-02
2.7968750000000003e-01	9.3796859586695994e-02
2.8281250000000002e-01	9.4017983323553669e-02
2.8593750000000001e-01	9.4237462260274796e-02
2.8906250000000000e-01	9.4455285805245592e-02
2.9218749999999999e-01	9.4671443484128134e-02
2.9531250000000003e-01	9.4885924940756178e-02
2.9843750000000002e-01	9.5098719938013720e-02
3.0156250000000001e-01	9.5309818358697465e-02
3.0468750000000000e-01	9.5519210206361491e-02
3.0781250000000004e-01	9.5726885606145076e-02
3.1093750000000003e-01	9.5932834805583220e-02
3.1406250000000002e-01	9.6137048175399781e-02
3.1718750000000001e-01	9.6339516210283180e-02
3.2031250000000000e-01	9.6540229529644278e-02
3.2343750000000004e-01	9.6739178878356952e-02
3.2656250000000003e-01	9.6936355127480514e-02
3.2968750000000002e-01	9.7131749274964457e-02
3.3281250000000001e-01	9.7325352446335264e-02
3.3593750000000000e-01	9.7517155895365012e-02
3.3906250000000004e-01	9.7707151004721965e-02
3.4218750000000003e-01	9.7895329286602939e-02
3.4531250000000002e-01	9.8081682383347399e-02
3.4843750000000001e-01	9.8266202068033048e-02
3.5156250000000000e-01	9.8448880245053202e-02
3.5468750000000004e-01	9.8629708950675521e-02
3.5781250000000003e-01	9.8808680353582354e-02
3.6093750000000002e-01	9.8985786755392033e-02
3.6406250000000001e-01	9.9161020591162247e-02
3.6718750000000000e-01	9.9334374429873862e-02
3.7031250000000004e-01	9.9505840974896495e-02
3.7343750000000003e-01	9.9675413064435198e-02
3.7656250000000002e-01	9.9843083671958058e-02
3.7968750000000001e-01	1.0000884590660511e-01
3.8281250000000000e-01	1.0017269301357822e-01
3.8593750000000004e-01	1.0033461837451187e-01
3.8906250000000003e-01	1.0049461550782537e-01
3.9218750000000002e-01	1.0065267806905540e-01
3.9531250000000001e-01	1.0080879985116994e-01
3.9843750000000000e-01	1.0096297478486314e-01
4.0156250000000004e-01	1.0111519693883074e-01
4.0468750000000003e-01	1.0126546052002675e-01
4.0781250000000002e-01	1.0141375987390079e-01
4.1093750000000001e-01	1.0156008948461651e-01
4.1406250000000000e-01	1.0170444397525052e-01
4.1718750000000004e-01	1.0184681810797273e-01
4.2031250000000003e-01	1.0198720678420692e-01
4.2343750000000002e-01	1.0212560504477271e-01
4.2656250000000001e-01	1.0226200807000813e-01
4.2968750000000000e-01	1.0239641117987332e-01
4.3281250000000004e-01	1.0252880983403481e-01
4.3593750000000003e-01	1.0265919963193111e-01
4.3906250000000002e-01	1.0278757631281887e-01
4.4218750000000001e-01	1.0291393575580036e-01
4.4531250000000000e-01	1.0303827397983172e-01
4.4843750000000004e-01	1.0316058714371235e-01
4.5156250000000003e-01	1.0328087154605539e-01
4.5468750000000002e-01	1.0339912362523927e-01
4.5781250000000001e-01	1.0351533995934029e-01
4.6093750000000000e-01	1.0362951726604662e-01
4.6406250000000004e-01	1.0374165240255340e-01
4.6718750000000003e-01	1.0385174236543916e-01
4.7031250000000002e-01	1.0395978429052354e-01
4.7343750000000001e-01	1.0406577545270637e-01
4.7656250000000000e-01	1.0416971326578835e-01
4.7968750000000004e-01	1.0427159528227321e-01
4.8281250000000003e-01	1.0437141919315131e-01
4.8593750000000002e-01	1.0446918282766494e-01
4.8906250000000001e-01	1.0456488415305548e-01
4.9218750000000000e-01	1.0465852127429216e-01
4.9531250000000004e-01	1.0475009243378287e-01
4.9843750000000003e-01	1.0483959601106670e-01
5.0156250000000002e-01	1.0492703052248863e-01
5.0468750000000007e-01	1.0501239462085651e-01
5.0781250000000000e-01	1.0509568709507980e-01
5.1093750000000004e-01	1.0517690686979103e-01
5.1406249999999998e-01	1.0525605300494949e-01
5.1718750000000002e-01	1.0533312469542726e-01
5.2031250000000007e-01	1.0540812127057803e-01
5.2343750000000000e-01	1.0548104219378845e-01
5.2656250000000004e-01	1.0555188706201254e-01
5.2968749999999998e-01	1.0562065560528855e-01
5.3281250000000002e-01	1.0568734768623911e-01
5.3593750000000007e-01	1.0575196329955454e-01
5.3906250000000000e-01	1.0581450257145920e-01
5.4218750000000004e-01	1.0587496575916143e-01
5.4531249999999998e-01	1.0593335325028665e-01
5.4843750000000002e-01	1.0598966556229422e-01
5.5156250000000007e-01	1.0604390334187817e-01
5.5468750000000000e-01	1.0609606736435150e-01
5.5781250000000004e-01	1.0614615853301450e-01
5.6093749999999998e-01	1.0619417787850748e-01
5.6406250000000002e-01	1.0624012655814725e-01
5.6718750000000007e-01	1.0628400585524843e-01
5.7031250000000000e-01	1.0632581717842898e-01
5.7343750000000004e-01	1.0636556206090055e-01
5.7656249999999998e-01	1.0640324215974367e-01
5.7968750000000002e-01	1.0643885925516769e-01
5.8281250000000007e-01	1.0647241524975608e-01
5.8593750000000000e-01	1.0650391216769667e-01
5.8906250000000004e-01	1.0653335215399774e-01
5.9218749999999998e-01	1.0656073747368926e-01
5.9531250000000002e-01	1.0658607051101011e-01
5.9843750000000007e-01	1.0660935376858101e-01
6.0156250000000000e-01	1.0663058986656371e-01
6.0468750000000004e-01	1.0664978154180620e-01
6.0781250000000009e-01	1.0666693164697434e-01
6.1093750000000002e-01	1.0668204314967024e-01
6.1406250000000007e-01	1.0669511913153688e-01
6.1718750000000000e-01	1.0670616278735034e-01
6.2031250000000004e-01	1.0671517742409831e-01
6.2343750000000009e-01	1.0672216646004645e-01
6.2656250000000002e-01	1.0672713342379199e-01
6.2968750000000007e-01	1.0673008195330468e-01
6.3281250000000000e-01	1.0673101579495599e-01
6.3593750000000004e-01	1.0672993880253592e-01
6.3906250000000009e-01	1.0672685493625809e-01
6.4218750000000002e-01	1.0672176826175307e-01
6.4531250000000007e-01	1.0671468294905062e-01
6.4843750000000000e-01	1.0670560327155018e-01
6.5156250000000004e-01	1.0669453360498049e-01
6.5468750000000009e-01	1.0668147842634829e-01
6.5781250000000002e-01	1.0666644231287667e-01
6.6093750000000007e-01	1.0664942994093211e-01
6.6406250000000000e-01	1.0663044608494221e-01
6.6718750000000004e-01	1.0660949561630260e-01
6.7031250000000009e-01	1.0658658350227433e-01
6.7343750000000002e-01	1.0656171480487141e-01
6.7656250000000007e-01	1.0653489467973896e-01
6.7968750000000000e-01	1.0650612837502210e-01
6.8281250000000004e-01	1.0647542123022574e-01
6.8593750000000009e-01	1.0644277867506537e-01
6.8906250000000002e-01	1.0640820622830964e-01
6.9218750000000007e-01	1.0637170949661398e-01
6.9531250000000000e-01	1.0633329417334637e-01
6.9843750000000004e-01	1.0629296603740497e-01
7.0156250000000009e-01	1.0625073095202800e-01
7.0468750000000002e-01	1.0620659486359606e-01
7.0781250000000007e-01	1.0616056380042686e-01
7.1093750000000000e-01	1.0611264387156349e-01
7.1406250000000004e-01	1.0606284126555493e-01
7.1718750000000009e-01	1.0601116224923038e-01
7.2031250000000002e-01	1.0595761316646703e-01
7.2343750000000007e-01	1.0590220043695166e-01
7.2656250000000000e-01	1.0584493055493592e-01
7.2968750000000004e-01	1.0578581008798625e-01
7.3281250000000009e-01	1.0572484567572778e-01
7.3593750000000002e-01	1.0566204402858329e-01
7.3906250000000007e-01	1.0559741192650676e-01
7.4218750000000000e-01	1.0553095621771226e-01
7.4531250000000004e-01	1.0546268381739800e-01
7.4843750000000009e-01	1.0539260170646594e-01
7.5156250000000002e-01	1.0532071693023751e-01
7.5468750000000007e-01	1.0524703659716490e-01
7.5781250000000000e-01	1.0517156787753901e-01
7.6093750000000004e-01	1.0509431800219363e-01
7.6406250000000009e-01	1.0501529426120658e-01
7.6718750000000002e-01	1.0493450400259749e-01
7.7031250000000007e-01	1.0485195463102320e-01
7.7343750000000000e-01	1.0476765360647017e-01
7.7656250000000004e-01	1.0468160844294480e-01
7.7968750000000009e-01	1.0459382670716161e-01
7.8281250000000002e-01	1.0450431601722948e-01
7.8593750000000007e-01	1.0441308404133630e-01
7.8906250000000000e-01	1.0432013849643225e-01
7.9218750000000004e-01	1.0422548714691182e-01
7.9531250000000009e-01	1.0412913780329505e-01
7.9843750000000002e-01	1.0403109832090783e-01
8.0156250000000007e-01	1.0393137659856205e-01
8.0468750000000000e-01	1.0382998057723526e-01
8.0781250000000004e-01	1.0372691823875059e-01
8.1093750000000009e-01	1.0362219760445653e-01
8.1406250000000002e-01	1.0351582673390765e-01
8.1718750000000007e-01	1.0340781372354581e-01
8.2031250000000000e-01	1.0329816670538211e-01
8.2343750000000004e-01	1.0318689384568050e-01
8.2656250000000009e-01	1.0307400334364246e-01
8.2968750000000002e-01	1.0295950343009339e-01
8.3281250000000007e-01	1.0284340236617098e-01
8.3593750000000000e-01	1.0272570844201555e-01
8.3906250000000004e-01	1.0260642997546292e-01
8.4218750000000009e-01	1.0248557531073971e-01
8.4531250000000002e-01	1.0236315281716166e-01
8.4843750000000007e-01	1.0223917088783466e-01
8.5156250000000000e-01	1.0211363793835941e-01
8.5468750000000004e-01	1.0198656240553933e-01
8.5781250000000009e-01	1.0185795274609238e-01
8.6093750000000002e-01	1.0172781743536682e-01
8.6406250000000007e-01	1.0159616496606098e-01
8.6718750000000000e-01	1.0146300384694770e-01
8.7031250000000004e-01	1.0132834260160328e-01
8.7343750000000009e-01	1.0119218976714137e-01
8.7656250000000002e-01	1.0105455389295177e-01
8.7968750000000007e-01	1.0091544353944491e-01
8.8281250000000000e-01	1.0077486727680156e-01
8.8593750000000004e-01	1.0063283368372825e-01
8.8906250000000009e-01	1.0048935134621910e-01
8.9218750000000002e-01	1.0034442885632344e-01
8.9531250000000007e-01	1.0019807481091995e-01
8.9843750000000000e-01	1.0005029781049757e-01
9.0156250000000004e-01	9.9901106457943145e-02
9.0468750000000009e-01	9.9750509357336148e-02
9.0781250000000002e-01	9.9598515112750752e-02
9.1093750000000007e-01	9.9445132327065255e-02
9.1406250000000000e-01	9.9290369600779416e-02
9.1718750000000004e-01	9.9134235530839568e-02
9.2031250000000009e-01	9.8976738709471782e-02
9.2343750000000002e-01	9.8817887723023551e-02
9.2656250000000007e-01	9.8657691150813909e-02
9.2968750000000000e-01	9.8496157563992146e-02
9.3281250000000004e-01	9.8333295524405770e-02
9.3593750000000009e-01	9.8169113583477297e-02
9.3906250000000002e-01	9.8003620281090456e-02
9.4218750000000007e-01	9.7836824144486162e-02
9.4531250000000000e-01	9.7668733687167789e-02
9.4843750000000004e-01	9.7499357407816706e-02
9.5156250000000009e-01	9.7328703789217694e-02
9.5468750000000002e-01	9.7156781297194877e-02
9.5781250000000007e-01	9.6983598379557834e-02
9.6093750000000000e-01	9.6809163465058676e-02
9.6406250000000004e-01	9.6633484962359850e-02
9.6718750000000009e-01	9.6456571259012816e-02
9.7031250000000002e-01	9.6278430720448144e-02
9.7343750000000007e-01	9.6099071688976967e-02
9.7656250000000000e-01	9.5918502482803772e-02
9.7968750000000004e-01	9.5736731395051330e-02
9.8281250000000009e-01	9.5553766692796999e-02
9.8593750000000002e-01	9.5369616616121478e-02
9.8906250000000007e-01	9.5184289377169731e-02
9.9218750000000000e-01	9.4997793159224117e-02
9.9531250000000004e-01	9.4810136115790228e-02
9.9843750000000009e-01	9.4621326369695419e-02
1.0015625000000001e+00	9.4431372012200088e-02
1.0046875000000000e+00	9.4240176245042107e-02
1.0078125000000000e+00	9.4047849449535439e-02
1.0109375000000000e+00	9.3854399561431073e-02
1.0140625000000001e+00	9.3659834480356946e-02
1.0171875000000001e+00	9.3464162068975037e-02
1.0203125000000000e+00	9.3267390152152130e-02
1.0234375000000000e+00	9.3069526516144030e-02
1.0265625000000000e+00	9.2870578907793586e-02
1.0296875000000001e+00	9.2670555033742275e-02
1.0328125000000001e+00	9.2469462559656018e-02
1.0359375000000000e+00	9.2267309109464749e-02
1.0390625000000000e+00	9.2064102264616449e-02
1.0421875000000000e+00	9.1859849563345169e-02
1.0453125000000001e+00	9.1654558499953714e-02
1.0484375000000001e+00	9.1448236524110632e-02
1.0515625000000000e+00	9.1240891040162017e-02
1.0546875000000000e+00	9.1032529406457743e-02
1.0578125000000000e+00	9.0823158934692810e-02
1.0609375000000001e+00	9.0612786889263469e-02
1.0640625000000001e+00	9.0401420486638309e-02
1.0671875000000000e+00	9.0189066894744513e-02
1.0703125000000000e+00	8.9975733232369348e-02
1.0734375000000000e+00	8.9761426568576649e-02
1.0765625000000001e+00	8.9546153922139146e-02
1.0796875000000001e+00	8.9329922260985753e-02
1.0828125000000000e+00	8.9112738501664610e-02
1.0859375000000000e+00	8.8894609508821471e-02
1.0890625000000000e+00	8.8675542094694124e-02
1.0921875000000001e+00	8.8455543018622060e-02
1.0953125000000001e+00	8.8234618986572241e-02
1.0984375000000000e+00	8.8012776650680538e-02
1.1015625000000000e+00	8.7790022608809110e-02
1.1046875000000000e+00	8.7566363404119538e-02
1.1078125000000001e+00	8.7341805524662308e-02
1.1109375000000001e+00	8.7116355402981807e-02
1.1140625000000000e+00	8.6890019415737776e-02
1.1171875000000000e+00	8.6662803883342743e-02
1.1203125000000000e+00	8.6434715069615392e-02
1.1234375000000001e+00	8.6205759181450459e-02
1.1265625000000001e+00	8.5975942368504393e-02
1.1296875000000000e+00	8.5745270722897532e-02
1.1328125000000000e+00	8.5513750278932293e-02
1.1359375000000000e+00	8.5281387012827767e-02
1.1390625000000001e+00	8.5048186842470383e-02
1.1421875000000001e+00	8.4814155627180976e-02
1.1453125000000000e+00	8.4579299167498026e-02
1.1484375000000000e+00	8.4343623204977083e-02
1.1515625000000000e+00	8.4107133422006680e-02
1.1546875000000001e+00	8.3869835441640214e-02
1.1578125000000001e+00	8.3631734827444265e-02
1.1609375000000000e+00	8.3392837083362842e-02
1.1640625000000000e+00	8.3153147653598408e-02
1.1671875000000000e+00	8.2912671922508313e-02
1.1703125000000001e+00	8.2671415214517957e-02
1.1734375000000001e+00	8.2429382794049891e-02
1.1765625000000000e+00	8.2186579865468928e-02
1.1796875000000000e+00	8.1943011573043359e-02
1.1828125000000000e+00	8.1698683000922270e-02
1.1859375000000001e+00	8.1453599173128693e-02
1.1890625000000001e+00	8.1207765053568720e-02
1.1921875000000000e+00	8.0961185546056399e-02
1.1953125000000000e+00	8.0713865494354692e-02
1.1984375000000000e+00	8.0465809682231854e-02
1.2015625000000001e+00	8.0217022833533644e-02
1.2046875000000001e+00	7.9967509612271268e-02
1.2078125000000002e+00	7.9717274622724626e-02
1.2109375000000000e+00	7.9466322409561307e-02
1.2140625000000000e+00	7.9214657457970669e-02
1.2171875000000001e+00	7.8962284193813514e-02
1.2203125000000001e+00	7.8709206983786820e-02
1.2234375000000002e+00	7.8455430135603646e-02
1.2265625000000000e+00	7.8200957898188150e-02
1.2296875000000000e+00	7.7945794461885598e-02
1.2328125000000001e+00	7.7689943958686877e-02
1.2359375000000001e+00	7.7433410462468114e-02
1.2390625000000002e+00	7.7176197989245285e-02
1.2421875000000000e+00	7.6918310497442022e-02
1.2453125000000000e+00	7.6659751888173436e-02
1.2484375000000001e+00	7.6400526005543298e-02
1.2515625000000001e+00	7.6140636636955639e-02
1.2546875000000002e+00	7.5880087513440359e-02
1.2578125000000000e+00	7.5618882309992821e-02
1.2609375000000000e+00	7.5357024645927195e-02
1.2640625000000001e+00	7.5094518085243589e-02
1.2671875000000001e+00	7.4831366137008554e-02
1.2703125000000002e+00	7.4567572255748907e-02
1.2734375000000000e+00	7.4303139841859045e-02
1.2765625000000000e+00	7.4038072242021330e-02
1.2796875000000001e+00	7.3772372749639006e-02
1.2828125000000001e+00	7.3506044605282400e-02
1.2859375000000002e+00	7.3239090997147566e-02
1.2890625000000000e+00	7.2971515061527423e-02
1.2921875000000000e+00	7.2703319883294981e-02
1.2953125000000001e+00	7.2434508496399111e-02
1.2984375000000001e+00	7.2165083884372011e-02
1.3015625000000002e+00	7.1895048980848489e-02
1.3046875000000000e+00	7.1624406670097007e-02
1.3078125000000000e+00	7.1353159787562126e-02
1.3109375000000001e+00	7.1081311120418017e-02
1.3140625000000001e+00	7.0808863408133416e-02
1.3171875000000002e+00	7.0535819343047160e-02
1.3203125000000000e+00	7.0262181570954693e-02
1.3234375000000000e+00	6.9987952691704811e-02
1.3265625000000001e+00	6.9713135259806963e-02
1.3296875000000001e+00	6.9437731785048570e-02
1.3328125000000002e+00	6.9161744733122366e-02
1.3359375000000000e+00	6.8885176526263261e-02
1.3390625000000000e+00	6.8608029543894972e-02
1.3421875000000001e+00	6.8330306123285833e-02
1.3453125000000001e+00	6.8052008560213706e-02
1.3484375000000002e+00	6.7773139109639807e-02
1.3515625000000000e+00	6.7493699986391306e-02
1.3546875000000000e+00	6.7213693365852228e-02
1.3578125000000001e+00	6.6933121384662703e-02
1.3609375000000001e+00	6.6651986141426256e-02
1.3640625000000002e+00	6.6370289697424797e-02
1.3671875000000000e+00	6.6088034077341429e-02
1.3703125000000000e+00	6.5805221269990249e-02
1.3734375000000001e+00	6.5521853229053698e-02
1.3765625000000001e+00	6.5237931873826385e-02
1.3796875000000002e+00	6.4953459089966026e-02
1.3828125000000000e+00	6.4668436730250384e-02
1.3859375000000000e+00	6.4382866615340720e-02
1.3890625000000001e+00	6.4096750534551189e-02
1.3921875000000001e+00	6.3810090246623777e-02
1.3953125000000002e+00	6.3522887480508800e-02
1.3984375000000000e+00	6.3235143936150900e-02
1.4015625000000000e+00	6.2946861285279640e-02
1.4046875000000001e+00	6.2658041172205248e-02
1.4078125000000001e+00	6.2368685214618635e-02
1.4109375000000002e+00	6.2078795004395761e-02
1.4140625000000000e+00	6.1788372108406132e-02
1.4171875000000000e+00	6.1497418069324968e-02
1.4203125000000001e+00	6.1205934406448982e-02
1.4234375000000001e+00	6.0913922616515404e-02
1.4265625000000002e+00	6.0621384174524069e-02
1.4296875000000000e+00	6.0328320534562323e-02
1.4328125000000000e+00	6.0034733130632498e-02
1.4359375000000001e+00	5.9740623377481560e-02
1.4390625000000001e+00	5.9445992671432961e-02
1.4421875000000002e+00	5.9150842391220121e-02
1.4453125000000000e+00	5.8855173898821660e-02
1.4484375000000000e+00	5.8558988540297632e-02
1.4515625000000001e+00	5.8262287646627109e-02
1.4546875000000001e+00	5.7965072534546316e-02
1.4578125000000002e+00	5.7667344507387398e-02
1.4609375000000000e+00	5.7369104855917390e-02
1.4640625000000000e+00	5.7070354859177365e-02
1.4671875000000001e+00	5.6771095785321211e-02
1.4703125000000001e+00	5.6471328892453945e-02
1.4734375000000002e+00	5.6171055429469388e-02
1.4765625000000000e+00	5.5870276636886776e-02
1.4796875000000000e+00	5.5568993747686181e-02
1.4828125000000001e+00	5.5267207988142414e-02
1.4859375000000001e+00	5.4964920578657241e-02
1.4890625000000002e+00	5.4662132734589600e-02
1.4921875000000000e+00	5.4358845667083586e-02
1.4953125000000000e+00	5.4055060583893956e-02
1.4984375000000001e+00	5.3750778690208903e-02
1.5015625000000001e+00	5.3446001189469926e-02
1.5046875000000002e+00	5.3140729284188420e-02
1.5078125000000000e+00	5.2834964176758821e-02
1.5109375000000000e+00	5.2528707070268112e-02
1.5140625000000001e+00	5.2221959169301307e-02
1.5171875000000001e+00	5.1914721680742786e-02
1.5203125000000002e+00	5.1606995814573280e-02
1.5234375000000000e+00	5.1298782784662142e-02
1.5265625000000000e+00	5.0990083809554686e-02
1.5296875000000001e+00	5.0680900113254539e-02
1.5328125000000001e+00	5.0371232926000528e-02
1.5359375000000002e+00	5.0061083485038002e-02
1.5390625000000000e+00	4.9750453035384404e-02
1.5421875000000000e+00	4.9439342830588755e-02
1.5453125000000001e+00	4.9127754133484830e-02
1.5484375000000001e+00	4.8815688216938019e-02
1.5515625000000002e+00	4.8503146364585269e-02
1.5546875000000000e+00	4.8190129871568267e-02
1.5578125000000000e+00	4.7876640045259426e-02
1.5609375000000001e+00	4.7562678205980508e-02
1.5640625000000001e+00	4.7248245687713707e-02
1.5671875000000002e+00	4.6933343838804903e-02
1.5703125000000000e+00	4.6617974022659124e-02
1.5734375000000000e+00	4.6302137618427539e-02
1.5765625000000001e+00	4.5985836021686308e-02
1.5796875000000001e+00	4.5669070645106752e-02
1.5828125000000002e+00	4.5351842919116744e-02
1.5859375000000000e+00	4.5034154292553162e-02
1.5890625000000000e+00	4.4716006233305142e-02
1.5921875000000001e+00	4.4397400228948065e-02
1.5953125000000001e+00	4.4078337787367881e-02
1.5984375000000002e+00	4.3758820437375875e-02
1.6015625000000000e+00	4.3438849729313403e-02
1.6046875000000000e+00	4.3118427235646642e-02
1.6078125000000001e+00	4.2797554551551112e-02
1.6109375000000001e+00	4.2476233295485735e-02
1.6140625000000002e+00	4.2154465109756394e-02
1.6171875000000000e+00	4.1832251661068645e-02
1.6203125000000000e+00	4.1509594641069701e-02
1.6234375000000001e+00	4.1186495766879196e-02
1.6265625000000001e+00	4.0862956781608929e-02
1.6296875000000002e+00	4.0538979454871109e-02
1.6328125000000000e+00	4.0214565583275130e-02
1.6359375000000000e+00	3.9889716990912899e-02
1.6390625000000001e+00	3.9564435529832090e-02
1.6421875000000001e+00	3.9238723080497771e-02
1.6453125000000002e+00	3.8912581552241830e-02
1.6484375000000000e+00	3.8586012883700310e-02
1.6515625000000000e+00	3.8259019043238515e-02
1.6546875000000001e+00	3.7931602029363590e-02
1.6578125000000001e+00	3.7603763871124685e-02
1.6609375000000002e+00	3.7275506628500508e-02
1.6640625000000000e+00	3.6946832392774007e-02
1.6671875000000000e+00	3.6617743286894558e-02
1.6703125000000001e+00	3.6288241465826786e-02
1.6734375000000001e+00	3.5958329116886713e-02
1.6765625000000002e+00	3.5628008460064482e-02
1.6796875000000000e+00	3.5297281748334408e-02
1.6828125000000000e+00	3.4966151267951051e-02
1.6859375000000001e+00	3.4634619338732506e-02
1.6890625000000001e+00	3.4302688314329942e-02
1.6921875000000002e+00	3.3970360582483865e-02
1.6953125000000000e+00	3.3637638565266588e-02
1.6984375000000000e+00	3.3304524719311328e-02
1.7015625000000001e+00	3.2971021536027392e-02
1.7046875000000001e+00	3.2637131541801784e-02
1.7078125000000002e+00	3.2302857298186986e-02
1.7109375000000000e+00	3.1968201402074944e-02
1.7140625000000000e+00	3.1633166485857185e-02
1.7171875000000001e+00	3.1297755217570972e-02
1.7203125000000001e+00	3.0961970301031684e-02
1.7234375000000002e+00	3.0625814475951113e-02
1.7265625000000000e+00	3.0289290518041929e-02
1.7296875000000000e+00	2.9952401239108001e-02
1.7328125000000001e+00	2.9615149487120858e-02
1.7359375000000001e+00	2.9277538146282044e-02
1.7390625000000002e+00	2.8939570137071643e-02
1.7421875000000000e+00	2.8601248416282542e-02
1.7453125000000000e+00	2.8262575977040908e-02
1.7484375000000001e+00	2.7923555848812606e-02
1.7515625000000001e+00	2.7584191097395589e-02
1.7546875000000002e+00	2.7244484824898513e-02
1.7578125000000000e+00	2.6904440169705141e-02
1.7609375000000000e+00	2.6564060306425146e-02
1.7640625000000001e+00	2.6223348445830803e-02
1.7671875000000001e+00	2.5882307834780020e-02
1.7703125000000002e+00	2.5540941756125479e-02
1.7734375000000000e+00	2.5199253528610101e-02
1.7765625000000000e+00	2.4857246506748761e-02
1.7796875000000001e+00	2.4514924080696346e-02
1.7828125000000001e+00	2.4172289676102313e-02
1.7859375000000002e+00	2.3829346753951718e-02
1.7890625000000000e+00	2.3486098810392701e-02
1.7921875000000000e+00	2.3142549376550706e-02
1.7953125000000001e+00	2.2798702018329321e-02
1.7984375000000001e+00	2.2454560336197936e-02
1.8015625000000002e+00	2.2110127964966256e-02
1.8046875000000000e+00	2.1765408573545759e-02
1.8078125000000000e+00	2.1420405864698216e-02
1.8109375000000001e+00	2.1075123574771273e-02
1.8140625000000001e+00	2.0729565473421419e-02
1.8171875000000002e+00	2.0383735363324190e-02
1.8203125000000000e+00	2.0037637079871797e-02
1.8234375000000000e+00	1.9691274490858463e-02
1.8265625000000001e+00	1.9344651496153373e-02
1.8296875000000001e+00	1.8997772027361307e-02
1.8328125000000002e+00	1.8650640047471471e-02
1.8359375000000000e+00	1.8303259550494073e-02
1.8390625000000000e+00	1.7955634561085402e-02
1.8421875000000001e+00	1.7607769134160935e-02
1.8453125000000001e+00	1.7259667354497167e-02
1.8484375000000002e+00	1.6911333336321957e-02
1.8515625000000000e+00	1.6562771222893499e-02
1.8546875000000000e+00	1.6213985186068397e-02
1.8578125000000001e+00	1.5864979425858718e-02
1.8609375000000001e+00	1.5515758169978255e-02
1.8640625000000002e+00	1.5166325673378172e-02
1.8671875000000000e+00	1.4816686217772235e-02
1.8703125000000000e+00	1.4466844111151645e-02
1.8734375000000001e+00	1.4116803687289963e-02
1.8765625000000001e+00	1.3766569305237782e-02
1.8796875000000002e+00	1.3416145348807956e-02
1.8828125000000000e+00	1.3065536226050998e-02
1.8859375000000000e+00	1.2714746368721200e-02
1.8890625000000001e+00	1.2363780231733479e-02
1.8921875000000001e+00	1.2012642292611243e-02
1.8953125000000002e+00	1.1661337050925353e-02
1.8984375000000000e+00	1.1309869027724503e-02
1.9015625000000000e+00	1.0958242764957094e-02
1.9046875000000001e+00	1.0606462824884918e-02
1.9078125000000001e+00	1.0254533789488736e-02
1.9109375000000002e+00	9.9024602598660905e-03
1.9140625000000000e+00	9.5502468556214106e-03
1.9171875000000000e+00	9.1978982142487068e-03
1.9203125000000001e+00	8.8454189905071354e-03
1.9234375000000001e+00	8.4928138557894117e-03
1.9265625000000002e+00	8.1400874974835863e-03
1.9296875000000000e+00	7.7872446183281851e-03
1.9328125000000000e+00	7.4342899357609845e-03
1.9359375000000001e+00	7.0812281812617272e-03
1.9390625000000001e+00	6.7280640996888984e-03
1.9421875000000002e+00	6.3748024486108132e-03
1.9453125000000000e+00	6.0214479976313058e-03
1.9484375000000000e+00	5.6680055277101718e-03
1.9515625000000001e+00	5.3144798304786169e-03
1.9546875000000001e+00	4.9608757075499631e-03
1.9578125000000002e+00	4.6071979698258303e-03
1.9609375000000000e+00	4.2534514367980189e-03
1.9640625000000000e+00	3.8996409358463976e-03
1.9671875000000001e+00	3.5457713015328574e-03
1.9703125000000001e+00	3.1918473748918054e-03
1.9734375000000002e+00	2.8378740027172875e-03
1.9765625000000000e+00	2.4838560368469721e-03
1.9796875000000000e+00	2.1297983334433372e-03
1.9828125000000001e+00	1.7757057522721758e-03
1.9859375000000001e+00	1.4215831559787962e-03
1.9890625000000002e+00	1.0674354093620361e-03
1.9921875000000000e+00	7.1326737864642299e-04
1.9953125000000000e+00	3.5908393075265329e-04
1.9984375000000001e+00	4.8899325667558763e-06
2.0015624999999999e+00	-3.4930974979203105e-04
2.0046875000000002e+00	-7.0350161774620774e-04
2.0078125000000000e+00	-1.0576809682275971e-03
2.0109375000000003e+00	-1.4118429341484493e-03
2.0140625000000001e+00	-1.7659826483279791e-03
2.0171874999999999e+00	-2.1200952442232959e-03
2.0203125000000002e+00	-2.4741758566589980e-03
2.0234375000000000e+00	-2.8282196225550404e-03
2.0265625000000003e+00	-3.1822216816528590e-03
2.0296875000000001e+00	-3.5361771772392876e-03
2.0328124999999999e+00	-3.8900812568681917e-03
2.0359375000000002e+00	-4.2439290730794735e-03
2.0390625000000000e+00	-4.5977157841152350e-03
2.0421875000000003e+00	-4.9514365546328865e-03
2.0453125000000001e+00	-5.3050865564149242e-03
2.0484374999999999e+00	-5.6586609690751719e-03
2.0515625000000002e+00	-6.0121549807612314e-03
2.0546875000000000e+00	-6.3655637888528531e-03
2.0578125000000003e+00	-6.7188826006560759e-03
2.0609375000000001e+00	-7.0721066340929265e-03
2.0640624999999999e+00	-7.4252311183862470e-03
2.0671875000000002e+00	-7.7782512947396900e-03
2.0703125000000000e+00	-8.1311624170124479e-03
2.0734375000000003e+00	-8.4839597523885656e-03
2.0765625000000001e+00	-8.8366385820405919e-03
2.0796874999999999e+00	-9.1891942017874265e-03
2.0828125000000002e+00	-9.5416219227459163e-03
2.0859375000000000e+00	-9.8939170719763020e-03
2.0890625000000003e+00	-1.0246074993120996e-02
2.0921875000000001e+00	-1.0598091047036644e-02
2.0953124999999999e+00	-1.0949960612419190e-02
2.0984375000000002e+00	-1.1301679086421771e-02
2.1015625000000000e+00	-1.1653241885265200e-02
2.1046875000000003e+00	-1.2004644444840822e-02
2.1078125000000001e+00	-1.2355882221305571e-02
2.1109374999999999e+00	-1.2706950691668979e-02
2.1140625000000002e+00	-1.3057845354371959e-02
2.1171875000000000e+00	-1.3408561729857176e-02
2.1203125000000003e+00	-1.3759095361130787e-02
2.1234375000000001e+00	-1.4109441814315359e-02
2.1265624999999999e+00	-1.4459596679193741e-02
2.1296875000000002e+00	-1.4809555569743837e-02
2.1328125000000000e+00	-1.5159314124663856e-02
2.1359375000000003e+00	-1.5508868007888104e-02
2.1390625000000001e+00	-1.5858212909092950e-02
2.1421874999999999e+00	-1.6207344544192957e-02
2.1453125000000002e+00	-1.6556258655826769e-02
2.1484375000000000e+00	-1.6904951013832881e-02
2.1515625000000003e+00	-1.7253417415714886e-02
2.1546875000000001e+00	-1.7601653687096118e-02
2.1578124999999999e+00	-1.7949655682163546e-02
2.1609375000000002e+00	-1.8297419284100763e-02
2.1640625000000000e+00	-1.8644940405509857e-02
2.1671875000000003e+00	-1.8992214988822101e-02
2.1703125000000001e+00	-1.9339239006697248e-02
2.1734374999999999e+00	-1.9686008462411291e-02
2.1765625000000002e+00	-2.0032519390232595e-02
2.1796875000000000e+00	-2.0378767855786226e-02
2.1828125000000003e+00	-2.0724749956406344e-02
2.1859375000000001e+00	-2.1070461821476569e-02
2.1890624999999999e+00	-2.1415899612758121e-02
2.1921875000000002e+00	-2.1761059524705702e-02
2.1953125000000000e+00	-2.2105937784770924e-02
2.1984375000000003e+00	-2.2450530653693283e-02
2.2015625000000001e+00	-2.2794834425778385e-02
2.2046874999999999e+00	-2.3138845429163470e-02
2.2078125000000002e+00	-2.3482560026070156e-02
2.2109375000000000e+00	-2.3825974613044136e-02
2.2140625000000003e+00	-2.4169085621181894e-02
2.2171875000000001e+00	-2.4511889516344285e-02
2.2203124999999999e+00	-2.4854382799356936e-02
2.2234375000000002e+00	-2.5196562006197295e-02
2.2265625000000000e+00	-2.5538423708168338e-02
2.2296875000000003e+00	-2.5879964512058876e-02
2.2328125000000001e+00	-2.6221181060290304e-02
2.2359374999999999e+00	-2.6562070031049829e-02
2.2390625000000002e+00	-2.6902628138410000e-02
2.2421875000000000e+00	-2.7242852132434631e-02
2.2453125000000003e+00	-2.7582738799270912e-02
2.2484375000000001e+00	-2.7922284961227836e-02
2.2515624999999999e+00	-2.8261487476840721e-02
2.2546875000000002e+00	-2.8600343240921883e-02
2.2578125000000000e+00	-2.8938849184597479e-02
2.2609375000000003e+00	-2.9277002275330335e-02
2.2640625000000001e+00	-2.9614799516928938e-02
2.2671874999999999e+00	-2.9952237949542364e-02
2.2703125000000002e+00	-3.0289314649641286e-02
2.2734375000000000e+00	-3.0626026729984965e-02
2.2765625000000003e+00	-3.0962371339574232e-02
2.2796875000000001e+00	-3.1298345663590563e-02
2.2828124999999999e+00	-3.1633946923320999e-02
2.2859375000000002e+00	-3.1969172376069215e-02
2.2890625000000000e+00	-3.2304019315052598e-02
2.2921875000000003e+00	-3.2638485069285239e-02
2.2953125000000001e+00	-3.2972567003447154e-02
2.2984374999999999e+00	-3.3306262517739445e-02
2.3015625000000002e+00	-3.3639569047725713e-02
2.3046875000000000e+00	-3.3972484064159460e-02
2.3078125000000003e+00	-3.4305005072797795e-02
2.3109375000000001e+00	-3.4637129614201352e-02
2.3140624999999999e+00	-3.4968855263520428e-02
2.3171875000000002e+00	-3.5300179630267478e-02
2.3203125000000000e+00	-3.5631100358076019e-02
2.3234375000000003e+00	-3.5961615124445893e-02
2.3265625000000001e+00	-3.6291721640475158e-02
2.3296874999999999e+00	-3.6621417650578400e-02
2.3328125000000002e+00	-3.6950700932191848e-02
2.3359375000000000e+00	-3.7279569295465068e-02
2.3390625000000003e+00	-3.7608020582939571e-02
2.3421875000000001e+00	-3.7936052669214251e-02
2.3453124999999999e+00	-3.8263663460597834e-02
2.3484375000000002e+00	-3.8590850894748320e-02
2.3515625000000000e+00	-3.8917612940299745e-02
2.3546875000000003e+00	-3.9243947596476009e-02
2.3578125000000001e+00	-3.9569852892692312e-02
2.3609374999999999e+00	-3.9895326888143887e-02
2.3640625000000002e+00	-4.0220367671382498e-02
2.3671875000000000e+00	-4.0544973359880394e-02
2.3703125000000003e+00	-4.0869142099582437e-02
2.3734375000000001e+00	-4.1192872064445940e-02
2.3765624999999999e+00	-4.1516161455968738e-02
2.3796875000000002e+00	-4.1839008502705423e-02
2.3828125000000000e+00	-4.2161411459771939e-02
2.3859375000000003e+00	-4.2483368608338713e-02
2.3890625000000001e+00	-4.2804878255112463e-02
2.3921874999999999e+00	-4.3125938731806680e-02
2.3953125000000002e+00	-4.3446548394601214e-02
2.3984375000000000e+00	-4.3766705623590856e-02
2.4015625000000003e+00	-4.4086408822223186e-02
2.4046875000000001e+00	-4.4405656416725912e-02
2.4078125000000004e+00	-4.4724446855523708e-02
2.4109375000000002e+00	-4.5042778608644869e-02
2.4140625000000000e+00	-4.5360650167117905e-02
2.4171875000000003e+00	-4.5678060042358130e-02
2.4203125000000001e+00	-4.5995006765544647e-02
2.4234375000000004e+00	-4.6311488886987752e-02
2.4265625000000002e+00	-4.6627504975486948e-02
2.4296875000000000e+00	-4.6943053617679864e-02
2.4328125000000003e+00	-4.7258133417382053e-02
2.4359375000000001e+00	-4.7572742994918246e-02
2.4390625000000004e+00	-4.7886880986444696e-02
2.4421875000000002e+00	-4.8200546043263438e-02
2.4453125000000000e+00	-4.8513736831128133e-02
2.4484375000000003e+00	-4.8826452029541993e-02
2.4515625000000001e+00	-4.9138690331048000e-02
2.4546875000000004e+00	-4.9450450440511454e-02
2.4578125000000002e+00	-4.9761731074395146e-02
2.4609375000000000e+00	-5.0072530960027464e-02
2.4640625000000003e+00	-5.0382848834863506e-02
2.4671875000000001e+00	-5.0692683445739475e-02
2.4703125000000004e+00	-5.1002033548120600e-02
2.4734375000000002e+00	-5.1310897905342781e-02
2.4765625000000000e+00	-5.1619275287848147e-02
2.4796875000000003e+00	-5.1927164472414800e-02
2.4828125000000001e+00	-5.2234564241381030e-02
2.4859375000000004e+00	-5.2541473381864053e-02
2.4890625000000002e+00	-5.2847890684973670e-02
2.4921875000000000e+00	-5.3153814945021041e-02
2.4953125000000003e+00	-5.3459244958722743e-02
2.4984375000000001e+00	-5.3764179524400421e-02
2.5015625000000004e+00	-5.4068617441176262e-02
2.5046875000000002e+00	-5.4372557508164457e-02
2.5078125000000000e+00	-5.4675998523659043e-02
2.5109375000000003e+00	-5.4978939284318108e-02
2.5140625000000001e+00	-5.5281378584345016e-02
2.5171875000000004e+00	-5.5583315214666362e-02
2.5203125000000002e+00	-5.5884747962107406e-02
2.5234375000000000e+00	-5.6185675608564918e-02
2.5265625000000003e+00	-5.6486096930177761e-02
2.5296875000000001e+00	-5.6786010696495560e-02
2.5328125000000004e+00	-5.7085415669645513e-02
2.5359375000000002e+00	-5.7384310603497711e-02
2.5390625000000000e+00	-5.7682694242829395e-02
2.5421875000000003e+00	-5.7980565322487847e-02
2.5453125000000001e+00	-5.8277922566552960e-02
2.5484375000000004e+00	-5.8574764687498920e-02
2.5515625000000002e+00	-5.8871090385355887e-02
2.5546875000000000e+00	-5.9166898346871666e-02
2.5578125000000003e+00	-5.9462187244673441e-02
2.5609375000000001e+00	-5.9756955736430264e-02
2.5640625000000004e+00	-6.0051202464016143e-02
2.5671875000000002e+00	-6.0344926052674192e-02
2.5703125000000000e+00	-6.0638125110182073e-02
2.5734375000000003e+00	-6.0930798226018913e-02
2.5765625000000001e+00	-6.1222943970533995e-02
2.5796875000000004e+00	-6.1514560894117512e-02
2.5828125000000002e+00	-6.1805647526373519e-02
2.5859375000000000e+00	-6.2096202375295492e-02
2.5890625000000003e+00	-6.2386223926444571e-02
2.5921875000000001e+00	-6.2675710642130927e-02
2.5953125000000004e+00	-6.2964660960598259e-02
2.5984375000000002e+00	-6.3253073295211959e-02
2.6015625000000000e+00	-6.3540946033650958e-02
2.6046875000000003e+00	-6.3828277537103573e-02
2.6078125000000001e+00	-6.4115066139467630e-02
2.6109375000000004e+00	-6.4401310146555146e-02
2.6140625000000002e+00	-6.4687007835301680e-02
2.6171875000000000e+00	-6.4972157452980628e-02
2.6203125000000003e+00	-6.5256757216422934e-02
2.6234375000000001e+00	-6.5540805311242040e-02
2.6265625000000004e+00	-6.5824299891064711e-02
2.6296875000000002e+00	-6.6107239076767646e-02
2.6328125000000000e+00	-6.6389620955720527e-02
2.6359375000000003e+00	-6.6671443581035147e-02
2.6390625000000001e+00	-6.6952704970821411e-02
2.6421875000000004e+00	-6.7233403107450199e-02
2.6453125000000002e+00	-6.7513535936823174e-02
2.6484375000000000e+00	-6.7793101367650127e-02
2.6515625000000003e+00	-6.8072097270733753e-02
2.6546875000000001e+00	-6.8350521478262247e-02
2.6578125000000004e+00	-6.8628371783109848e-02
2.6609375000000002e+00	-6.8905645938145729e-02
2.6640625000000000e+00	-6.9182341655551177e-02
2.6671875000000003e+00	-6.9458456606145552e-02
2.6703125000000001e+00	-6.9733988418721013e-02
2.6734375000000004e+00	-7.0008934679386459e-02
2.6765625000000002e+00	-7.0283292930920560e-02
2.6796875000000000e+00	-7.0557060672134492e-02
2.6828125000000003e+00	-7.0830235357244267e-02
2.6859375000000001e+00	-7.1102814395252900e-02
2.6890625000000004e+00	-7.1374795149342848e-02
2.6921875000000002e+00	-7.1646174936278589e-02
2.6953125000000000e+00	-7.1916951025819797e-02
2.6984375000000003e+00	-7.2187120640145139e-02
2.7015625000000001e+00	-7.2456680953286917e-02
2.7046875000000004e+00	-7.2725629090576921e-02
2.7078125000000002e+00	-7.2993962128103357e-02
2.7109375000000000e+00	-7.3261677092179206e-02
2.7140625000000003e+00	-7.3528770958822404e-02
2.7171875000000001e+00	-7.3795240653247426e-02
2.7203125000000004e+00	-7.4061083049369189e-02
2.7234375000000002e+00	-7.4326294969318848e-02
2.7265625000000000e+00	-7.4590873182971931e-02
2.7296875000000003e+00	-7.4854814407488937e-02
2.7328125000000001e+00	-7.5118115306868530e-02
2.7359375000000004e+00	-7.5380772491513523e-02
2.7390625000000002e+00	-7.5642782517809704e-02
2.7421875000000000e+00	-7.5904141887717838e-02
2.7453125000000003e+00	-7.6164847048378753e-02
2.7484375000000001e+00	-7.6424894391732001e-02
2.7515625000000004e+00	-7.6684280254147696e-02
2.7546875000000002e+00	-7.6943000916072354e-02
2.7578125000000000e+00	-7.7201052601688205e-02
2.7609375000000003e+00	-7.7458431478586581e-02
2.7640625000000001e+00	-7.7715133657455360e-02
2.7671875000000004e+00	-7.7971155191780286e-02
2.7703125000000002e+00	-7.8226492077561022e-02
2.7734375000000000e+00	-7.8481140253041204e-02
2.7765625000000003e+00	-7.8735095598453250e-02
2.7796875000000001e+00	-7.8988353935777633e-02
2.7828125000000004e+00	-7.9240911028516783e-02
2.7859375000000002e+00	-7.9492762581484244e-02
2.7890625000000000e+00	-7.9743904240608426e-02
2.7921875000000003e+00	-7.9994331592751336e-02
2.7953125000000001e+00	-8.0244040165542527e-02
2.7984375000000004e+00	-8.0493025427228387e-02
2.8015625000000002e+00	-8.0741282786536486e-02
2.8046875000000000e+00	-8.0988807592555528e-02
2.8078125000000003e+00	-8.1235595134630453e-02
2.8109375000000001e+00	-8.1481640642273478e-02
2.8140625000000004e+00	-8.1726939285090311e-02
2.8171875000000002e+00	-8.1971486172722291e-02
2.8203125000000000e+00	-8.2215276354804190e-02
2.8234375000000003e+00	-8.2458304820937883e-02
2.8265625000000001e+00	-8.2700566500681624e-02
2.8296875000000004e+00	-8.2942056263555566e-02
2.8328125000000002e+00	-8.3182768919062830e-02
2.8359375000000000e+00	-8.3422699216727000e-02
2.8390625000000003e+00	-8.3661841846145210e-02
2.8421875000000001e+00	-8.3900191437057653e-02
2.8453125000000004e+00	-8.4137742559433015e-02
2.8484375000000002e+00	-8.4374489723570104e-02
2.8515625000000000e+00	-8.4610427380215569e-02
2.8546875000000003e+00	-8.4845549920697830e-02
2.8578125000000001e+00	-8.5079851677077378e-02
2.8609375000000004e+00	-8.5313326922312957e-02
2.8640625000000002e+00	-8.5545969870444313e-02
2.8671875000000000e+00	-8.5777774676790902e-02
2.8703125000000003e+00	-8.6008735438167033e-02
2.8734375000000001e+00	-8.6238846193113186e-02
2.8765625000000004e+00	-8.6468100922143507e-02
2.8796875000000002e+00	-8.6696493548009762e-02
2.8828125000000000e+00	-8.6924017935981007e-02
2.8859375000000003e+00	-8.7150667894140180e-02
2.8890625000000001e+00	-8.7376437173696295e-02
2.8921875000000004e+00	-8.7601319469312974e-02
2.8953125000000002e+00	-8.7825308419453268e-02
2.8984375000000000e+00	-8.8048397606740450e-02
2.9015625000000003e+00	-8.8270580558334852e-02
2.9046875000000001e+00	-8.8491850746326983e-02
2.9078125000000004e+00	-8.8712201588146189e-02
2.9109375000000002e+00	-8.8931626446985962e-02
2.9140625000000000e+00	-8.9150118632244438e-02
2.9171875000000003e+00	-8.9367671399981335e-02
2.9203125000000001e+00	-8.9584277953390315e-02
2.9234375000000004e+00	-8.9799931443287365e-02
2.9265625000000002e+00	-9.0014624968614718e-02
2.9296875000000000e+00	-9.0228351576960492e-02
2.9328125000000003e+00	-9.0441104265093900e-02
2.9359375000000001e+00	-9.0652875979515823e-02
2.9390625000000004e+00	-9.0863659617024958e-02
2.9421875000000002e+00	-9.1073448025299361e-02
2.9453125000000000e+00	-9.1282234003492974e-02
2.9484375000000003e+00	-9.1490010302847605e-02
2.9515625000000001e+00	-9.1696769627319943e-02
2.9546875000000004e+00	-9.1902504634223531e-02
2.9578125000000002e+00	-9.2107207934885596e-02
2.9609375000000000e+00	-9.2310872095318824e-02
2.9640625000000003e+00	-9.2513489636907809e-02
2.9671875000000001e+00	-9.2715053037110043e-02
2.9703125000000004e+00	-9.2915554730171546e-02
2.9734375000000002e+00	-9.3114987107856678e-02
2.9765625000000000e+00	-9.3313342520192535e-02
2.9796875000000003e+00	-9.3510613276227228e-02
2.9828125000000001e+00	-9.3706791644802404e-02
2.9859375000000004e+00	-9.3901869855339617e-02
2.9890625000000002e+00	-9.4095840098640540e-02
2.9921875000000000e+00	-9.4288694527700875e-02
2.9953125000000003e+00	-9.4480425258537684e-02
2.9984375000000001e+00	-9.4671024371030407e-02
3.0015625000000004e+00	-9.4860483909774848e-02
3.0046875000000002e+00	-9.5048695588586002e-02
3.0078125000000000e+00	-9.5235754028067512e-02
3.0109375000000003e+00	-9.5421651120802586e-02
3.0140625000000001e+00	-9.5606378728675306e-02
3.0171875000000004e+00	-9.5789928683770301e-02
3.0203125000000002e+00	-9.5972292789284916e-02
3.0234375000000000e+00	-9.6153462820454283e-02
3.0265625000000003e+00	-9.6333430525488511e-02
3.0296875000000001e+00	-9.6512187626522264e-02
3.0328125000000004e+00	-9.6689725820576222e-02
3.0359375000000002e+00	-9.6866036780530768e-02
3.0390625000000000e+00	-9.7041112156111081e-02
3.0421875000000003e+00	-9.7214943574884041e-02
3.0453125000000001e+00	-9.7387522643266236e-02
3.0484375000000004e+00	-9.7558840947543635e-02
3.0515625000000002e+00	-9.7728890054901790e-02
3.0546875000000000e+00	-9.7897661514467299e-02
3.0578125000000003e+00	-9.8065146858359625e-02
3.0609375000000001e+00	-9.8231337602753710e-02
3.0640625000000004e+00	-9.8396225248952723e-02
3.0671875000000002e+00	-9.8559801284470852e-02
3.0703125000000000e+00	-9.8722057184126216e-02
3.0734375000000003e+00	-9.8882984411143376e-02
3.0765625000000001e+00	-9.9042574418265500e-02
3.0796875000000004e+00	-9.9200818648875699e-02
3.0828125000000002e+00	-9.9357708538127712e-02
3.0859375000000000e+00	-9.9513235514085363e-02
3.0890625000000003e+00	-9.9667390998871008e-02
3.0921875000000001e+00	-9.9820166409822136e-02
3.0953125000000004e+00	-9.9971553160656826e-02
3.0984375000000002e+00	-1.0012154266264682e-01
3.1015625000000000e+00	-1.0027012632579897e-01
3.1046875000000003e+00	-1.0041729556004410e-01
3.1078125000000001e+00	-1.0056304177643348e-01
3.1109375000000004e+00	-1.0070735638834273e-01
3.1140625000000002e+00	-1.0085023081268261e-01
3.1171875000000000e+00	-1.0099165647111673e-01
3.1203125000000003e+00	-1.0113162479128604e-01
3.1234375000000001e+00	-1.0127012720803968e-01
3.1265625000000004e+00	-1.0140715516467201e-01
3.1296875000000002e+00	-1.0154270011416568e-01
3.1328125000000000e+00	-1.0167675352044057e-01
3.1359375000000003e+00	-1.0180930685960812e-01
3.1390625000000001e+00	-1.0194035162123119e-01
3.1421875000000004e+00	-1.0206987930958888e-01
3.1453125000000002e+00	-1.0219788144494636e-01
3.1484375000000000e+00	-1.0232434956482932e-01
3.1515625000000003e+00	-1.0244927522530285e-01
3.1546875000000001e+00	-1.0257265000225448e-01
3.1578125000000004e+00	-1.0269446549268148e-01
3.1609375000000002e+00	-1.0281471331598148e-01
3.1640625000000000e+00	-1.0293338511524705e-01
3.1671875000000003e+00	-1.0305047255856331e-01
3.1703125000000001e+00	-1.0316596734030867e-01
3.1734375000000004e+00	-1.0327986118245851e-01
3.1765625000000002e+00	-1.0339214583589135e-01
3.1796875000000000e+00	-1.0350281308169743e-01
3.1828125000000003e+00	-1.0361185473248949e-01
3.1859375000000001e+00	-1.0371926263371535e-01
3.1890625000000004e+00	-1.0382502866497233e-01
3.1921875000000002e+00	-1.0392914474132295e-01
3.1953125000000000e+00	-1.0403160281461186e-01
3.1984375000000003e+00	-1.0413239487478394e-01
3.2015625000000001e+00	-1.0423151295120286e-01
3.2046875000000004e+00	-1.0432894911397035e-01
3.2078125000000002e+00	-1.0442469547524563e-01
3.2109375000000000e+00	-1.0451874419056496e-01
3.2140625000000003e+00	-1.0461108746016097e-01
3.2171875000000001e+00	-1.0470171753028147e-01
3.2203125000000004e+00	-1.0479062669450771e-01
3.2234375000000002e+00	-1.0487780729507169e-01
3.2265625000000000e+00	-1.0496325172417227e-01
3.2296875000000003e+00	-1.0504695242529001e-01
3.2328125000000001e+00	-1.0512890189450039e-01
3.2359375000000004e+00	-1.0520909268178502e-01
3.2390625000000002e+00	-1.0528751739234110e-01
3.2421875000000000e+00	-1.0536416868788816e-01
3.2453125000000003e+00	-1.0543903928797263e-01
3.2484375000000001e+00	-1.0551212197126934e-01
3.2515625000000004e+00	-1.0558340957688032e-01
3.2546875000000002e+00	-1.0565289500562990e-01
3.2578125000000000e+00	-1.0572057122135679e-01
3.2609375000000003e+00	-1.0578643125220229e-01
3.2640625000000001e+00	-1.0585046819189436e-01
3.2671875000000004e+00	-1.0591267520102790e-01
3.2703125000000002e+00	-1.0597304550834021e-01
3.2734375000000000e+00	-1.0603157241198220e-01
3.2765625000000003e+00	-1.0608824928078449e-01
3.2796875000000001e+00	-1.0614306955551851e-01
3.2828125000000004e+00	-1.0619602675015227e-01
3.2859375000000002e+00	-1.0624711445310060e-01
3.2890625000000000e+00	-1.0629632632846962e-01
3.2921875000000003e+00	-1.0634365611729522e-01
3.2953125000000001e+00	-1.0638909763877534e-01
3.2984375000000004e+00	-1.0643264479149574e-01
3.3015625000000002e+00	-1.0647429155464908e-01
3.3046875000000000e+00	-1.0651403198924743e-01
3.3078125000000003e+00	-1.0655186023932713e-01
3.3109375000000001e+00	-1.0658777053314690e-01
3.3140625000000004e+00	-1.0662175718437798e-01
3.3171875000000002e+00	-1.0665381459328670e-01
3.3203125000000000e+00	-1.0668393724790906e-01
3.3234375000000003e+00	-1.0671211972521710e-01
3.3265625000000001e+00	-1.0673835669227692e-01
3.3296875000000004e+00	-1.0676264290739788e-01
3.3328125000000002e+00	-1.0678497322127331e-01
3.3359375000000000e+00	-1.0680534257811192e-01
3.3390625000000003e+00	-1.0682374601676002e-01
3.3421875000000001e+00	-1.0684017867181439e-01
3.3453125000000004e+00	-1.0685463577472533e-01
3.3484375000000002e+00	-1.0686711265488998e-01
3.3515625000000000e+00	-1.0687760474073549e-01
3.3546875000000003e+00	-1.0688610756079203e-01
3.3578125000000001e+00	-1.0689261674475518e-01
3.3609375000000004e+00	-1.0689712802453782e-01
3.3640625000000002e+00	-1.0689963723531098e-01
3.3671875000000000e+00	-1.0690014031653387e-01
3.3703125000000003e+00	-1.0689863331297235e-01
3.3734375000000001e+00	-1.0689511237570627e-01
3.3765625000000004e+00	-1.0688957376312498e-01
3.3796875000000002e+00	-1.0688201384191108e-01
3.3828125000000000e+00	-1.0687242908801216e-01
3.3859375000000003e+00	-1.0686081608760035e-01
3.3890625000000001e+00	-1.0684717153801958e-01
3.3921875000000004e+00	-1.0683149224872003e-01
3.3953125000000002e+00	-1.0681377514218018e-01
3.3984375000000000e+00	-1.0679401725481572e-01
3.4015625000000003e+00	-1.0677221573787542e-01
3.4046875000000001e+00	-1.0674836785832381e-01
3.4078125000000004e+00	-1.0672247099971037e-01
3.4109375000000002e+00	-1.0669452266302508e-01
3.4140625000000000e+00	-1.0666452046754031e-01
3.4171875000000003e+00	-1.0663246215163870e-01
3.4203125000000001e+00	-1.0659834557362702e-01
3.4234375000000004e+00	-1.0656216871253556e-01
3.4265625000000002e+00	-1.0652392966890339e-01
3.4296875000000000e+00	-1.0648362666554893e-01
3.4328125000000003e+00	-1.0644125804832572e-01
3.4359375000000001e+00	-1.0639682228686335e-01
3.4390625000000004e+00	-1.0635031797529353e-01
3.4421875000000002e+00	-1.0630174383296068e-01
3.4453125000000000e+00	-1.0625109870511742e-01
3.4484375000000003e+00	-1.0619838156360457e-01
3.4515625000000001e+00	-1.0614359150751544e-01
3.4546875000000004e+00	-1.0608672776384455e-01
3.4578125000000002e+00	-1.0602778968812021e-01
3.4609375000000000e+00	-1.0596677676502149e-01
3.4640625000000003e+00	-1.0590368860897850e-01
3.4671875000000001e+00	-1.0583852496475700e-01
3.4703125000000004e+00	-1.0577128570802617e-01
3.4734375000000002e+00	-1.0570197084590996e-01
3.4765625000000000e+00	-1.0563058051752200e-01
3.4796875000000003e+00	-1.0555711499448353e-01
3.4828125000000001e+00	-1.0548157468142445e-01
3.4859375000000004e+00	-1.0540396011646762e-01
3.4890625000000002e+00	-1.0532427197169580e-01
3.4921875000000000e+00	-1.0524251105360152e-01
3.4953125000000003e+00	-1.0515867830351963e-01
3.4984375000000001e+00	-1.0507277479804236e-01
3.5015625000000004e+00	-1.0498480174941704e-01
3.5046875000000002e+00	-1.0489476050592601e-01
3.5078125000000000e+00	-1.0480265255224899e-01
3.5109375000000003e+00	-1.0470847950980754e-01
3.5140625000000001e+00	-1.0461224313709171e-01
3.5171875000000004e+00	-1.0451394532996876e-01
3.5203125000000002e+00	-1.0441358812197370e-01
3.5234375000000000e+00	-1.0431117368458187e-01
3.5265625000000003e+00	-1.0420670432746312e-01
3.5296875000000001e+00	-1.0410018249871796e-01
3.5328125000000004e+00	-1.0399161078509508e-01
3.5359375000000002e+00	-1.0388099191219072e-01
3.5390625000000000e+00	-1.0376832874462938e-01
3.5421875000000003e+00	-1.0365362428622601e-01
3.5453125000000001e+00	-1.0353688168012970e-01
3.5484375000000004e+00	-1.0341810420894859e-01
3.5515625000000002e+00	-1.0329729529485619e-01
3.5546875000000000e+00	-1.0317445849967870e-01
3.5578125000000003e+00	-1.0304959752496393e-01
3.5609375000000001e+00	-1.0292271621203092e-01
3.5640625000000004e+00	-1.0279381854200104e-01
3.5671875000000002e+00	-1.0266290863580983e-01
3.5703125000000000e+00	-1.0252999075420022e-01
3.5734375000000003e+00	-1.0239506929769637e-01
3.5765625000000001e+00	-1.0225814880655892e-01
3.5796875000000004e+00	-1.0211923396072081e-01
3.5828125000000002e+00	-1.0197832957970418e-01
3.5859375000000000e+00	-1.0183544062251824e-01
3.5890625000000003e+00	-1.0169057218753802e-01
3.5921875000000001e+00	-1.0154372951236382e-01
3.5953125000000004e+00	-1.0139491797366176e-01
3.5984375000000002e+00	-1.0124414308698508e-01
3.6015625000000000e+00	-1.0109141050657644e-01
3.6046875000000003e+00	-1.0093672602515075e-01
3.6078125000000001e+00	-1.0078009557365931e-01
3.6109375000000004e+00	-1.0062152522103451e-01
3.6140625000000002e+00	-1.0046102117391556e-01
3.6171875000000000e+00	-1.0029858977635504e-01
3.6203125000000003e+00	-1.0013423750950642e-01
3.6234375000000001e+00	-9.9967970991292510e-02
3.6265625000000004e+00	-9.9799796976054830e-02
3.6296875000000002e+00	-9.9629722354184047e-02
3.6328125000000000e+00	-9.9457754151731317e-02
3.6359375000000003e+00	-9.9283899530000774e-02
3.6390625000000001e+00	-9.9108165785123006e-02
3.6421875000000004e+00	-9.8930560347609831e-02
3.6453125000000002e+00	-9.8751090781889941e-02
3.6484375000000000e+00	-9.8569764785826172e-02
3.6515625000000003e+00	-9.8386590190213563e-02
3.6546875000000001e+00	-9.8201574958259180e-02
3.6578125000000004e+00	-9.8014727185042963e-02
3.6609375000000002e+00	-9.7826055096960268e-02
3.6640625000000000e+00	-9.7635567051145636e-02
3.6671875000000003e+00	-9.7443271534878417e-02
3.6703125000000001e+00	-9.7249177164969780e-02
3.6734375000000004e+00	-9.7053292687131601e-02
3.6765625000000002e+00	-9.6855626975326903e-02
3.6796875000000000e+00	-9.6656189031102416e-02
3.6828125000000003e+00	-9.6454987982902987e-02
3.6859375000000001e+00	-9.6252033085367783e-02
3.6890625000000004e+00	-9.6047333718609018e-02
3.6921875000000002e+00	-9.5840899387472561e-02
3.6953125000000000e+00	-9.5632739720780943e-02
3.6984375000000003e+00	-9.5422864470558796e-02
3.7015625000000001e+00	-9.5211283511240738e-02
3.7046875000000004e+00	-9.4998006838861879e-02
3.7078125000000002e+00	-9.4783044570231095e-02
3.7109375000000000e+00	-9.4566406942086970e-02
3.7140625000000003e+00	-9.4348104310236866e-02
3.7171875000000001e+00	-9.4128147148678884e-02
3.7203125000000004e+00	-9.3906546048707101e-02
3.7234375000000002e+00	-9.3683311718000067e-02
3.7265625000000000e+00	-9.3458454979692698e-02
3.7296875000000003e+00	-9.3231986771431727e-02
3.7328125000000001e+00	-9.3003918144414957e-02
3.7359375000000004e+00	-9.2774260262414088e-02
3.7390625000000002e+00	-9.2543024400781826e-02
3.7421875000000000e+00	-9.2310221945442750e-02
3.7453125000000003e+00	-9.2075864391868698e-02
3.7484375000000001e+00	-9.1839963344038378e-02
3.7515625000000004e+00	-9.1602530513381616e-02
3.7546875000000002e+00	-9.1363577717708283e-02
3.7578125000000000e+00	-9.1123116880121993e-02
3.7609375000000003e+00	-9.0881160027918906e-02
3.7640625000000001e+00	-9.0637719291471699e-02
3.7671875000000004e+00	-9.0392806903098852e-02
3.7703125000000002e+00	-9.0146435195919361e-02
3.7734375000000000e+00	-8.9898616602693340e-02
3.7765625000000003e+00	-8.9649363654648179e-02
3.7796875000000001e+00	-8.9398688980290991e-02
3.7828125000000004e+00	-8.9146605304207122e-02
3.7859375000000002e+00	-8.8893125445845086e-02
3.7890625000000000e+00	-8.8638262318288072e-02
3.7921875000000003e+00	-8.8382028927012121e-02
3.7953125000000001e+00	-8.8124438368631416e-02
3.7984375000000004e+00	-8.7865503829630529e-02
3.8015625000000002e+00	-8.7605238585084094e-02
3.8046875000000000e+00	-8.7343655997364031e-02
3.8078125000000003e+00	-8.7080769514834372e-02
3.8109375000000001e+00	-8.6816592670534168e-02
3.8140625000000004e+00	-8.6551139080848313e-02
3.8171875000000002e+00	-8.6284422444167008e-02
3.8203125000000000e+00	-8.6016456539533381e-02
3.8234375000000003e+00	-8.5747255225280233e-02
3.8265625000000001e+00	-8.5476832437655484e-02
3.8296875000000004e+00	-8.5205202189436974e-02
3.8328125000000002e+00	-8.4932378568536443e-02
3.8359375000000000e+00	-8.4658375736593391e-02
3.8390625000000003e+00	-8.4383207927558546e-02
3.8421875000000001e+00	-8.4106889446267596e-02
3.8453125000000004e+00	-8.3829434667004959e-02
3.8484375000000002e+00	-8.3550858032058334e-02
3.8515625000000000e+00	-8.3271174050263727e-02
3.8546875000000003e+00	-8.2990397295541682e-02
3.8578125000000001e+00	-8.2708542405424496e-02
3.8609375000000004e+00	-8.2425624079575086e-02
3.8640625000000002e+00	-8.2141657078297348e-02
3.8671875000000000e+00	-8.1856656221038521e-02
3.8703125000000003e+00	-8.1570636384883641e-02
3.8734375000000001e+00	-8.1283612503042488e-02
3.8765625000000004e+00	-8.0995599563329024e-02
3.8796875000000002e+00	-8.0706612606633782e-02
3.8828125000000000e+00	-8.0416666725389385e-02
3.8859375000000003e+00	-8.0125777062029419e-02
3.8890625000000001e+00	-7.9833958807440888e-02
3.8921875000000004e+00	-7.9541227199410536e-02
3.8953125000000002e+00	-7.9247597521065333e-02
3.8984375000000000e+00	-7.8953085099307305e-02
3.9015625000000003e+00	-7.8657705303242939e-02
3.9046875000000001e+00	-7.8361473542607460e-02
3.9078125000000004e+00	-7.8064405266184314e-02
3.9109375000000002e+00	-7.7766515960219967e-02
3.9140625000000000e+00	-7.7467821146834315e-02
3.9171875000000003e+00	-7.7168336382427080e-02
3.9203125000000001e+00	-7.6868077256080233e-02
3.9234375000000004e+00	-7.6567059387956979e-02
3.9265625000000002e+00	-7.6265298427697290e-02
3.9296875000000000e+00	-7.5962810052810373e-02
3.9328125000000003e+00	-7.5659609967064501e-02
3.9359375000000001e+00	-7.5355713898874008e-02
3.9390625000000004e+00	-7.5051137599684292e-02
3.9421875000000002e+00	-7.4745896842354609e-02
3.9453125000000000e+00	-7.4440007419539156e-02
3.9484375000000003e+00	-7.4133485142066691e-02
3.9515625000000001e+00	-7.3826345837318910e-02
3.9546875000000004e+00	-7.3518605347607832e-02
3.9578125000000002e+00	-7.3210279528552455e-02
3.9609375000000000e+00	-7.2901384247455084e-02
3.9640625000000003e+00	-7.2591935381677353e-02
3.9671875000000001e+00	-7.2281948817016384e-02
3.9703125000000004e+00	-7.1971440446081336e-02
3.9734375000000002e+00	-7.1660426166670538e-02
3.9765625000000000e+00	-7.1348921880149463e-02
3.9796875000000003e+00	-7.1036943489829862e-02
3.9828125000000001e+00	-7.0724506899350392e-02
3.9859375000000004e+00	-7.0411628011058769e-02
3.9890625000000002e+00	-7.0098322724395937e-02
3.9921875000000000e+00	-6.9784606934282428e-02
3.9953125000000003e+00	-6.9470496529507153e-02
3.9984375000000001e+00	-6.9156007391118865e-02
