1.5625000000000001e-03	2.4860314101377989e-01
4.6875000000000007e-03	2.4996901960083615e-01
7.8125000000000000e-03	2.5133776620030451e-01
1.0937500000000001e-02	2.5270936483070139e-01
1.4062500000000000e-02	2.5408379960070959e-01
1.7187500000000001e-02	2.5546105471184716e-01
2.0312500000000001e-02	2.5684111446109914e-01
2.3437500000000000e-02	2.5822396324351260e-01
2.6562500000000003e-02	2.5960958555475183e-01
2.9687500000000002e-02	2.6099796599361569e-01
3.2812500000000001e-02	2.6238908926451388e-01
3.5937500000000004e-02	2.6378294017990234e-01
3.9062500000000000e-02	2.6517950366267706e-01
4.2187500000000003e-02	2.6657876474852477e-01
4.5312500000000006e-02	2.6798070858823064e-01
4.8437500000000001e-02	2.6938532044994118e-01
5.1562500000000004e-02	2.7079258572138265e-01
5.4687500000000000e-02	2.7220248991203283e-01
5.7812500000000003e-02	2.7361501865524662e-01
6.0937500000000006e-02	2.7503015771033412e-01
6.4062500000000008e-02	2.7644789296459066e-01
6.7187499999999997e-02	2.7786821043527743e-01
7.0312500000000000e-02	2.7929109627155341e-01
7.3437500000000003e-02	2.8071653675635572e-01
7.6562500000000006e-02	2.8214451830822979e-01
7.9687500000000008e-02	2.8357502748310781e-01
8.2812500000000011e-02	2.8500805097603399e-01
8.5937500000000000e-02	2.8644357562283773e-01
8.9062500000000003e-02	2.8788158840175226e-01
9.2187500000000006e-02	2.8932207643497931e-01
9.5312500000000008e-02	2.9076502699019874e-01
9.8437500000000011e-02	2.9221042748202253e-01
1.0156250000000000e-01	2.9365826547339274e-01
1.0468750000000000e-01	2.9510852867692239e-01
1.0781250000000001e-01	2.9656120495617938e-01
1.1093750000000001e-01	2.9801628232691230e-01
1.1406250000000001e-01	2.9947374895821827e-01
1.1718750000000000e-01	3.0093359317365115e-01
1.2031250000000000e-01	3.0239580345227096e-01
1.2343750000000001e-01	3.0386036842963343e-01
1.2656249999999999e-01	3.0532727689871886e-01
1.2968750000000001e-01	3.0679651781080020e-01
1.3281250000000000e-01	3.0826808027625058e-01
1.3593750000000002e-01	3.0974195356528816e-01
1.3906250000000001e-01	3.1121812710866076e-01
1.4218749999999999e-01	3.1269659049826370e-01
1.4531250000000001e-01	3.1417733348770283e-01
1.4843750000000000e-01	3.1566034599278542e-01
1.5156250000000002e-01	3.1714561809195452e-01
1.5468750000000001e-01	3.1863314002665577e-01
1.5781250000000002e-01	3.2012290220164163e-01
1.6093750000000001e-01	3.2161489518521158e-01
1.6406250000000000e-01	3.2310910970938661e-01
1.6718750000000002e-01	3.2460553667002012e-01
1.7031250000000001e-01	3.2610416712684376e-01
1.7343750000000002e-01	3.2760499230344681e-01
1.7656250000000001e-01	3.2910800358719200e-01
1.7968750000000000e-01	3.3061319252906490e-01
1.8281250000000002e-01	3.3212055084345737e-01
1.8593750000000001e-01	3.3363007040788667e-01
1.8906250000000002e-01	3.3514174326264667e-01
1.9218750000000001e-01	3.3665556161039539e-01
1.9531250000000000e-01	3.3817151781567500e-01
1.9843750000000002e-01	3.3968960440436624e-01
2.0156250000000001e-01	3.4120981406307754e-01
2.0468750000000002e-01	3.4273213963846672e-01
2.0781250000000001e-01	3.4425657413649863e-01
2.1093750000000000e-01	3.4578311072163498e-01
2.1406250000000002e-01	3.4731174271595971e-01
2.1718750000000001e-01	3.4884246359823734e-01
2.2031250000000002e-01	3.5037526700290750e-01
2.2343750000000001e-01	3.5191014671901172e-01
2.2656250000000000e-01	3.5344709668905683e-01
2.2968750000000002e-01	3.5498611100781163e-01
2.3281250000000001e-01	3.5652718392103966e-01
2.3593750000000002e-01	3.5807030982416588e-01
2.3906250000000001e-01	3.5961548326088077e-01
2.4218750000000000e-01	3.6116269892167824e-01
2.4531250000000002e-01	3.6271195164232978e-01
2.4843750000000001e-01	3.6426323640229608e-01
2.5156250000000002e-01	3.6581654832307386e-01
2.5468750000000001e-01	3.6737188266647980e-01
2.5781250000000000e-01	3.6892923483287293e-01
2.6093749999999999e-01	3.7048860035931269e-01
2.6406250000000003e-01	3.7204997491765657e-01
2.6718750000000002e-01	3.7361335431259524e-01
2.7031250000000001e-01	3.7517873447962757e-01
2.7343750000000000e-01	3.7674611148297299e-01
2.7656249999999999e-01	3.7831548151342659e-01
2.7968750000000003e-01	3.7988684088615127e-01
2.8281250000000002e-01	3.8146018603841314e-01
2.8593750000000001e-01	3.8303551352725729e-01
2.8906250000000000e-01	3.8461282002712499e-01
2.9218749999999999e-01	3.8619210232741447e-01
2.9531250000000003e-01	3.8777335732998330e-01
2.9843750000000002e-01	3.8935658204659596e-01
3.0156250000000001e-01	3.9094177359631466e-01
3.0468750000000000e-01	3.9252892920283511e-01
3.0781250000000004e-01	3.9411804619176843e-01
3.1093750000000003e-01	3.9570912198786928e-01
3.1406250000000002e-01	3.9730215411220993e-01
3.1718750000000001e-01	3.9889714017930339e-01
3.2031250000000000e-01	4.0049407789417463e-01
3.2343750000000004e-01	4.0209296504938019e-01
3.2656250000000003e-01	4.0369379952197870e-01
3.2968750000000002e-01	4.0529657927045193e-01
3.3281250000000001e-01	4.0690130233157701e-01
3.3593750000000000e-01	4.0850796681725177e-01
3.3906250000000004e-01	4.1011657091127240e-01
3.4218750000000003e-01	4.1172711286606622e-01
3.4531250000000002e-01	4.1333959099937850e-01
3.4843750000000001e-01	4.1495400369091606e-01
3.5156250000000000e-01	4.1657034937894671e-01
3.5468750000000004e-01	4.1818862655685735e-01
3.5781250000000003e-01	4.1980883376966960e-01
3.6093750000000002e-01	4.2143096961051663e-01
3.6406250000000001e-01	4.2305503271707845e-01
3.6718750000000000e-01	4.2468102176798089e-01
3.7031250000000004e-01	4.2630893547915577e-01
3.7343750000000003e-01	4.2793877260016477e-01
3.7656250000000002e-01	4.2957053191048833e-01
3.7968750000000001e-01	4.3120421221578020e-01
3.8281250000000000e-01	4.3283981234408792e-01
3.8593750000000004e-01	4.3447733114204184e-01
3.8906250000000003e-01	4.3611676747101302e-01
3.9218750000000002e-01	4.3775812020324012e-01
3.9531250000000001e-01	4.3940138821792774e-01
3.9843750000000000e-01	4.4104657039731848e-01
4.0156250000000004e-01	4.4269366562273449e-01
4.0468750000000003e-01	4.4434267277059775e-01
4.0781250000000002e-01	4.4599359070842276e-01
4.1093750000000001e-01	4.4764641829078733e-01
4.1406250000000000e-01	4.4930115435528073e-01
4.1718750000000004e-01	4.5095779771843120e-01
4.2031250000000003e-01	4.5261634717161359e-01
4.2343750000000002e-01	4.5427680147693761e-01
4.2656250000000001e-01	4.5593915936312068e-01
4.2968750000000000e-01	4.5760341952134193e-01
4.3281250000000004e-01	4.5926958060108353e-01
4.3593750000000003e-01	4.6093764120595715e-01
4.3906250000000002e-01	4.6260759988951755e-01
4.4218750000000001e-01	4.6427945515106661e-01
4.4531250000000000e-01	4.6595320543144519e-01
4.4843750000000004e-01	4.6762884910881769e-01
4.5156250000000003e-01	4.6930638449444856e-01
4.5468750000000002e-01	4.7098580982847271e-01
4.5781250000000001e-01	4.7266712327566085e-01
4.6093750000000000e-01	4.7435032292118107e-01
4.6406250000000004e-01	4.7603540676635775e-01
4.6718750000000003e-01	4.7772237272443041e-01
4.7031250000000002e-01	4.7941121861631092e-01
4.7343750000000001e-01	4.8110194216634372e-01
4.7656250000000000e-01	4.8279454099806801e-01
4.7968750000000004e-01	4.8448901262998378e-01
4.8281250000000003e-01	4.8618535447132299e-01
4.8593750000000002e-01	4.8788356381782855e-01
4.8906250000000001e-01	4.8958363784753994e-01
4.9218750000000000e-01	4.9128557361658748e-01
4.9531250000000004e-01	4.9298936805499904e-01
4.9843750000000003e-01	4.9469501796251658e-01
5.0156250000000002e-01	4.9640252000442681e-01
5.0468750000000007e-01	4.9811187070740565e-01
5.0781250000000000e-01	4.9982306645537822e-01
5.1093750000000004e-01	5.0153610348539668e-01
5.1406249999999998e-01	5.0325097788353501e-01
5.1718750000000002e-01	5.0496768558080340e-01
5.2031250000000007e-01	5.0668622234908511e-01
5.2343750000000000e-01	5.0840658379709225e-01
5.2656250000000004e-01	5.1012876536634832e-01
5.2968749999999998e-01	5.1185276232719235e-01
5.3281250000000002e-01	5.1357856977481053e-01
5.3593750000000007e-01	5.1530618262529471e-01
5.3906250000000000e-01	5.1703559561172885e-01
5.4218750000000004e-01	5.1876680328030500e-01
5.4531249999999998e-01	5.2049979998647045e-01
5.4843750000000002e-01	5.2223457989110722e-01
5.5156250000000007e-01	5.2397113695674324e-01
5.5468750000000000e-01	5.2570946494380044e-01
5.5781250000000004e-01	5.2744955740687638e-01
5.6093749999999998e-01	5.2919140769106376e-01
5.6406250000000002e-01	5.3093500892830836e-01
5.6718750000000007e-01	5.3268035403380509e-01
5.7031250000000000e-01	5.3442743570243567e-01
5.7343750000000004e-01	5.3617624640524730e-01
5.7656249999999998e-01	5.3792677838597436e-01
5.7968750000000002e-01	5.3967902365760323e-01
5.8281250000000007e-01	5.4143297399898394e-01
5.8593750000000000e-01	5.4318862095148557e-01
5.8906250000000004e-01	5.4494595581570127e-01
5.9218749999999998e-01	5.4670496964819981e-01
5.9531250000000002e-01	5.4846565325832763e-01
5.9843750000000007e-01	5.5022799720506110e-01
6.0156250000000000e-01	5.5199199179391023e-01
6.0468750000000004e-01	5.5375762707387532e-01
6.0781250000000009e-01	5.5552489283445716e-01
6.1093750000000002e-01	5.5729377860272122e-01
6.1406250000000007e-01	5.5906427364041889e-01
6.1718750000000000e-01	5.6083636694116468e-01
6.2031250000000004e-01	5.6261004722767005e-01
6.2343750000000009e-01	5.6438530294903755e-01
6.2656250000000002e-01	5.6616212227811380e-01
6.2968750000000007e-01	5.6794049310890271e-01
6.3281250000000000e-01	5.6972040305403981e-01
6.3593750000000004e-01	5.7150183944233013e-01
6.3906250000000009e-01	5.7328478931634763e-01
6.4218750000000002e-01	5.7506923943009991e-01
6.4531250000000007e-01	5.7685517624675708e-01
6.4843750000000000e-01	5.7864258593644635e-01
6.5156250000000004e-01	5.8043145437411348e-01
6.5468750000000009e-01	5.8222176713745055e-01
6.5781250000000002e-01	5.8401350950489372e-01
6.6093750000000007e-01	5.8580666645368740e-01
6.6406250000000000e-01	5.8760122265801973e-01
6.6718750000000004e-01	5.8939716248722684e-01
6.7031250000000009e-01	5.9119447000406966e-01
6.7343750000000002e-01	5.9299312896308098e-01
6.7656250000000007e-01	5.9479312280898611e-01
6.7968750000000000e-01	5.9659443467519391e-01
6.8281250000000004e-01	5.9839704738236488e-01
6.8593750000000009e-01	6.0020094343705022e-01
6.8906250000000002e-01	6.0200610503040775e-01
6.9218750000000007e-01	6.0381251403699088e-01
6.9531250000000000e-01	6.0562015201361596e-01
6.9843750000000004e-01	6.0742900019830370e-01
7.0156250000000009e-01	6.0923903950929825e-01
7.0468750000000002e-01	6.1105025054416340e-01
7.0781250000000007e-01	6.1286261357895666e-01
7.1093750000000000e-01	6.1467610856748112e-01
7.1406250000000004e-01	6.1649071514061571e-01
7.1718750000000009e-01	6.1830641260572450e-01
7.2031250000000002e-01	6.2012317994614552e-01
7.2343750000000007e-01	6.2194099582075801e-01
7.2656250000000000e-01	6.2375983856363304e-01
7.2968750000000004e-01	6.2557968618375714e-01
7.3281250000000009e-01	6.2740051636484417e-01
7.3593750000000002e-01	6.2922230646522381e-01
7.3906250000000007e-01	6.3104503351781194e-01
7.4218750000000000e-01	6.3286867423016024e-01
7.4531250000000004e-01	6.3469320498459136e-01
7.4843750000000009e-01	6.3651860183841025e-01
7.5156250000000002e-01	6.3834484052420137e-01
7.5468750000000007e-01	6.4017189645020456e-01
7.5781250000000000e-01	6.4199974470077481e-01
7.6093750000000004e-01	6.4382836003692256e-01
7.6406250000000009e-01	6.4565771689693596e-01
7.6718750000000002e-01	6.4748778939708629e-01
7.7031250000000007e-01	6.4931855133241279e-01
7.7343750000000000e-01	6.5114997617759141e-01
7.7656250000000004e-01	6.5298203708788538e-01
7.7968750000000009e-01	6.5481470690017451e-01
7.8281250000000002e-01	6.5664795813407184e-01
7.8593750000000007e-01	6.5848176299311401e-01
7.8906250000000000e-01	6.6031609336604058e-01
7.9218750000000004e-01	6.6215092082814875e-01
7.9531250000000009e-01	6.6398621664273361e-01
7.9843750000000002e-01	6.6582195176260439e-01
8.0156250000000007e-01	6.6765809683168598e-01
8.0468750000000000e-01	6.6949462218669653e-01
8.0781250000000004e-01	6.7133149785890867e-01
8.1093750000000009e-01	6.7316869357598708e-01
8.1406250000000002e-01	6.7500617876390745e-01
8.1718750000000007e-01	6.7684392254895476e-01
8.2031250000000000e-01	6.7868189375979815e-01
8.2343750000000004e-01	6.8052006092964556e-01
8.2656250000000009e-01	6.8235839229847606e-01
8.2968750000000002e-01	6.8419685581534939e-01
8.3281250000000007e-01	6.8603541914079158e-01
8.3593750000000000e-01	6.8787404964925791e-01
8.3906250000000004e-01	6.8971271443167248e-01
8.4218750000000009e-01	6.9155138029804042e-01
8.4531250000000002e-01	6.9339001378013898e-01
8.4843750000000007e-01	6.9522858113427954e-01
8.5156250000000000e-01	6.9706704834414379e-01
8.5468750000000004e-01	6.9890538112369538e-01
8.5781250000000009e-01	7.0074354492016122e-01
8.6093750000000002e-01	7.0258150491708626e-01
8.6406250000000007e-01	7.0441922603745877e-01
8.6718750000000000e-01	7.0625667294690631e-01
8.7031250000000004e-01	7.0809381005696159e-01
8.7343750000000009e-01	7.0993060152839738e-01
8.7656250000000002e-01	7.1176701127462827e-01
8.7968750000000007e-01	7.1360300296518353e-01
8.8281250000000000e-01	7.1543854002924212e-01
8.8593750000000004e-01	7.1727358565923793e-01
8.8906250000000009e-01	7.1910810281452642e-01
8.9218750000000002e-01	7.2094205422511914e-01
8.9531250000000007e-01	7.2277540239547911e-01
8.9843750000000000e-01	7.2460810960837962e-01
9.0156250000000004e-01	7.2644013792882478e-01
9.0468750000000009e-01	7.2827144920803133e-01
9.0781250000000002e-01	7.3010200508746959e-01
9.1093750000000007e-01	7.3193176700296347e-01
9.1406250000000000e-01	7.3376069618884920e-01
9.1718750000000004e-01	7.3558875368218990e-01
9.2031250000000009e-01	7.3741590032704774e-01
9.2343750000000002e-01	7.3924209677880959e-01
9.2656250000000007e-01	7.4106730350856809e-01
9.2968750000000000e-01	7.4289148080755463e-01
9.3281250000000004e-01	7.4471458879162566e-01
9.3593750000000009e-01	7.4653658740579798e-01
9.3906250000000002e-01	7.4835743642883623e-01
9.4218750000000007e-01	7.5017709547788713e-01
9.4531250000000000e-01	7.5199552401316339e-01
9.4843750000000004e-01	7.5381268134267176e-01
9.5156250000000009e-01	7.5562852662698987e-01
9.5468750000000002e-01	7.5744301888408405e-01
9.5781250000000007e-01	7.5925611699417295e-01
9.6093750000000000e-01	7.6106777970463158e-01
9.6406250000000004e-01	7.6287796563493804e-01
9.6718750000000009e-01	7.6468663328165742e-01
9.7031250000000002e-01	7.6649374102346812e-01
9.7343750000000007e-01	7.6829924712622133e-01
9.7656250000000000e-01	7.7010310974803953e-01
9.7968750000000004e-01	7.7190528694444971e-01
9.8281250000000009e-01	7.7370573667354914e-01
9.8593750000000002e-01	7.7550441680120541e-01
9.8906250000000007e-01	7.7730128510628638e-01
9.9218750000000000e-01	7.7909629928592072e-01
9.9531250000000004e-01	7.8088941696078795e-01
9.9843750000000009e-01	7.8268059568043602e-01
1.0015625000000001e+00	7.8446979292862351e-01
1.0046875000000000e+00	7.8625610245375877e-01
1.0078125000000000e+00	7.8804032469683349e-01
1.0109375000000000e+00	7.8982241651852481e-01
1.0140625000000001e+00	7.9160233472600039e-01
1.0171875000000001e+00	7.9338003607820395e-01
1.0203125000000000e+00	7.9515547729115976e-01
1.0234375000000000e+00	7.9692861504328938e-01
1.0265625000000000e+00	7.9869940598074340e-01
1.0296875000000001e+00	8.0046780672274553e-01
1.0328125000000001e+00	8.0223377386694639e-01
1.0359375000000000e+00	8.0399726399478788e-01
1.0390625000000000e+00	8.0575823367687538e-01
1.0421875000000000e+00	8.0751663947835828e-01
1.0453125000000001e+00	8.0927243796431225e-01
1.0484375000000001e+00	8.1102558570513061e-01
1.0515625000000000e+00	8.1277603928191511e-01
1.0546875000000000e+00	8.1452375529187060e-01
1.0578125000000000e+00	8.1626869035369765e-01
1.0609375000000001e+00	8.1801080111298674e-01
1.0640625000000001e+00	8.1975004424760800e-01
1.0671875000000000e+00	8.2148637647309819e-01
1.0703125000000000e+00	8.2321975454804330e-01
1.0734375000000000e+00	8.2495013527945249e-01
1.0765625000000001e+00	8.2667747552812776e-01
1.0796875000000001e+00	8.2840173221402169e-01
1.0828125000000000e+00	8.3012286232158750e-01
1.0859375000000000e+00	8.3184082290511430e-01
1.0890625000000000e+00	8.3355557109405354e-01
1.0921875000000001e+00	8.3526706409832818e-01
1.0953125000000001e+00	8.3697525921362714e-01
1.0984375000000000e+00	8.3868011382668495e-01
1.1015625000000000e+00	8.4038158542054020e-01
1.1046875000000000e+00	8.4207963157977761e-01
1.1078125000000001e+00	8.4377420999574826e-01
1.1109375000000001e+00	8.4546527847176767e-01
1.1140625000000000e+00	8.4715279492829287e-01
1.1171875000000000e+00	8.4883671740807254e-01
1.1203125000000000e+00	8.5051700408127362e-01
1.1234375000000001e+00	8.5219361325058041e-01
1.1265625000000001e+00	8.5386650335626646e-01
1.1296875000000000e+00	8.5553563298123658e-01
1.1328125000000000e+00	8.5720096085603881e-01
1.1359375000000000e+00	8.5886244586384530e-01
1.1390625000000001e+00	8.6052004704539975e-01
1.1421875000000001e+00	8.6217372360393163e-01
1.1453125000000000e+00	8.6382343491003599e-01
1.1484375000000000e+00	8.6546914050651524e-01
1.1515625000000000e+00	8.6711080011318586e-01
1.1546875000000001e+00	8.6874837363164548e-01
1.1578125000000001e+00	8.7038182115000073e-01
1.1609375000000000e+00	8.7201110294755457e-01
1.1640625000000000e+00	8.7363617949945194e-01
1.1671875000000000e+00	8.7525701148128299e-01
1.1703125000000001e+00	8.7687355977364156e-01
1.1734375000000001e+00	8.7848578546664058e-01
1.1765625000000000e+00	8.8009364986437955e-01
1.1796875000000000e+00	8.8169711448936694e-01
1.1828125000000000e+00	8.8329614108689336e-01
1.1859375000000001e+00	8.8489069162935663e-01
1.1890625000000001e+00	8.8648072832053726e-01
1.1921875000000000e+00	8.8806621359982163e-01
1.1953125000000000e+00	8.8964711014637621e-01
1.1984375000000000e+00	8.9122338088326514e-01
1.2015625000000001e+00	8.9279498898151810e-01
1.2046875000000001e+00	8.9436189786414144e-01
1.2078125000000002e+00	8.9592407121007533e-01
1.2109375000000000e+00	8.9748147295809311e-01
1.2140625000000000e+00	8.9903406731064439e-01
1.2171875000000001e+00	9.0058181873764043e-01
1.2203125000000001e+00	9.0212469198018053e-01
1.2234375000000002e+00	9.0366265205421992e-01
1.2265625000000000e+00	9.0519566425417430e-01
1.2296875000000000e+00	9.0672369415646692e-01
1.2328125000000001e+00	9.0824670762301229e-01
1.2359375000000001e+00	9.0976467080463663e-01
1.2390625000000002e+00	9.1127755014443612e-01
1.2421875000000000e+00	9.1278531238107008e-01
1.2453125000000000e+00	9.1428792455199237e-01
1.2484375000000001e+00	9.1578535399661298e-01
1.2515625000000001e+00	9.1727756835939711e-01
1.2546875000000002e+00	9.1876453559289684e-01
1.2578125000000000e+00	9.2024622396071487e-01
1.2609375000000000e+00	9.2172260204040213e-01
1.2640625000000001e+00	9.2319363872628446e-01
1.2671875000000001e+00	9.2465930323222312e-01
1.2703125000000002e+00	9.2611956509430515e-01
1.2734375000000000e+00	9.2757439417346266e-01
1.2765625000000000e+00	9.2902376065802250e-01
1.2796875000000001e+00	9.3046763506618602e-01
1.2828125000000001e+00	9.3190598824843573e-01
1.2859375000000002e+00	9.3333879138987130e-01
1.2890625000000000e+00	9.3476601601247356e-01
1.2921875000000000e+00	9.3618763397729543e-01
1.2953125000000001e+00	9.3760361748657972e-01
1.2984375000000001e+00	9.3901393908580522e-01
1.3015625000000002e+00	9.4041857166565612e-01
1.3046875000000000e+00	9.4181748846392066e-01
1.3078125000000000e+00	9.4321066306731471e-01
1.3109375000000001e+00	9.4459806941322844e-01
1.3140625000000001e+00	9.4597968179140224e-01
1.3171875000000002e+00	9.4735547484552451e-01
1.3203125000000000e+00	9.4872542357475531e-01
1.3234375000000000e+00	9.5008950333517550e-01
1.3265625000000001e+00	9.5144768984115802e-01
1.3296875000000001e+00	9.5279995916666527e-01
1.3328125000000002e+00	9.5414628774647170e-01
1.3359375000000000e+00	9.5548665237730634e-01
1.3390625000000000e+00	9.5682103021892284e-01
1.3421875000000001e+00	9.5814939879509309e-01
1.3453125000000001e+00	9.5947173599452207e-01
1.3484375000000002e+00	9.6078802007168940e-01
1.3515625000000000e+00	9.6209822964761260e-01
1.3546875000000000e+00	9.6340234371053435e-01
1.3578125000000001e+00	9.6470034161653462e-01
1.3609375000000001e+00	9.6599220309006562e-01
1.3640625000000002e+00	9.6727790822440984e-01
1.3671875000000000e+00	9.6855743748206324e-01
1.3703125000000000e+00	9.6983077169504239e-01
1.3734375000000001e+00	9.7109789206511488e-01
1.3765625000000001e+00	9.7235878016395405e-01
1.3796875000000002e+00	9.7361341793321909e-01
1.3828125000000000e+00	9.7486178768455778e-01
1.3859375000000000e+00	9.7610387209953675e-01
1.3890625000000001e+00	9.7733965422949332e-01
1.3921875000000001e+00	9.7856911749531539e-01
1.3953125000000002e+00	9.7979224568714518e-01
1.3984375000000000e+00	9.8100902296400849e-01
1.4015625000000000e+00	9.8221943385337118e-01
1.4046875000000001e+00	9.8342346325062069e-01
1.4078125000000001e+00	9.8462109641847440e-01
1.4109375000000002e+00	9.8581231898631549e-01
1.4140625000000000e+00	9.8699711694945425e-01
1.4171875000000000e+00	9.8817547666831984e-01
1.4203125000000001e+00	9.8934738486757734e-01
1.4234375000000001e+00	9.9051282863517387e-01
1.4265625000000002e+00	9.9167179542131534e-01
1.4296875000000000e+00	9.9282427303736931e-01
1.4328125000000000e+00	9.9397024965470049e-01
1.4359375000000001e+00	9.9510971380343405e-01
1.4390625000000001e+00	9.9624265437115056e-01
1.4421875000000002e+00	9.9736906060151287e-01
1.4453125000000000e+00	9.9848892209282281e-01
1.4484375000000000e+00	9.9960222879651150e-01
1.4515625000000001e+00	1.0007089710155617e+00
1.4546875000000001e+00	1.0018091394028632e+00
1.4578125000000002e+00	1.0029027249595035e+00
1.4609375000000000e+00	1.0039897190329903e+00
1.4640625000000000e+00	1.0050701133154119e+00
1.4671875000000001e+00	1.0061438998415309e+00
1.4703125000000001e+00	1.0072110709868161e+00
1.4734375000000002e+00	1.0082716194654091e+00
1.4765625000000000e+00	1.0093255383280317e+00
1.4796875000000000e+00	1.0103728209598271e+00
1.4828125000000001e+00	1.0114134610781451e+00
1.4859375000000001e+00	1.0124474527302627e+00
1.4890625000000002e+00	1.0134747902910477e+00
1.4921875000000000e+00	1.0144954684605616e+00
1.4953125000000000e+00	1.0155094822616060e+00
1.4984375000000001e+00	1.0165168270372105e+00
1.5015625000000001e+00	1.0175174984480637e+00
1.5046875000000002e+00	1.0185114924698895e+00
1.5078125000000000e+00	1.0194988053907672e+00
1.5109375000000000e+00	1.0204794338083980e+00
1.5140625000000001e+00	1.0214533746273164e+00
1.5171875000000001e+00	1.0224206250560521e+00
1.5203125000000002e+00	1.0233811826042365e+00
1.5234375000000000e+00	1.0243350450796609e+00
1.5265625000000000e+00	1.0252822105852823e+00
1.5296875000000001e+00	1.0262226775161820e+00
1.5328125000000001e+00	1.0271564445564747e+00
1.5359375000000002e+00	1.0280835106761688e+00
1.5390625000000000e+00	1.0290038751279831e+00
1.5421875000000000e+00	1.0299175374441150e+00
1.5453125000000001e+00	1.0308244974329641e+00
1.5484375000000001e+00	1.0317247551758146e+00
1.5515625000000002e+00	1.0326183110234703e+00
1.5546875000000000e+00	1.0335051655928504e+00
1.5578125000000000e+00	1.0343853197635446e+00
1.5609375000000001e+00	1.0352587746743251e+00
1.5640625000000001e+00	1.0361255317196225e+00
1.5671875000000002e+00	1.0369855925459606e+00
1.5703125000000000e+00	1.0378389590483563e+00
1.5734375000000000e+00	1.0386856333666812e+00
1.5765625000000001e+00	1.0395256178819896e+00
1.5796875000000001e+00	1.0403589152128097e+00
1.5828125000000002e+00	1.0411855282114031e+00
1.5859375000000000e+00	1.0420054599599919e+00
1.5890625000000000e+00	1.0428187137669542e+00
1.5921875000000001e+00	1.0436252931629875e+00
1.5953125000000001e+00	1.0444252018972449e+00
1.5984375000000002e+00	1.0452184439334424e+00
1.6015625000000000e+00	1.0460050234459377e+00
1.6046875000000000e+00	1.0467849448157835e+00
1.6078125000000001e+00	1.0475582126267553e+00
1.6109375000000001e+00	1.0483248316613551e+00
1.6140625000000002e+00	1.0490848068967913e+00
1.6171875000000000e+00	1.0498381435009363e+00
1.6203125000000000e+00	1.0505848468282633e+00
1.6234375000000001e+00	1.0513249224157639e+00
1.6265625000000001e+00	1.0520583759788436e+00
1.6296875000000002e+00	1.0527852134072018e+00
1.6328125000000000e+00	1.0535054407606947e+00
1.6359375000000000e+00	1.0542190642651799e+00
1.6390625000000001e+00	1.0549260903083493e+00
1.6421875000000001e+00	1.0556265254355450e+00
1.6453125000000002e+00	1.0563203763455646e+00
1.6484375000000000e+00	1.0570076498864536e+00
1.6515625000000000e+00	1.0576883530512864e+00
1.6546875000000001e+00	1.0583624929739401e+00
1.6578125000000001e+00	1.0590300769248568e+00
1.6609375000000002e+00	1.0596911123067994e+00
1.6640625000000000e+00	1.0603456066506010e+00
1.6671875000000000e+00	1.0609935676109095e+00
1.6703125000000001e+00	1.0616350029619259e+00
1.6734375000000001e+00	1.0622699205931407e+00
1.6765625000000002e+00	1.0628983285050673e+00
1.6796875000000000e+00	1.0635202348049739e+00
1.6828125000000000e+00	1.0641356477026160e+00
1.6859375000000001e+00	1.0647445755059686e+00
1.6890625000000001e+00	1.0653470266169607e+00
1.6921875000000002e+00	1.0659430095272120e+00
1.6953125000000000e+00	1.0665325328137751e+00
1.6984375000000000e+00	1.0671156051348809e+00
1.7015625000000001e+00	1.0676922352256897e+00
1.7046875000000001e+00	1.0682624318940508e+00
1.7078125000000002e+00	1.0688262040162693e+00
1.7109375000000000e+00	1.0693835605328808e+00
1.7140625000000000e+00	1.0699345104444380e+00
1.7171875000000001e+00	1.0704790628073066e+00
1.7203125000000001e+00	1.0710172267294742e+00
1.7234375000000002e+00	1.0715490113663710e+00
1.7265625000000000e+00	1.0720744259167063e+00
1.7296875000000000e+00	1.0725934796183181e+00
1.7328125000000001e+00	1.0731061817440390e+00
1.7359375000000001e+00	1.0736125415975808e+00
1.7390625000000002e+00	1.0741125685094333e+00
1.7421875000000000e+00	1.0746062718327865e+00
1.7453125000000000e+00	1.0750936609394681e+00
1.7484375000000001e+00	1.0755747452159057e+00
1.7515625000000001e+00	1.0760495340591067e+00
1.7546875000000002e+00	1.0765180368726650e+00
1.7578125000000000e+00	1.0769802630627874e+00
1.7609375000000000e+00	1.0774362220343474e+00
1.7640625000000001e+00	1.0778859231869624e+00
1.7671875000000001e+00	1.0783293759110992e+00
1.7703125000000002e+00	1.0787665895842036e+00
1.7734375000000000e+00	1.0791975735668622e+00
1.7765625000000000e+00	1.0796223371989893e+00
1.7796875000000001e+00	1.0800408897960463e+00
1.7828125000000001e+00	1.0804532406452902e+00
1.7859375000000002e+00	1.0808593990020552e+00
1.7890625000000000e+00	1.0812593740860661e+00
1.7921875000000000e+00	1.0816531750777836e+00
1.7953125000000001e+00	1.0820408111147863e+00
1.7984375000000001e+00	1.0824222912881865e+00
1.8015625000000002e+00	1.0827976246390800e+00
1.8046875000000000e+00	1.0831668201550368e+00
1.8078125000000000e+00	1.0835298867666248e+00
1.8109375000000001e+00	1.0838868333439746e+00
1.8140625000000001e+00	1.0842376686933815e+00
1.8171875000000002e+00	1.0845824015539489e+00
1.8203125000000000e+00	1.0849210405942706e+00
1.8234375000000000e+00	1.0852535944091559e+00
1.8265625000000001e+00	1.0855800715163961e+00
1.8296875000000001e+00	1.0859004803535730e+00
1.8328125000000002e+00	1.0862148292749125e+00
1.8359375000000000e+00	1.0865231265481807e+00
1.8390625000000000e+00	1.0868253803516270e+00
1.8421875000000001e+00	1.0871215987709704e+00
1.8453125000000001e+00	1.0874117897964348e+00
1.8484375000000002e+00	1.0876959613198283e+00
1.8515625000000000e+00	1.0879741211316727e+00
1.8546875000000000e+00	1.0882462769183803e+00
1.8578125000000001e+00	1.0885124362594794e+00
1.8609375000000001e+00	1.0887726066248888e+00
1.8640625000000002e+00	1.0890267953722457e+00
1.8671875000000000e+00	1.0892750097442796e+00
1.8703125000000000e+00	1.0895172568662410e+00
1.8734375000000001e+00	1.0897535437433812e+00
1.8765625000000001e+00	1.0899838772584849e+00
1.8796875000000002e+00	1.0902082641694544e+00
1.8828125000000000e+00	1.0904267111069506e+00
1.8859375000000000e+00	1.0906392245720840e+00
1.8890625000000001e+00	1.0908458109341646e+00
1.8921875000000001e+00	1.0910464764285046e+00
1.8953125000000002e+00	1.0912412271542773e+00
1.8984375000000000e+00	1.0914300690724326e+00
1.9015625000000000e+00	1.0916130080036683e+00
1.9046875000000001e+00	1.0917900496264610e+00
1.9078125000000001e+00	1.0919611994751506e+00
1.9109375000000002e+00	1.0921264629380878e+00
1.9140625000000000e+00	1.0922858452558355e+00
1.9171875000000000e+00	1.0924393515194324e+00
1.9203125000000001e+00	1.0925869866687148e+00
1.9234375000000001e+00	1.0927287554906970e+00
1.9265625000000002e+00	1.0928646626180145e+00
1.9296875000000000e+00	1.0929947125274244e+00
1.9328125000000000e+00	1.0931189095383700e+00
1.9359375000000001e+00	1.0932372578116032e+00
1.9390625000000001e+00	1.0933497613478715e+00
1.9421875000000002e+00	1.0934564239866651e+00
1.9453125000000000e+00	1.0935572494050256e+00
1.9484375000000000e+00	1.0936522411164187e+00
1.9515625000000001e+00	1.0937414024696692e+00
1.9546875000000001e+00	1.0938247366479577e+00
1.9578125000000002e+00	1.0939022466678818e+00
1.9609375000000000e+00	1.0939739353785802e+00
1.9640625000000000e+00	1.0940398054609208e+00
1.9671875000000001e+00	1.0940998594267524e+00
1.9703125000000001e+00	1.0941540996182200e+00
1.9734375000000002e+00	1.0942025282071455e+00
1.9765625000000000e+00	1.0942451471944725e+00
1.9796875000000000e+00	1.0942819584097740e+00
1.9828125000000001e+00	1.0943129635108277e+00
1.9859375000000001e+00	1.0943381639832537e+00
1.9890625000000002e+00	1.0943575611402183e+00
1.9921875000000000e+00	1.0943711561222029e+00
1.9953125000000000e+00	1.0943789498968381e+00
1.9984375000000001e+00	1.0943809432588021e+00
2.0015624999999999e+00	1.0943771368297854e+00
2.0046875000000002e+00	1.0943663702328932e+00
2.0078125000000000e+00	1.0943498037238926e+00
2.0109375000000003e+00	1.0943274368003770e+00
2.0140625000000001e+00	1.0942992687869335e+00
2.0171874999999999e+00	1.0942652988352124e+00
2.0203125000000002e+00	1.0942255259240599e+00
2.0234375000000000e+00	1.0941799488597161e+00
2.0265625000000003e+00	1.0941285662760809e+00
2.0296875000000001e+00	1.0940713766350403e+00
2.0328124999999999e+00	1.0940083782268628e+00
2.0359375000000002e+00	1.0939395691706566e+00
2.0390625000000000e+00	1.0938649474148925e+00
2.0421875000000003e+00	1.0937845107379927e+00
2.0453125000000001e+00	1.0936982567489821e+00
2.0484374999999999e+00	1.0936061828882055e+00
2.0515625000000002e+00	1.0935082864281060e+00
2.0546875000000000e+00	1.0934045644740706e+00
2.0578125000000003e+00	1.0932950139653379e+00
2.0609375000000001e+00	1.0931796316759670e+00
2.0640624999999999e+00	1.0930584142158737e+00
2.0671875000000002e+00	1.0929313580319255e+00
2.0703125000000000e+00	1.0927984594091018e+00
2.0734375000000003e+00	1.0926597144717154e+00
2.0765625000000001e+00	1.0925151191846947e+00
2.0796874999999999e+00	1.0923646693549314e+00
2.0828125000000002e+00	1.0922083606326838e+00
2.0859375000000000e+00	1.0920461885130470e+00
2.0890625000000003e+00	1.0918781483374795e+00
2.0921875000000001e+00	1.0917042352953921e+00
2.0953124999999999e+00	1.0915244444257961e+00
2.0984375000000002e+00	1.0913387706190112e+00
2.1015625000000000e+00	1.0911472086184326e+00
2.1046875000000003e+00	1.0909497530223569e+00
2.1078125000000001e+00	1.0907463982858647e+00
2.1109374999999999e+00	1.0905371387227649e+00
2.1140625000000002e+00	1.0903219685075922e+00
2.1171875000000000e+00	1.0901008816776638e+00
2.1203125000000003e+00	1.0898738721351926e+00
2.1234375000000001e+00	1.0896409336494544e+00
2.1265624999999999e+00	1.0894020598590139e+00
2.1296875000000002e+00	1.0891572442740034e+00
2.1328125000000000e+00	1.0889064802784556e+00
2.1359375000000003e+00	1.0886497611326922e+00
2.1390625000000001e+00	1.0883870799757640e+00
2.1421874999999999e+00	1.0881184298279463e+00
2.1453125000000002e+00	1.0878438035932823e+00
2.1484375000000000e+00	1.0875631940621830e+00
2.1515625000000003e+00	1.0872765939140763e+00
2.1546875000000001e+00	1.0869839957201040e+00
2.1578124999999999e+00	1.0866853919458730e+00
2.1609375000000002e+00	1.0863807749542529e+00
2.1640625000000000e+00	1.0860701370082233e+00
2.1671875000000003e+00	1.0857534702737686e+00
2.1703125000000001e+00	1.0854307668228207e+00
2.1734374999999999e+00	1.0851020186362468e+00
2.1765625000000002e+00	1.0847672176068859e+00
2.1796875000000000e+00	1.0844263555426272e+00
2.1828125000000003e+00	1.0840794241695360e+00
2.1859375000000001e+00	1.0837264151350219e+00
2.1890624999999999e+00	1.0833673200110501e+00
2.1921875000000002e+00	1.0830021302973951e+00
2.1953125000000000e+00	1.0826308374249374e+00
2.1984375000000003e+00	1.0822534327589999e+00
2.2015625000000001e+00	1.0818699076027232e+00
2.2046874999999999e+00	1.0814802532004830e+00
2.2078125000000002e+00	1.0810844607413446e+00
2.2109375000000000e+00	1.0806825213625544e+00
2.2140625000000003e+00	1.0802744261530701e+00
2.2171875000000001e+00	1.0798601661571261e+00
2.2203124999999999e+00	1.0794397323778337e+00
2.2234375000000002e+00	1.0790131157808176e+00
2.2265625000000000e+00	1.0785803072978841e+00
2.2296875000000003e+00	1.0781412978307239e+00
2.2328125000000001e+00	1.0776960782546445e+00
2.2359374999999999e+00	1.0772446394223369e+00
2.2390625000000002e+00	1.0767869721676704e+00
2.2421875000000000e+00	1.0763230673095172e+00
2.2453125000000003e+00	1.0758529156556049e+00
2.2484375000000001e+00	1.0753765080063988e+00
2.2515624999999999e+00	1.0748938351590078e+00
2.2546875000000002e+00	1.0744048879111185e+00
2.2578125000000000e+00	1.0739096570649533e+00
2.2609375000000003e+00	1.0734081334312526e+00
2.2640625000000001e+00	1.0729003078332795e+00
2.2671874999999999e+00	1.0723861711108471e+00
2.2703125000000002e+00	1.0718657141243666e+00
2.2734375000000000e+00	1.0713389277589167e+00
2.2765625000000003e+00	1.0708058029283303e+00
2.2796875000000001e+00	1.0702663305793003e+00
2.2828124999999999e+00	1.0697205016955047e+00
2.2859375000000002e+00	1.0691683073017439e+00
2.2890625000000000e+00	1.0686097384680981e+00
2.2921875000000003e+00	1.0680447863140938e+00
2.2953125000000001e+00	1.0674734420128891e+00
2.2984374999999999e+00	1.0668956967954664e+00
2.3015625000000002e+00	1.0663115419548415e+00
2.3046875000000000e+00	1.0657209688502782e+00
2.3078125000000003e+00	1.0651239689115157e+00
2.3109375000000001e+00	1.0645205336430026e+00
2.3140624999999999e+00	1.0639106546281383e+00
2.3171875000000002e+00	1.0632943235335233e+00
2.3203125000000000e+00	1.0626715321132090e+00
2.3234375000000003e+00	1.0620422722129594e+00
2.3265625000000001e+00	1.0614065357745095e+00
2.3296874999999999e+00	1.0607643148398291e+00
2.3328125000000002e+00	1.0601156015553874e+00
2.3359375000000000e+00	1.0594603881764171e+00
2.3390625000000003e+00	1.0587986670711780e+00
2.3421875000000001e+00	1.0581304307252186e+00
2.3453124999999999e+00	1.0574556717456349e+00
2.3484375000000002e+00	1.0567743828653240e+00
2.3515625000000000e+00	1.0560865569472349e+00
2.3546875000000003e+00	1.0553921869886100e+00
2.3578125000000001e+00	1.0546912661252228e+00
2.3609374999999999e+00	1.0539837876356049e+00
2.3640625000000002e+00	1.0532697449452637e+00
2.3671875000000000e+00	1.0525491316308926e+00
2.3703125000000003e+00	1.0518219414245653e+00
2.3734375000000001e+00	1.0510881682179221e+00
2.3765624999999999e+00	1.0503478060663383e+00
2.3796875000000002e+00	1.0496008491930833e+00
2.3828125000000000e+00	1.0488472919934593e+00
2.3859375000000003e+00	1.0480871290389244e+00
2.3890625000000001e+00	1.0473203550812009e+00
2.3921874999999999e+00	1.0465469650563617e+00
2.3953125000000002e+00	1.0457669540888974e+00
2.3984375000000000e+00	1.0449803174957644e+00
2.4015625000000003e+00	1.0441870507904083e+00
2.4046875000000001e+00	1.0433871496867673e+00
2.4078125000000004e+00	1.0425806101032489e+00
2.4109375000000002e+00	1.0417674281666847e+00
2.4140625000000000e+00	1.0409476002162552e+00
2.4171875000000003e+00	1.0401211228073919e+00
2.4203125000000001e+00	1.0392879927156480e+00
2.4234375000000004e+00	1.0384482069405421e+00
2.4265625000000002e+00	1.0376017627093705e+00
2.4296875000000000e+00	1.0367486574809885e+00
2.4328125000000003e+00	1.0358888889495619e+00
2.4359375000000001e+00	1.0350224550482809e+00
2.4390625000000004e+00	1.0341493539530449e+00
2.4421875000000002e+00	1.0332695840861081e+00
2.4453125000000000e+00	1.0323831441196927e+00
2.4484375000000003e+00	1.0314900329795613e+00
2.4515625000000001e+00	1.0305902498485551e+00
2.4546875000000004e+00	1.0296837941700898e+00
2.4578125000000002e+00	1.0287706656516133e+00
2.4609375000000000e+00	1.0278508642680240e+00
2.4640625000000003e+00	1.0269243902650429e+00
2.4671875000000001e+00	1.0259912441625481e+00
2.4703125000000004e+00	1.0250514267578619e+00
2.4734375000000002e+00	1.0241049391289951e+00
2.4765625000000000e+00	1.0231517826378456e+00
2.4796875000000003e+00	1.0221919589333499e+00
2.4828125000000001e+00	1.0212254699545886e+00
2.4859375000000004e+00	1.0202523179338419e+00
2.4890625000000002e+00	1.0192725053995983e+00
2.4921875000000000e+00	1.0182860351795118e+00
2.4953125000000003e+00	1.0172929104033086e+00
2.4984375000000001e+00	1.0162931345056430e+00
2.5015625000000004e+00	1.0152867112288997e+00
2.5046875000000002e+00	1.0142736446259439e+00
2.5078125000000000e+00	1.0132539390628172e+00
2.5109375000000003e+00	1.0122275992213772e+00
2.5140625000000001e+00	1.0111946301018839e+00
2.5171875000000004e+00	1.0101550370255286e+00
2.5203125000000002e+00	1.0091088256369034e+00
2.5234375000000000e+00	1.0080560019064169e+00
2.5265625000000003e+00	1.0069965721326479e+00
2.5296875000000001e+00	1.0059305429446417e+00
2.5328125000000004e+00	1.0048579213041444e+00
2.5359375000000002e+00	1.0037787145077781e+00
2.5390625000000000e+00	1.0026929301891536e+00
2.5421875000000003e+00	1.0016005763209213e+00
2.5453125000000001e+00	1.0005016612167588e+00
2.5484375000000004e+00	9.9939619353329523e-01
2.5515625000000002e+00	9.9828418227197135e-01
2.5546875000000000e+00	9.9716563678083547e-01
2.5578125000000003e+00	9.9604056675627251e-01
2.5609375000000001e+00	9.9490898224466906e-01
2.5640625000000004e+00	9.9377089364400983e-01
2.5671875000000002e+00	9.9262631170540816e-01
2.5703125000000000e+00	9.9147524753456917e-01
2.5734375000000003e+00	9.9031771259318302e-01
2.5765625000000001e+00	9.8915371870025148e-01
2.5796875000000004e+00	9.8798327803334418e-01
2.5828125000000002e+00	9.8680640312978452e-01
2.5859375000000000e+00	9.8562310688776755e-01
2.5890625000000003e+00	9.8443340256740419e-01
2.5921875000000001e+00	9.8323730379169694e-01
2.5953125000000004e+00	9.8203482454744240e-01
2.5984375000000002e+00	9.8082597918606307e-01
2.6015625000000000e+00	9.7961078242436639e-01
2.6046875000000003e+00	9.7838924934523042e-01
2.6078125000000001e+00	9.7716139539821734e-01
2.6109375000000004e+00	9.7592723640011358e-01
2.6140625000000002e+00	9.7468678853539592e-01
2.6171875000000000e+00	9.7344006835662333e-01
2.6203125000000003e+00	9.7218709278475535e-01
2.6234375000000001e+00	9.7092787910939482e-01
2.6265625000000004e+00	9.6966244498895704e-01
2.6296875000000002e+00	9.6839080845076353e-01
2.6328125000000000e+00	9.6711298789105982e-01
2.6359375000000003e+00	9.6582900207495825e-01
2.6390625000000001e+00	9.6453887013630624e-01
2.6421875000000004e+00	9.6324261157747704e-01
2.6453125000000002e+00	9.6194024626908547e-01
2.6484375000000000e+00	9.6063179444962821e-01
2.6515625000000003e+00	9.5931727672504630e-01
2.6546875000000001e+00	9.5799671406821407e-01
2.6578125000000004e+00	9.5667012781834870e-01
2.6609375000000002e+00	9.5533753968034607e-01
2.6640625000000000e+00	9.5399897172403925e-01
2.6671875000000003e+00	9.5265444638338026e-01
2.6703125000000001e+00	9.5130398645554681e-01
2.6734375000000004e+00	9.4994761509997128e-01
2.6765625000000002e+00	9.4858535583729409e-01
2.6796875000000000e+00	9.4721723254824186e-01
2.6828125000000003e+00	9.4584326947242825e-01
2.6859375000000001e+00	9.4446349120707906e-01
2.6890625000000004e+00	9.4307792270568258e-01
2.6921875000000002e+00	9.4168658927656279e-01
2.6953125000000000e+00	9.4028951658137894e-01
2.6984375000000003e+00	9.3888673063354688e-01
2.7015625000000001e+00	9.3747825779658955e-01
2.7046875000000004e+00	9.3606412478240897e-01
2.7078125000000002e+00	9.3464435864948525e-01
2.7109375000000000e+00	9.3321898680100079e-01
2.7140625000000003e+00	9.3178803698289137e-01
2.7171875000000001e+00	9.3035153728182296e-01
2.7203125000000004e+00	9.2890951612309469e-01
2.7234375000000002e+00	9.2746200226846842e-01
2.7265625000000000e+00	9.2600902481392855e-01
2.7296875000000003e+00	9.2455061318736609e-01
2.7328125000000001e+00	9.2308679714619191e-01
2.7359375000000004e+00	9.2161760677488036e-01
2.7390625000000002e+00	9.2014307248243887e-01
2.7421875000000000e+00	9.1866322499981024e-01
2.7453125000000003e+00	9.1717809537720185e-01
2.7484375000000001e+00	9.1568771498134804e-01
2.7515625000000004e+00	9.1419211549270130e-01
2.7546875000000002e+00	9.1269132890255689e-01
2.7578125000000000e+00	9.1118538751010747e-01
2.7609375000000003e+00	9.0967432391943304e-01
2.7640625000000001e+00	9.0815817103642194e-01
2.7671875000000004e+00	9.0663696206562627e-01
2.7703125000000002e+00	9.0511073050705304e-01
2.7734375000000000e+00	9.0357951015288895e-01
2.7765625000000003e+00	9.0204333508416201e-01
2.7796875000000001e+00	9.0050223966733889e-01
2.7828125000000004e+00	8.9895625855086103e-01
2.7859375000000002e+00	8.9740542666161704e-01
2.7890625000000000e+00	8.9584977920135511e-01
2.7921875000000003e+00	8.9428935164303403e-01
2.7953125000000001e+00	8.9272417972711526e-01
2.7984375000000004e+00	8.9115429945779523e-01
2.8015625000000002e+00	8.8957974709918031e-01
2.8046875000000000e+00	8.8800055917140452e-01
2.8078125000000003e+00	8.8641677244668993e-01
2.8109375000000001e+00	8.8482842394535210e-01
2.8140625000000004e+00	8.8323555093175166e-01
2.8171875000000002e+00	8.8163819091018947e-01
2.8203125000000000e+00	8.8003638162075282e-01
2.8234375000000003e+00	8.7843016103510596e-01
2.8265625000000001e+00	8.7681956735223143e-01
2.8296875000000004e+00	8.7520463899412160e-01
2.8328125000000002e+00	8.7358541460142003e-01
2.8359375000000000e+00	8.7196193302901526e-01
2.8390625000000003e+00	8.7033423334158821e-01
2.8421875000000001e+00	8.6870235480911184e-01
2.8453125000000004e+00	8.6706633690230717e-01
2.8484375000000002e+00	8.6542621928805497e-01
2.8515625000000000e+00	8.6378204182476415e-01
2.8546875000000003e+00	8.6213384455769837e-01
2.8578125000000001e+00	8.6048166771426193e-01
2.8609375000000004e+00	8.5882555169924613e-01
2.8640625000000002e+00	8.5716553709003596e-01
2.8671875000000000e+00	8.5550166463178157e-01
2.8703125000000003e+00	8.5383397523253057e-01
2.8734375000000001e+00	8.5216250995832699e-01
2.8765625000000004e+00	8.5048731002827593e-01
2.8796875000000002e+00	8.4880841680957442e-01
2.8828125000000000e+00	8.4712587181251153e-01
2.8859375000000003e+00	8.4543971668543683e-01
2.8890625000000001e+00	8.4374999320970134e-01
2.8921875000000004e+00	8.4205674329456837e-01
2.8953125000000002e+00	8.4036000897209773e-01
2.8984375000000000e+00	8.3865983239200570e-01
2.9015625000000003e+00	8.3695625581649868e-01
2.9046875000000001e+00	8.3524932161508481e-01
2.9078125000000004e+00	8.3353907225936263e-01
2.9109375000000002e+00	8.3182555031778993e-01
2.9140625000000000e+00	8.3010879845043228e-01
2.9171875000000003e+00	8.2838885940369378e-01
2.9203125000000001e+00	8.2666577600503077e-01
2.9234375000000004e+00	8.2493959115764948e-01
2.9265625000000002e+00	8.2321034783519031e-01
2.9296875000000000e+00	8.2147808907639719e-01
2.9328125000000003e+00	8.1974285797977720e-01
2.9359375000000001e+00	8.1800469769824802e-01
2.9390625000000004e+00	8.1626365143377688e-01
2.9421875000000002e+00	8.1451976243201241e-01
2.9453125000000000e+00	8.1277307397690779e-01
2.9484375000000003e+00	8.1102362938534056e-01
2.9515625000000001e+00	8.0927147200172767e-01
2.9546875000000004e+00	8.0751664519263755e-01
2.9578125000000002e+00	8.0575919234140225e-01
2.9609375000000000e+00	8.0399915684272727e-01
2.9640625000000003e+00	8.0223658209730542e-01
2.9671875000000001e+00	8.0047151150643103e-01
2.9703125000000004e+00	7.9870398846661983e-01
2.9734375000000002e+00	7.9693405636423242e-01
2.9765625000000000e+00	7.9516175857010662e-01
2.9796875000000003e+00	7.9338713843419517e-01
2.9828125000000001e+00	7.9161023928021501e-01
2.9859375000000004e+00	7.8983110440030568e-01
2.9890625000000002e+00	7.8804977704970081e-01
2.9921875000000000e+00	7.8626630044141166e-01
2.9953125000000003e+00	7.8448071774092543e-01
2.9984375000000001e+00	7.8269307206092120e-01
3.0015625000000004e+00	7.8090340645600032e-01
3.0046875000000002e+00	7.7911094050835861e-01
3.0078125000000000e+00	7.7731655982298753e-01
3.0109375000000003e+00	7.7552030682671313e-01
3.0140625000000001e+00	7.7372222387592937e-01
3.0171875000000004e+00	7.7192235325128000e-01
3.0203125000000002e+00	7.7012073715236962e-01
3.0234375000000000e+00	7.6831741769250173e-01
3.0265625000000003e+00	7.6651243689344672e-01
3.0296875000000001e+00	7.6470583668024228e-01
3.0328125000000004e+00	7.6289765887602445e-01
3.0359375000000002e+00	7.6108794519689360e-01
3.0390625000000000e+00	7.5927673724681399e-01
3.0421875000000003e+00	7.5746407651255054e-01
3.0453125000000001e+00	7.5565000435864138e-01
3.0484375000000004e+00	7.5383456202241006e-01
3.0515625000000002e+00	7.5201779060901619e-01
3.0546875000000000e+00	7.5019973108654758e-01
3.0578125000000003e+00	7.4838042428115314e-01
3.0609375000000001e+00	7.4655991087222107e-01
3.0640625000000004e+00	7.4473823138759743e-01
3.0671875000000002e+00	7.4291542619885376e-01
3.0703125000000000e+00	7.4109153551659890e-01
3.0734375000000003e+00	7.3926659938583905e-01
3.0765625000000001e+00	7.3744065768138578e-01
3.0796875000000004e+00	7.3561375010331387e-01
3.0828125000000002e+00	7.3378591617247102e-01
3.0859375000000000e+00	7.3195719522603719e-01
3.0890625000000003e+00	7.3012762641313877e-01
3.0921875000000001e+00	7.2829724869051526e-01
3.0953125000000004e+00	7.2646610081824059e-01
3.0984375000000002e+00	7.2463422135550226e-01
3.1015625000000000e+00	7.2280164865643459e-01
3.1046875000000003e+00	7.2096842086601165e-01
3.1078125000000001e+00	7.1913457591599883e-01
3.1109375000000004e+00	7.1730015152096216e-01
3.1140625000000002e+00	7.1546518517434088e-01
3.1171875000000000e+00	7.1362971414457976e-01
3.1203125000000003e+00	7.1179377547132405e-01
3.1234375000000001e+00	7.0995740596167767e-01
3.1265625000000004e+00	7.0812064218652715e-01
3.1296875000000002e+00	7.0628352047692755e-01
3.1328125000000000e+00	7.0444607692055561e-01
3.1359375000000003e+00	7.0260834735823097e-01
3.1390625000000001e+00	7.0077036738050147e-01
3.1421875000000004e+00	6.9893217232429927e-01
3.1453125000000002e+00	6.9709379726966492e-01
3.1484375000000000e+00	6.9525527703654044e-01
3.1515625000000003e+00	6.9341664618163346e-01
3.1546875000000001e+00	6.9157793899535236e-01
3.1578125000000004e+00	6.8973918949881219e-01
3.1609375000000002e+00	6.8790043144091328e-01
3.1640625000000000e+00	6.8606169829549402e-01
3.1671875000000003e+00	6.8422302325855444e-01
3.1703125000000001e+00	6.8238443924555636e-01
3.1734375000000004e+00	6.8054597888879764e-01
3.1765625000000002e+00	6.7870767453486103e-01
3.1796875000000000e+00	6.7686955824213857e-01
3.1828125000000003e+00	6.7503166177843366e-01
3.1859375000000001e+00	6.7319401661863831e-01
3.1890625000000004e+00	6.7135665394248856e-01
3.1921875000000002e+00	6.6951960463239757e-01
3.1953125000000000e+00	6.6768289927136582e-01
3.1984375000000003e+00	6.6584656814097087e-01
3.2015625000000001e+00	6.6401064121943465e-01
3.2046875000000004e+00	6.6217514817977230e-01
3.2078125000000002e+00	6.6034011838801743e-01
3.2109375000000000e+00	6.5850558090152966e-01
3.2140625000000003e+00	6.5667156446738084e-01
3.2171875000000001e+00	6.5483809752082367e-01
3.2203125000000004e+00	6.5300520818383645e-01
3.2234375000000002e+00	6.5117292426375439e-01
3.2265625000000000e+00	6.4934127325197877e-01
3.2296875000000003e+00	6.4751028232276675e-01
3.2328125000000001e+00	6.4567997833210411e-01
3.2359375000000004e+00	6.4385038781665871e-01
3.2390625000000002e+00	6.4202153699281661e-01
3.2421875000000000e+00	6.4019345175579723e-01
3.2453125000000003e+00	6.3836615767885407e-01
3.2484375000000001e+00	6.3653968001255334e-01
3.2515625000000004e+00	6.3471404368413675e-01
3.2546875000000002e+00	6.3288927329696576e-01
3.2578125000000000e+00	6.3106539313004684e-01
3.2609375000000003e+00	6.2924242713763856e-01
3.2640625000000001e+00	6.2742039894894130e-01
3.2671875000000004e+00	6.2559933186786609e-01
3.2703125000000002e+00	6.2377924887288794e-01
3.2734375000000000e+00	6.2196017261697800e-01
3.2765625000000003e+00	6.2014212542761726e-01
3.2796875000000001e+00	6.1832512930689210e-01
3.2828125000000004e+00	6.1650920593166902e-01
3.2859375000000002e+00	6.1469437665385041e-01
3.2890625000000000e+00	6.1288066250071072e-01
3.2921875000000003e+00	6.1106808417531244e-01
3.2953125000000001e+00	6.0925666205700080e-01
3.2984375000000004e+00	6.0744641620197859e-01
3.3015625000000002e+00	6.0563736634395871e-01
3.3046875000000000e+00	6.0382953189489696e-01
3.3078125000000003e+00	6.0202293194580114e-01
3.3109375000000001e+00	6.0021758526761826e-01
3.3140625000000004e+00	5.9841351031219980e-01
3.3171875000000002e+00	5.9661072521334291e-01
3.3203125000000000e+00	5.9480924778790734e-01
3.3234375000000003e+00	5.9300909553700965e-01
3.3265625000000001e+00	5.9121028564729128e-01
3.3296875000000004e+00	5.8941283499226194e-01
3.3328125000000002e+00	5.8761676013371711e-01
3.3359375000000000e+00	5.8582207732322822e-01
3.3390625000000003e+00	5.8402880250370759e-01
3.3421875000000001e+00	5.8223695131104325e-01
3.3453125000000004e+00	5.8044653907580734e-01
3.3484375000000002e+00	5.7865758082503449e-01
3.3515625000000000e+00	5.7687009128407041e-01
3.3546875000000003e+00	5.7508408487849083e-01
3.3578125000000001e+00	5.7329957573608847e-01
3.3609375000000004e+00	5.7151657768892827e-01
3.3640625000000002e+00	5.6973510427546992e-01
3.3671875000000000e+00	5.6795516874275742e-01
3.3703125000000003e+00	5.6617678404867389e-01
3.3734375000000001e+00	5.6439996286426075e-01
3.3765625000000004e+00	5.6262471757610233e-01
3.3796875000000002e+00	5.6085106028877219e-01
3.3828125000000000e+00	5.5907900282734335e-01
3.3859375000000003e+00	5.5730855673995827e-01
3.3890625000000001e+00	5.5553973330046069e-01
3.3921875000000004e+00	5.5377254351108662e-01
3.3953125000000002e+00	5.5200699810521381e-01
3.3984375000000000e+00	5.5024310755016936e-01
3.4015625000000003e+00	5.4848088205009327e-01
3.4046875000000001e+00	5.4672033154885913e-01
3.4078125000000004e+00	5.4496146573304849e-01
3.4109375000000002e+00	5.4320429403497894e-01
3.4140625000000000e+00	5.4144882563578556e-01
3.4171875000000003e+00	5.3969506946855406e-01
3.4203125000000001e+00	5.3794303422150358e-01
3.4234375000000004e+00	5.3619272834122012e-01
3.4265625000000002e+00	5.3444416003593787e-01
3.4296875000000000e+00	5.3269733727886859e-01
3.4328125000000003e+00	5.3095226781157567e-01
3.4359375000000001e+00	5.2920895914739585e-01
3.4390625000000004e+00	5.2746741857490254e-01
3.4421875000000002e+00	5.2572765316141346e-01
3.4453125000000000e+00	5.2398966975653949e-01
3.4484375000000003e+00	5.2225347499577479e-01
3.4515625000000001e+00	5.2051907530412489e-01
3.4546875000000004e+00	5.1878647689977442e-01
3.4578125000000002e+00	5.1705568579779193e-01
3.4609375000000000e+00	5.1532670781386891e-01
3.4640625000000003e+00	5.1359954856809487e-01
3.4671875000000001e+00	5.1187421348876649e-01
3.4703125000000004e+00	5.1015070781622640e-01
3.4734375000000002e+00	5.0842903660673611e-01
3.4765625000000000e+00	5.0670920473637582e-01
3.4796875000000003e+00	5.0499121690497473e-01
3.4828125000000001e+00	5.0327507764006785e-01
3.4859375000000004e+00	5.0156079130087861e-01
3.4890625000000002e+00	4.9984836208232641e-01
3.4921875000000000e+00	4.9813779401905806e-01
3.4953125000000003e+00	4.9642909098950033e-01
3.4984375000000001e+00	4.9472225671993481e-01
3.5015625000000004e+00	4.9301729478859152e-01
3.5046875000000002e+00	4.9131420862976072e-01
3.5078125000000000e+00	4.8961300153792287e-01
3.5109375000000003e+00	4.8791367667189289e-01
3.5140625000000001e+00	4.8621623705898087e-01
3.5171875000000004e+00	4.8452068559916395e-01
3.5203125000000002e+00	4.8282702506927155e-01
3.5234375000000000e+00	4.8113525812718066e-01
3.5265625000000003e+00	4.7944538731602093e-01
3.5296875000000001e+00	4.7775741506838715e-01
3.5328125000000004e+00	4.7607134371055937e-01
3.5359375000000002e+00	4.7438717546672726e-01
3.5390625000000000e+00	4.7270491246322061e-01
3.5421875000000003e+00	4.7102455673274035e-01
3.5453125000000001e+00	4.6934611021859335e-01
3.5484375000000004e+00	4.6766957477892640e-01
3.5515625000000002e+00	4.6599495219095938e-01
3.5546875000000000e+00	4.6432224415521633e-01
3.5578125000000003e+00	4.6265145229975319e-01
3.5609375000000001e+00	4.6098257818438071e-01
3.5640625000000004e+00	4.5931562330488113e-01
3.5671875000000002e+00	4.5765058909721779e-01
3.5703125000000000e+00	4.5598747694173619e-01
3.5734375000000003e+00	4.5432628816735543e-01
3.5765625000000001e+00	4.5266702405574816e-01
3.5796875000000004e+00	4.5100968584550816e-01
3.5828125000000002e+00	4.4935427473630601e-01
3.5859375000000000e+00	4.4770079189302769e-01
3.5890625000000003e+00	4.4604923844989885e-01
3.5921875000000001e+00	4.4439961551459145e-01
3.5953125000000004e+00	4.4275192417231224e-01
3.5984375000000002e+00	4.4110616548987108e-01
3.6015625000000000e+00	4.3946234051972977e-01
3.6046875000000003e+00	4.3782045030402733e-01
3.6078125000000001e+00	4.3618049587858404e-01
3.6109375000000004e+00	4.3454247827687975e-01
3.6140625000000002e+00	4.3290639853400747e-01
3.6171875000000000e+00	4.3127225769060090e-01
3.6203125000000003e+00	4.2964005679673328e-01
3.6234375000000001e+00	4.2800979691578878e-01
3.6265625000000004e+00	4.2638147912830238e-01
3.6296875000000002e+00	4.2475510453577120e-01
3.6328125000000000e+00	4.2313067426443146e-01
3.6359375000000003e+00	4.2150818946900376e-01
3.6390625000000001e+00	4.1988765133640393e-01
3.6421875000000004e+00	4.1826906108941864e-01
3.6453125000000002e+00	4.1665241999034525e-01
3.6484375000000000e+00	4.1503772934459354e-01
3.6515625000000003e+00	4.1342499050425024e-01
3.6546875000000001e+00	4.1181420487160414e-01
3.6578125000000004e+00	4.1020537390263040e-01
3.6609375000000002e+00	4.0859849911043505e-01
3.6640625000000000e+00	4.0699358206865632e-01
3.6671875000000003e+00	4.0539062441482326e-01
3.6703125000000001e+00	4.0378962785367106e-01
3.6734375000000004e+00	4.0219059416041097e-01
3.6765625000000002e+00	4.0059352518395530e-01
3.6796875000000000e+00	3.9899842285009490e-01
3.6828125000000003e+00	3.9740528916463025e-01
3.6859375000000001e+00	3.9581412621645418e-01
3.6890625000000004e+00	3.9422493618058513e-01
3.6921875000000002e+00	3.9263772132115160e-01
3.6953125000000000e+00	3.9105248399432480e-01
3.6984375000000003e+00	3.8946922665120121e-01
3.7015625000000001e+00	3.8788795184063257e-01
3.7046875000000004e+00	3.8630866221200272e-01
3.7078125000000002e+00	3.8473136051795209e-01
3.7109375000000000e+00	3.8315604961704663e-01
3.7140625000000003e+00	3.8158273247639324e-01
3.7171875000000001e+00	3.8001141217419909e-01
3.7203125000000004e+00	3.7844209190227457e-01
3.7234375000000002e+00	3.7687477496848037e-01
3.7265625000000000e+00	3.7530946479911642e-01
3.7296875000000003e+00	3.7374616494125351e-01
3.7328125000000001e+00	3.7218487906500636e-01
3.7359375000000004e+00	3.7062561096574781e-01
3.7390625000000002e+00	3.6906836456626280e-01
3.7421875000000000e+00	3.6751314391884399e-01
3.7453125000000003e+00	3.6595995320732544e-01
3.7484375000000001e+00	3.6440879674905552e-01
3.7515625000000004e+00	3.6285967899680993e-01
3.7546875000000002e+00	3.6131260454064101e-01
3.7578125000000000e+00	3.5976757810966642e-01
3.7609375000000003e+00	3.5822460457379440e-01
3.7640625000000001e+00	3.5668368894538671e-01
3.7671875000000004e+00	3.5514483638085798e-01
3.7703125000000002e+00	3.5360805218221175e-01
3.7734375000000000e+00	3.5207334179851313e-01
3.7765625000000003e+00	3.5054071082729604e-01
3.7796875000000001e+00	3.4901016501590765e-01
3.7828125000000004e+00	3.4748171026278729e-01
3.7859375000000002e+00	3.4595535261868104e-01
3.7890625000000000e+00	3.4443109828779112e-01
3.7921875000000003e+00	3.4290895362885992e-01
3.7953125000000001e+00	3.4138892515618935e-01
3.7984375000000004e+00	3.3987101954059423e-01
3.8015625000000002e+00	3.3835524361029046e-01
3.8046875000000000e+00	3.3684160435171706e-01
3.8078125000000003e+00	3.3533010891029341e-01
3.8109375000000001e+00	3.3382076459110960e-01
3.8140625000000004e+00	3.3231357885955221e-01
3.8171875000000002e+00	3.3080855934186315e-01
3.8203125000000000e+00	3.2930571382563362e-01
3.8234375000000003e+00	3.2780505026023188e-01
3.8265625000000001e+00	3.2630657675716557e-01
3.8296875000000004e+00	3.2481030159037783e-01
3.8328125000000002e+00	3.2331623319647884e-01
3.8359375000000000e+00	3.2182438017491127e-01
3.8390625000000003e+00	3.2033475128805039e-01
3.8421875000000001e+00	3.1884735546123960e-01
3.8453125000000004e+00	3.1736220178276037e-01
3.8484375000000002e+00	3.1587929950373783e-01
3.8515625000000000e+00	3.1439865803798156e-01
3.8546875000000003e+00	3.1292028696176205e-01
3.8578125000000001e+00	3.1144419601352341e-01
3.8609375000000004e+00	3.0997039509353175e-01
3.8640625000000002e+00	3.0849889426345983e-01
3.8671875000000000e+00	3.0702970374590965e-01
3.8703125000000003e+00	3.0556283392387062e-01
3.8734375000000001e+00	3.0409829534011618e-01
3.8765625000000004e+00	3.0263609869653751e-01
3.8796875000000002e+00	3.0117625485341604e-01
3.8828125000000000e+00	2.9971877482863390e-01
3.8859375000000003e+00	2.9826366979682339e-01
3.8890625000000001e+00	2.9681095108845634e-01
3.8921875000000004e+00	2.9536063018887260e-01
3.8953125000000002e+00	2.9391271873724911e-01
3.8984375000000000e+00	2.9246722852550971e-01
3.9015625000000003e+00	2.9102417149717613e-01
3.9046875000000001e+00	2.8958355974616090e-01
3.9078125000000004e+00	2.8814540551550194e-01
3.9109375000000002e+00	2.8670972119604088e-01
3.9140625000000000e+00	2.8527651932504394e-01
3.9171875000000003e+00	2.8384581258476710e-01
3.9203125000000001e+00	2.8241761380096575e-01
3.9234375000000004e+00	2.8099193594134941e-01
3.9265625000000002e+00	2.7956879211398245e-01
3.9296875000000000e+00	2.7814819556563042e-01
3.9328125000000003e+00	2.7673015968005454e-01
3.9359375000000001e+00	2.7531469797625269e-01
3.9390625000000004e+00	2.7390182410664976e-01
3.9421875000000002e+00	2.7249155185523610e-01
3.9453125000000000e+00	2.7108389513565656e-01
3.9484375000000003e+00	2.6967886798924934e-01
3.9515625000000001e+00	2.6827648458303605e-01
3.9546875000000004e+00	2.6687675920766424e-01
3.9578125000000002e+00	2.6547970627530160e-01
3.9609375000000000e+00	2.6408534031748465e-01
3.9640625000000003e+00	2.6269367598292054e-01
3.9671875000000001e+00	2.6130472803524485e-01
3.9703125000000004e+00	2.5991851135073402e-01
3.9734375000000002e+00	2.5853504091597523e-01
3.9765625000000000e+00	2.5715433182549330e-01
3.9796875000000003e+00	2.5577639927933554e-01
3.9828125000000001e+00	2.5440125858061619e-01
3.9859375000000004e+00	2.5302892513301989e-01
3.9890625000000002e+00	2.5165941443826673e-01
3.9921875000000000e+00	2.5029274209353825e-01
3.9953125000000003e+00	2.4892892378886619e-01
3.9984375000000001e+00	2.4756797530448413e-01
