0.0000000000000000e+00	1.6794246104143051e-03	1.3267334621142229e-01	0.0000000000000000e+00
5.0000000000000001e-03	5.0360553500703557e-03	1.3261470439498671e-01	0.0000000000000000e+00
1.0000000000000000e-02	8.3897052209728137e-03	1.3249705659912114e-01	0.0000000000000000e+00
1.4999999999999999e-02	1.1740346792301846e-02	1.3237868046792650e-01	0.0000000000000000e+00
2.0000000000000000e-02	1.5087952681521155e-02	1.3225957598600385e-01	0.0000000000000000e+00
2.5000000000000001e-02	1.8432495554931046e-02	1.3213974314448187e-01	0.0000000000000000e+00
2.9999999999999999e-02	2.1773948128217074e-02	1.3201918194098222e-01	0.0000000000000000e+00
3.5000000000000003e-02	2.5112283166996176e-02	1.3189789237972357e-01	0.0000000000000000e+00
4.0000000000000001e-02	2.8447473487365382e-02	1.3177587447150382e-01	0.0000000000000000e+00
4.4999999999999998e-02	3.1779491956441717e-02	1.3165312823366698e-01	0.0000000000000000e+00
5.0000000000000003e-02	3.5108311492903950e-02	1.3152965369015349e-01	0.0000000000000000e+00
5.5000000000000000e-02	3.8433905067529660e-02	1.3140545087143962e-01	0.0000000000000000e+00
5.9999999999999998e-02	4.1756245703728469e-02	1.3128051981463423e-01	0.0000000000000000e+00
6.5000000000000002e-02	4.5075306478078586e-02	1.3115486056347772e-01	0.0000000000000000e+00
7.0000000000000007e-02	4.8391060520854436e-02	1.3102847316827279e-01	0.0000000000000000e+00
7.4999999999999997e-02	5.1703481016554149e-02	1.3090135768590191e-01	0.0000000000000000e+00
8.0000000000000002e-02	5.5012541204422456e-02	1.3077351417991415e-01	0.0000000000000000e+00
8.5000000000000006e-02	5.8318214378976919e-02	1.3064494272049010e-01	0.0000000000000000e+00
8.9999999999999997e-02	6.1620473890523379e-02	1.3051564338443367e-01	0.0000000000000000e+00
9.5000000000000001e-02	6.4919293145675988e-02	1.3038561625515493e-01	0.0000000000000000e+00
1.0000000000000001e-01	6.8214645607866012e-02	1.3025486142271236e-01	0.0000000000000000e+00
1.0500000000000000e-01	7.1506504797858167e-02	1.3012337898387460e-01	0.0000000000000000e+00
1.1000000000000000e-01	7.4794844294256674e-02	1.2999116904202482e-01	0.0000000000000000e+00
1.1500000000000000e-01	7.8079637734010818e-02	1.2985823170717825e-01	0.0000000000000000e+00
1.2000000000000000e-01	8.1360858812915909e-02	1.2972456709605121e-01	0.0000000000000000e+00
1.2500000000000000e-01	8.4638481286116354e-02	1.2959017533205233e-01	0.0000000000000000e+00
1.3000000000000000e-01	8.7912478968600119e-02	1.2945505654525705e-01	0.0000000000000000e+00
1.3500000000000001e-01	9.1182825735694376e-02	1.2931921087239839e-01	0.0000000000000000e+00
1.4000000000000001e-01	9.4449495523553362e-02	1.2918263845691119e-01	0.0000000000000000e+00
1.4499999999999999e-01	9.7712462329650113e-02	1.2904533944896546e-01	0.0000000000000000e+00
1.4999999999999999e-01	1.0097170021325977e-01	1.2890731400540570e-01	0.0000000000000000e+00
1.5500000000000000e-01	1.0422718329594192e-01	1.2876856228975481e-01	0.0000000000000000e+00
1.6000000000000000e-01	1.0747888576201790e-01	1.2862908447229457e-01	0.0000000000000000e+00
1.6500000000000001e-01	1.1072678185905080e-01	1.2848888073001699e-01	0.0000000000000000e+00
1.7000000000000001e-01	1.1397084589831384e-01	1.2834795124661816e-01	0.0000000000000000e+00
1.7500000000000002e-01	1.1721105225526376e-01	1.2820629621251697e-01	0.0000000000000000e+00
1.7999999999999999e-01	1.2044737537000362e-01	1.2806391582489732e-01	0.0000000000000000e+00
1.8500000000000000e-01	1.2367978974775176e-01	1.2792081028767083e-01	0.0000000000000000e+00
1.9000000000000000e-01	1.2690826995929622e-01	1.2777697981146552e-01	0.0000000000000000e+00
1.9500000000000001e-01	1.3013279064145658e-01	1.2763242461368135e-01	0.0000000000000000e+00
2.0000000000000001e-01	1.3335332649753442e-01	1.2748714491845528e-01	0.0000000000000000e+00
2.0500000000000002e-01	1.3656985229776691e-01	1.2734114095670959e-01	0.0000000000000000e+00
2.0999999999999999e-01	1.3978234287977284e-01	1.2719441296610445e-01	0.0000000000000000e+00
2.1500000000000000e-01	1.4299077314899708e-01	1.2704696119104575e-01	0.0000000000000000e+00
2.2000000000000000e-01	1.4619511807915039e-01	1.2689878588272421e-01	0.0000000000000000e+00
2.2500000000000001e-01	1.4939535271264892e-01	1.2674988729913833e-01	0.0000000000000000e+00
2.3000000000000001e-01	1.5259145216104827e-01	1.2660026570504831e-01	0.0000000000000000e+00
2.3500000000000001e-01	1.5578339160547389e-01	1.2644992137193226e-01	0.0000000000000000e+00
2.3999999999999999e-01	1.5897114629704595e-01	1.2629885457811874e-01	0.0000000000000000e+00
2.4500000000000000e-01	1.6215469155730944e-01	1.2614706560873928e-01	0.0000000000000000e+00
2.5000000000000000e-01	1.6533400277864968e-01	1.2599455475566240e-01	0.0000000000000000e+00
2.5500000000000000e-01	1.6850905542471209e-01	1.2584132231758091e-01	0.0000000000000000e+00
2.6000000000000001e-01	1.7167982503081500e-01	1.2568736859998986e-01	0.0000000000000000e+00
2.6500000000000001e-01	1.7484628720436121e-01	1.2553269391519267e-01	0.0000000000000000e+00
2.7000000000000002e-01	1.7800841762524397e-01	1.2537729858228031e-01	0.0000000000000000e+00
2.7500000000000002e-01	1.8116619204625031e-01	1.2522118292715645e-01	0.0000000000000000e+00
2.8000000000000003e-01	1.8431958629346126e-01	1.2506434728254895e-01	0.0000000000000000e+00
2.8500000000000003e-01	1.8746857626664823e-01	1.2490679198800675e-01	0.0000000000000000e+00
2.8999999999999998e-01	1.9061313793966597e-01	1.2474851738989419e-01	0.0000000000000000e+00
2.9499999999999998e-01	1.9375324736084154e-01	1.2458952384136307e-01	0.0000000000000000e+00
2.9999999999999999e-01	1.9688888065335819e-01	1.2442981170243290e-01	0.0000000000000000e+00
3.0499999999999999e-01	2.0002001401564121e-01	1.2426938133994567e-01	0.0000000000000000e+00
3.1000000000000000e-01	2.0314662372173223e-01	1.2410823312756275e-01	0.0000000000000000e+00
3.1500000000000000e-01	2.0626868612166735e-01	1.2394636744577853e-01	0.0000000000000000e+00
3.2000000000000001e-01	2.0938617764184472e-01	1.2378378468189684e-01	0.0000000000000000e+00
3.2500000000000001e-01	2.1249907478539404e-01	1.2362048523011923e-01	0.0000000000000000e+00
3.3000000000000002e-01	2.1560735413254106e-01	1.2345646949145840e-01	0.0000000000000000e+00
3.3500000000000002e-01	2.1871099234096517e-01	1.2329173787372877e-01	0.0000000000000000e+00
3.4000000000000002e-01	2.2180996614615592e-01	1.2312629079164415e-01	0.0000000000000000e+00
3.4500000000000003e-01	2.2490425236176798e-01	1.2296012866675692e-01	0.0000000000000000e+00
3.5000000000000003e-01	2.2799382787996680e-01	1.2279325192745184e-01	0.0000000000000000e+00
3.5499999999999998e-01	2.3107866967177584e-01	1.2262566100894627e-01	0.0000000000000000e+00
3.5999999999999999e-01	2.3415875478741449e-01	1.2245735635332121e-01	0.0000000000000000e+00
3.6499999999999999e-01	2.3723406035663908e-01	1.2228833840955219e-01	0.0000000000000000e+00
3.7000000000000000e-01	2.4030456358907484e-01	1.2211860763343843e-01	0.0000000000000000e+00
3.7500000000000000e-01	2.4337024177454539e-01	1.2194816448761432e-01	0.0000000000000000e+00
3.8000000000000000e-01	2.4643107228339770e-01	1.2177700944157645e-01	0.0000000000000000e+00
3.8500000000000001e-01	2.4948703256682506e-01	1.2160514297171303e-01	0.0000000000000000e+00
3.9000000000000001e-01	2.5253810015718570e-01	1.2143256556126948e-01	0.0000000000000000e+00
3.9500000000000002e-01	2.5558425266831630e-01	1.2125927770031054e-01	0.0000000000000000e+00
4.0000000000000002e-01	2.5862546779584072e-01	1.2108527988578772e-01	0.0000000000000000e+00
4.0500000000000003e-01	2.6166172331747906e-01	1.2091057262152945e-01	0.0000000000000000e+00
4.1000000000000003e-01	2.6469299709334809e-01	1.2073515641822516e-01	0.0000000000000000e+00
4.1500000000000004e-01	2.6771926706626142e-01	1.2055903179341101e-01	0.0000000000000000e+00
4.1999999999999998e-01	2.7074051126202148e-01	1.2038219927146332e-01	0.0000000000000000e+00
4.2499999999999999e-01	2.7375670778971134e-01	1.2020465938370060e-01	0.0000000000000000e+00
4.2999999999999999e-01	2.7676783484198370e-01	1.2002641266826400e-01	0.0000000000000000e+00
4.3500000000000000e-01	2.7977387069533888e-01	1.1984745967012267e-01	0.0000000000000000e+00
4.4000000000000000e-01	2.8277479371040593e-01	1.1966780094117711e-01	0.0000000000000000e+00
4.4500000000000001e-01	2.8577058233221792e-01	1.1948743704016891e-01	0.0000000000000000e+00
4.5000000000000001e-01	2.8876121509048036e-01	1.1930636853270521e-01	0.0000000000000000e+00
4.5500000000000002e-01	2.9174667059983966e-01	1.1912459599125733e-01	0.0000000000000000e+00
4.6000000000000002e-01	2.9472692756014357e-01	1.1894211999517083e-01	0.0000000000000000e+00
4.6500000000000002e-01	2.9770196475670174e-01	1.1875894113065441e-01	0.0000000000000000e+00
4.7000000000000003e-01	3.0067176106053761e-01	1.1857505999078551e-01	0.0000000000000000e+00
4.7500000000000003e-01	3.0363629542864146e-01	1.1839047717550143e-01	0.0000000000000000e+00
4.7999999999999998e-01	3.0659554690421315e-01	1.1820519329159389e-01	0.0000000000000000e+00
4.8499999999999999e-01	3.0954949461690701e-01	1.1801920895276503e-01	0.0000000000000000e+00
4.8999999999999999e-01	3.1249811778306941e-01	1.1783252477954829e-01	0.0000000000000000e+00
4.9500000000000000e-01	3.1544139570597113e-01	1.1764514139932507e-01	0.0000000000000000e+00
5.0000000000000000e-01	3.1837930777603779e-01	1.1745705944635408e-01	0.0000000000000000e+00
5.0500000000000000e-01	3.2131183347107545e-01	1.1726827956178368e-01	0.0000000000000000e+00
5.1000000000000001e-01	3.2423895235649353e-01	1.1707880239359353e-01	0.0000000000000000e+00
5.1500000000000001e-01	3.2716064408551904e-01	1.1688862859660901e-01	0.0000000000000000e+00
5.2000000000000002e-01	3.3007688839941196e-01	1.1669775883255701e-01	0.0000000000000000e+00
5.2500000000000002e-01	3.3298766512767441e-01	1.1650619376998049e-01	0.0000000000000000e+00
5.3000000000000003e-01	3.3589295418825321e-01	1.1631393408430539e-01	0.0000000000000000e+00
5.3500000000000003e-01	3.3879273558774398e-01	1.1612098045780321e-01	0.0000000000000000e+00
5.4000000000000004e-01	3.4168698942158371e-01	1.1592733357958128e-01	0.0000000000000000e+00
5.4500000000000004e-01	3.4457569587424636e-01	1.1573299414563749e-01	0.0000000000000000e+00
5.5000000000000004e-01	3.4745883521942950e-01	1.1553796285877493e-01	0.0000000000000000e+00
5.5500000000000005e-01	3.5033638782023729e-01	1.1534224042867396e-01	0.0000000000000000e+00
5.6000000000000005e-01	3.5320833412936276e-01	1.1514582757184426e-01	0.0000000000000000e+00
5.6500000000000006e-01	3.5607465468925992e-01	1.1494872501163450e-01	0.0000000000000000e+00
5.7000000000000006e-01	3.5893533013231810e-01	1.1475093347826208e-01	0.0000000000000000e+00
5.7500000000000007e-01	3.6179034118102738e-01	1.1455245370876915e-01	0.0000000000000000e+00
5.7999999999999996e-01	3.6463966864814235e-01	1.1435328644699971e-01	0.0000000000000000e+00
5.8499999999999996e-01	3.6748329343683811e-01	1.1415343244367510e-01	0.0000000000000000e+00
5.8999999999999997e-01	3.7032119654086931e-01	1.1395289245636239e-01	0.0000000000000000e+00
5.9499999999999997e-01	3.7315335904471642e-01	1.1375166724940845e-01	0.0000000000000000e+00
5.9999999999999998e-01	3.7597976212373313e-01	1.1354975759399261e-01	0.0000000000000000e+00
6.0499999999999998e-01	3.7880038704428665e-01	1.1334716426813658e-01	0.0000000000000000e+00
6.0999999999999999e-01	3.8161521516389779e-01	1.1314388805669562e-01	0.0000000000000000e+00
6.1499999999999999e-01	3.8442422793137199e-01	1.1293992975133003e-01	0.0000000000000000e+00
6.2000000000000000e-01	3.8722740688692964e-01	1.1273529015048223e-01	0.0000000000000000e+00
6.2500000000000000e-01	3.9002473366232798e-01	1.1252997005943682e-01	0.0000000000000000e+00
6.3000000000000000e-01	3.9281618998098605e-01	1.1232397029030884e-01	0.0000000000000000e+00
6.3500000000000001e-01	3.9560175765809724e-01	1.1211729166196673e-01	0.0000000000000000e+00
6.4000000000000001e-01	3.9838141860074233e-01	1.1190993500010267e-01	0.0000000000000000e+00
6.4500000000000002e-01	4.0115515480799746e-01	1.1170190113721169e-01	0.0000000000000000e+00
6.5000000000000002e-01	4.0392294837103737e-01	1.1149319091257853e-01	0.0000000000000000e+00
6.5500000000000003e-01	4.0668478147323467e-01	1.1128380517226989e-01	0.0000000000000000e+00
6.6000000000000003e-01	4.0944063639025419e-01	1.1107374476915102e-01	0.0000000000000000e+00
6.6500000000000004e-01	4.1219049549014491e-01	1.1086301056285486e-01	0.0000000000000000e+00
6.7000000000000004e-01	4.1493434123342454e-01	1.1065160341982053e-01	0.0000000000000000e+00
6.7500000000000004e-01	4.1767215617316467e-01	1.1043952421322747e-01	0.0000000000000000e+00
6.8000000000000005e-01	4.2040392295506429e-01	1.1022677382300748e-01	0.0000000000000000e+00
6.8500000000000005e-01	4.2312962431752682e-01	1.1001335313593151e-01	0.0000000000000000e+00
6.9000000000000006e-01	4.2584924309172989e-01	1.0979926304548221e-01	0.0000000000000000e+00
6.9500000000000006e-01	4.2856276220168776e-01	1.0958450445188263e-01	0.0000000000000000e+00
7.0000000000000007e-01	4.3127016466431417e-01	1.0936907826213452e-01	0.0000000000000000e+00
7.0499999999999996e-01	4.3397143358947848e-01	1.0915298538998101e-01	0.0000000000000000e+00
7.0999999999999996e-01	4.3666655218005834e-01	1.0893622675590235e-01	0.0000000000000000e+00
7.1499999999999997e-01	4.3935550373198734e-01	1.0871880328713440e-01	0.0000000000000000e+00
7.1999999999999997e-01	4.4203827163430059e-01	1.0850071591762050e-01	0.0000000000000000e+00
7.2499999999999998e-01	4.4471483936917172e-01	1.0828196558802559e-01	0.0000000000000000e+00
7.2999999999999998e-01	4.4738519051195058e-01	1.0806255324577146e-01	0.0000000000000000e+00
7.3499999999999999e-01	4.5004930873119420e-01	1.0784247984497192e-01	0.0000000000000000e+00
7.3999999999999999e-01	4.5270717778869318e-01	1.0762174634644821e-01	0.0000000000000000e+00
7.4500000000000000e-01	4.5535878153949488e-01	1.0740035371774762e-01	0.0000000000000000e+00
7.5000000000000000e-01	4.5800410393192270e-01	1.0717830293309413e-01	0.0000000000000000e+00
7.5500000000000000e-01	4.6064312900758880e-01	1.0695559497341588e-01	0.0000000000000000e+00
7.6000000000000001e-01	4.6327584090140661e-01	1.0673223082634292e-01	0.0000000000000000e+00
7.6500000000000001e-01	4.6590222384159535e-01	1.0650821148616225e-01	0.0000000000000000e+00
7.7000000000000002e-01	4.6852226214968190e-01	1.0628353795385839e-01	0.0000000000000000e+00
7.7500000000000002e-01	4.7113594024049976e-01	1.0605821123707286e-01	0.0000000000000000e+00
7.8000000000000003e-01	4.7374324262218054e-01	1.0583223235011065e-01	0.0000000000000000e+00
7.8500000000000003e-01	4.7634415389614521e-01	1.0560560231396446e-01	0.0000000000000000e+00
7.9000000000000004e-01	4.7893865875708896e-01	1.0537832215625652e-01	0.0000000000000000e+00
7.9500000000000004e-01	4.8152674199296142e-01	1.0515039291123195e-01	0.0000000000000000e+00
8.0000000000000004e-01	4.8410838848494314e-01	1.0492181561980383e-01	0.0000000000000000e+00
8.0500000000000005e-01	4.8668358320742028e-01	1.0469259132951259e-01	0.0000000000000000e+00
8.1000000000000005e-01	4.8925231122795099e-01	1.0446272109454457e-01	0.0000000000000000e+00
8.1500000000000006e-01	4.9181455770723315e-01	1.0423220597566965e-01	0.0000000000000000e+00
8.2000000000000006e-01	4.9437030789905984e-01	1.0400104704026851e-01	0.0000000000000000e+00
8.2500000000000007e-01	4.9691954715028042e-01	1.0376924536235356e-01	0.0000000000000000e+00
8.3000000000000007e-01	4.9946226090074919e-01	1.0353680202253605e-01	0.0000000000000000e+00
8.3499999999999996e-01	5.0199843468327709e-01	1.0330371810800623e-01	0.0000000000000000e+00
8.3999999999999997e-01	5.0452805412357160e-01	1.0306999471250933e-01	0.0000000000000000e+00
8.4499999999999997e-01	5.0705110494017958e-01	1.0283563293640144e-01	0.0000000000000000e+00
8.4999999999999998e-01	5.0956757294442157e-01	1.0260063388662975e-01	0.0000000000000000e+00
8.5499999999999998e-01	5.1207744404032662e-01	1.0236499867665362e-01	0.0000000000000000e+00
8.5999999999999999e-01	5.1458070422455493e-01	1.0212872842649280e-01	0.0000000000000000e+00
8.6499999999999999e-01	5.1707733958632673e-01	1.0189182426274720e-01	0.0000000000000000e+00
8.7000000000000000e-01	5.1956733630733909e-01	1.0165428731851570e-01	0.0000000000000000e+00
8.7500000000000000e-01	5.2205068066168270e-01	1.0141611873345102e-01	0.0000000000000000e+00
8.8000000000000000e-01	5.2452735901575376e-01	1.0117731965372681e-01	0.0000000000000000e+00
8.8500000000000001e-01	5.2699735782816137e-01	1.0093789123200685e-01	0.0000000000000000e+00
8.9000000000000001e-01	5.2946066364963129e-01	1.0069783462750004e-01	0.0000000000000000e+00
8.9500000000000002e-01	5.3191726312290755e-01	1.0045715100587249e-01	0.0000000000000000e+00
9.0000000000000002e-01	5.3436714298264454e-01	1.0021584153929160e-01	0.0000000000000000e+00
9.0500000000000003e-01	5.3681029005530401e-01	9.9973907406421425e-02	0.0000000000000000e+00
9.1000000000000003e-01	5.3924669125903879e-01	9.9731349792383392e-02	0.0000000000000000e+00
9.1500000000000004e-01	5.4167633360358058e-01	9.9488169888784658e-02	0.0000000000000000e+00
9.2000000000000004e-01	5.4409920419011804e-01	9.9244368893623910e-02	0.0000000000000000e+00
9.2500000000000004e-01	5.4651529021117240e-01	9.8999948011400982e-02	0.0000000000000000e+00
9.3000000000000005e-01	5.4892457895047364e-01	9.8754908453064186e-02	0.0000000000000000e+00
9.3500000000000005e-01	5.5132705778282642e-01	9.8509251435944578e-02	0.0000000000000000e+00
9.4000000000000006e-01	5.5372271417397534e-01	9.8262978183801905e-02	0.0000000000000000e+00
9.4500000000000006e-01	5.5611153568046656e-01	9.8016089926822550e-02	0.0000000000000000e+00
9.5000000000000007e-01	5.5849350994950553e-01	9.7768587901590889e-02	0.0000000000000000e+00
9.5500000000000007e-01	5.6086862471881005e-01	9.7520473351052073e-02	0.0000000000000000e+00
9.5999999999999996e-01	5.6323686781645876e-01	9.7271747524573432e-02	0.0000000000000000e+00
9.6499999999999997e-01	5.6559822716074093e-01	9.7022411677858883e-02	0.0000000000000000e+00
9.6999999999999997e-01	5.6795269075999333e-01	9.6772467072981871e-02	0.0000000000000000e+00
9.7499999999999998e-01	5.7030024671244417e-01	9.6521914978400750e-02	0.0000000000000000e+00
9.7999999999999998e-01	5.7264088320604478e-01	9.6270756668857774e-02	0.0000000000000000e+00
9.8499999999999999e-01	5.7497458851830119e-01	9.6018993425466936e-02	0.0000000000000000e+00
9.8999999999999999e-01	5.7730135101610280e-01	9.5766626535661287e-02	0.0000000000000000e+00
9.9500000000000000e-01	5.7962115915554535e-01	9.5513657293157847e-02	0.0000000000000000e+00
1.0000000000000000e+00	5.8193400148175090e-01	9.5260086997992655e-02	0.0000000000000000e+00
1.0050000000000001e+00	5.8423986662868521e-01	9.5005916956514253e-02	0.0000000000000000e+00
1.0100000000000000e+00	5.8653874331897138e-01	9.4751148481319991e-02	0.0000000000000000e+00
1.0150000000000001e+00	5.8883062036369749e-01	9.4495782891278052e-02	0.0000000000000000e+00
1.0200000000000000e+00	5.9111548666222391e-01	9.4239821511538341e-02	0.0000000000000000e+00
1.0249999999999999e+00	5.9339333120198545e-01	9.3983265673466709e-02	0.0000000000000000e+00
1.0300000000000000e+00	5.9566414305828941e-01	9.3726116714706376e-02	0.0000000000000000e+00
1.0349999999999999e+00	5.9792791139411328e-01	9.3468375979087942e-02	0.0000000000000000e+00
1.0400000000000000e+00	6.0018462545989226e-01	9.3210044816673360e-02	0.0000000000000000e+00
1.0449999999999999e+00	6.0243427459331322e-01	9.2951124583749226e-02	0.0000000000000000e+00
1.0500000000000000e+00	6.0467684821909484e-01	9.2691616642761057e-02	0.0000000000000000e+00
1.0549999999999999e+00	6.0691233584877247e-01	9.2431522362343976e-02	0.0000000000000000e+00
1.0600000000000001e+00	6.0914072708047362e-01	9.2170843117327067e-02	0.0000000000000000e+00
1.0649999999999999e+00	6.1136201159869619e-01	9.1909580288693948e-02	0.0000000000000000e+00
1.0700000000000001e+00	6.1357617917407636e-01	9.1647735263523475e-02	0.0000000000000000e+00
1.0750000000000000e+00	6.1578321966315797e-01	9.1385309435106060e-02	0.0000000000000000e+00
1.0800000000000001e+00	6.1798312300815939e-01	9.1122304202816348e-02	0.0000000000000000e+00
1.0850000000000000e+00	6.2017587923673101e-01	9.0858720972137499e-02	0.0000000000000000e+00
1.0900000000000001e+00	6.2236147846171774e-01	9.0594561154667588e-02	0.0000000000000000e+00
1.0950000000000000e+00	6.2453991088090988e-01	9.0329826168075875e-02	0.0000000000000000e+00
1.1000000000000001e+00	6.2671116677679839e-01	9.0064517436148767e-02	0.0000000000000000e+00
1.1050000000000000e+00	6.2887523651632204e-01	8.9798636388686764e-02	0.0000000000000000e+00
1.1100000000000001e+00	6.3103211055061170e-01	8.9532184461561526e-02	0.0000000000000000e+00
1.1150000000000000e+00	6.3318177941473441e-01	8.9265163096687236e-02	0.0000000000000000e+00
1.1200000000000001e+00	6.3532423372743085e-01	8.8997573742014127e-02	0.0000000000000000e+00
1.1250000000000000e+00	6.3745946419085353e-01	8.8729417851504344e-02	0.0000000000000000e+00
1.1300000000000001e+00	6.3958746159029722e-01	8.8460696885085788e-02	0.0000000000000000e+00
1.1350000000000000e+00	6.4170821679392975e-01	8.8191412308722406e-02	0.0000000000000000e+00
1.1400000000000001e+00	6.4382172075251953e-01	8.7921565594348286e-02	0.0000000000000000e+00
1.1450000000000000e+00	6.4592796449915868e-01	8.7651158219823916e-02	0.0000000000000000e+00
1.1500000000000001e+00	6.4802693914898302e-01	8.7380191668990845e-02	0.0000000000000000e+00
1.1550000000000000e+00	6.5011863589889152e-01	8.7108667431645526e-02	0.0000000000000000e+00
1.1599999999999999e+00	6.5220304602726065e-01	8.6836587003466803e-02	0.0000000000000000e+00
1.1650000000000000e+00	6.5428016089365515e-01	8.6563951886070828e-02	0.0000000000000000e+00
1.1699999999999999e+00	6.5634997193853928e-01	8.6290763586960528e-02	0.0000000000000000e+00
1.1750000000000000e+00	6.5841247068298037e-01	8.6017023619521307e-02	0.0000000000000000e+00
1.1799999999999999e+00	6.6046764872835495e-01	8.5742733503034102e-02	0.0000000000000000e+00
1.1850000000000001e+00	6.6251549775604757e-01	8.5467894762611865e-02	0.0000000000000000e+00
1.1899999999999999e+00	6.6455600952714944e-01	8.5192508929203867e-02	0.0000000000000000e+00
1.1950000000000001e+00	6.6658917588215183e-01	8.4916577539611099e-02	0.0000000000000000e+00
1.2000000000000000e+00	6.6861498874064129e-01	8.4640102136451165e-02	0.0000000000000000e+00
1.2050000000000001e+00	6.7063344010098647e-01	8.4363084268127525e-02	0.0000000000000000e+00
1.2100000000000000e+00	6.7264452204002667e-01	8.4085525488840518e-02	0.0000000000000000e+00
1.2150000000000001e+00	6.7464822671275526e-01	8.3807427358563211e-02	0.0000000000000000e+00
1.2200000000000000e+00	6.7664454635200166e-01	8.3528791443017225e-02	0.0000000000000000e+00
1.2250000000000001e+00	6.7863347326810985e-01	8.3249619313690362e-02	0.0000000000000000e+00
1.2300000000000000e+00	6.8061499984861640e-01	8.2969912547790459e-02	0.0000000000000000e+00
1.2350000000000001e+00	6.8258911855792181e-01	8.2689672728243208e-02	0.0000000000000000e+00
1.2400000000000000e+00	6.8455582193696496e-01	8.2408901443683430e-02	0.0000000000000000e+00
1.2450000000000001e+00	6.8651510260288917e-01	8.2127600288406738e-02	0.0000000000000000e+00
1.2500000000000000e+00	6.8846695324871032e-01	8.1845770862404674e-02	0.0000000000000000e+00
1.2550000000000001e+00	6.9041136664298020e-01	8.1563414771325241e-02	0.0000000000000000e+00
1.2600000000000000e+00	6.9234833562944875e-01	8.1280533626461871e-02	0.0000000000000000e+00
1.2650000000000001e+00	6.9427785312672285e-01	8.0997129044722740e-02	0.0000000000000000e+00
1.2700000000000000e+00	6.9619991212792298e-01	8.0713202648641777e-02	0.0000000000000000e+00
1.2750000000000001e+00	6.9811450570033884e-01	8.0428756066341270e-02	0.0000000000000000e+00
1.2800000000000000e+00	7.0002162698507964e-01	8.0143790931531969e-02	0.0000000000000000e+00
1.2849999999999999e+00	7.0192126919672693e-01	7.9858308883488910e-02	0.0000000000000000e+00
1.2900000000000000e+00	7.0381342562297955e-01	7.9572311567033788e-02	0.0000000000000000e+00
1.2949999999999999e+00	7.0569808962430125e-01	7.9285800632550474e-02	0.0000000000000000e+00
1.3000000000000000e+00	7.0757525463356385e-01	7.8998777735899278e-02	0.0000000000000000e+00
1.3049999999999999e+00	7.0944491415568656e-01	7.8711244538474098e-02	0.0000000000000000e+00
1.3100000000000001e+00	7.1130706176727831e-01	7.8423202707173914e-02	0.0000000000000000e+00
1.3149999999999999e+00	7.1316169111627292e-01	7.8134653914341240e-02	0.0000000000000000e+00
1.3200000000000001e+00	7.1500879592156408e-01	7.7845599837775392e-02	0.0000000000000000e+00
1.3250000000000000e+00	7.1684836997263868e-01	7.7556042160750016e-02	0.0000000000000000e+00
1.3300000000000001e+00	7.1868040712920933e-01	7.7265982571929681e-02	0.0000000000000000e+00
1.3350000000000000e+00	7.2050490132084022e-01	7.6975422765398441e-02	0.0000000000000000e+00
1.3400000000000001e+00	7.2232184654657761e-01	7.6684364440666397e-02	0.0000000000000000e+00
1.3450000000000000e+00	7.2413123687457370e-01	7.6392809302562176e-02	0.0000000000000000e+00
1.3500000000000001e+00	7.2593306644170885e-01	7.6100759061298776e-02	0.0000000000000000e+00
1.3550000000000000e+00	7.2772732945321483e-01	7.5808215432469198e-02	0.0000000000000000e+00
1.3600000000000001e+00	7.2951402018229516e-01	7.5515180136965163e-02	0.0000000000000000e+00
1.3650000000000000e+00	7.3129313296974086e-01	7.5221654900957502e-02	0.0000000000000000e+00
1.3700000000000001e+00	7.3306466222354760e-01	7.4927641455950947e-02	0.0000000000000000e+00
1.3750000000000000e+00	7.3482860241853110e-01	7.4633141538751141e-02	0.0000000000000000e+00
1.3800000000000001e+00	7.3658494809594033e-01	7.4338156891366067e-02	0.0000000000000000e+00
1.3850000000000000e+00	7.3833369386306580e-01	7.4042689261078293e-02	0.0000000000000000e+00
1.3900000000000001e+00	7.4007483439285315e-01	7.3746740400414387e-02	0.0000000000000000e+00
1.3950000000000000e+00	7.4180836442350828e-01	7.3450312067057044e-02	0.0000000000000000e+00
1.4000000000000001e+00	7.4353427875810452e-01	7.3153406023928516e-02	0.0000000000000000e+00
1.4050000000000000e+00	7.4525257226418862e-01	7.2856024039116049e-02	0.0000000000000000e+00
1.4099999999999999e+00	7.4696323987338287e-01	7.2558167885858615e-02	0.0000000000000000e+00
1.4150000000000000e+00	7.4866627658098850e-01	7.2259839342540447e-02	0.0000000000000000e+00
1.4199999999999999e+00	7.5036167744558468e-01	7.1961040192664583e-02	0.0000000000000000e+00
1.4250000000000000e+00	7.5204943758862963e-01	7.1661772224850803e-02	0.0000000000000000e+00
1.4299999999999999e+00	7.5372955219405691e-01	7.1362037232785086e-02	0.0000000000000000e+00
1.4350000000000001e+00	7.5540201650787264e-01	7.1061837015228391e-02	0.0000000000000000e+00
1.4399999999999999e+00	7.5706682583775020e-01	7.0761173376005695e-02	0.0000000000000000e+00
1.4450000000000001e+00	7.5872397555262550e-01	7.0460048123997226e-02	0.0000000000000000e+00
1.4500000000000000e+00	7.6037346108228954e-01	7.0158463073059493e-02	0.0000000000000000e+00
1.4550000000000001e+00	7.6201527791697821e-01	6.9856420042049353e-02	0.0000000000000000e+00
1.4600000000000000e+00	7.6364942160696470e-01	6.9553920854830670e-02	0.0000000000000000e+00
1.4650000000000001e+00	7.6527588776214817e-01	6.9250967340210634e-02	0.0000000000000000e+00
1.4700000000000000e+00	7.6689467205164175e-01	6.8947561331948570e-02	0.0000000000000000e+00
1.4750000000000001e+00	7.6850577020336042e-01	6.8643704668736177e-02	0.0000000000000000e+00
1.4800000000000000e+00	7.7010917800360656e-01	6.8339399194144862e-02	0.0000000000000000e+00
1.4850000000000001e+00	7.7170489129665465e-01	6.8034646756656436e-02	0.0000000000000000e+00
1.4900000000000000e+00	7.7329290598433720e-01	6.7729449209632503e-02	0.0000000000000000e+00
1.4950000000000001e+00	7.7487321802562625e-01	6.7423808411261665e-02	0.0000000000000000e+00
1.5000000000000000e+00	7.7644582343621682e-01	6.7117726224583701e-02	0.0000000000000000e+00
1.5050000000000001e+00	7.7801071828810819e-01	6.6811204517436981e-02	0.0000000000000000e+00
1.5100000000000000e+00	7.7956789870918430e-01	6.6504245162462741e-02	0.0000000000000000e+00
1.5150000000000001e+00	7.8111736088279449e-01	6.6196850037087640e-02	0.0000000000000000e+00
1.5200000000000000e+00	7.8265910104733194e-01	6.5889021023484151e-02	0.0000000000000000e+00
1.5250000000000001e+00	7.8419311549581272e-01	6.5580760008555311e-02	0.0000000000000000e+00
1.5300000000000000e+00	7.8571940057545275e-01	6.5272068883949999e-02	0.0000000000000000e+00
1.5350000000000001e+00	7.8723795268724672e-01	6.4962949545999349e-02	0.0000000000000000e+00
1.5400000000000000e+00	7.8874876828554230e-01	6.4653403895690437e-02	0.0000000000000000e+00
1.5449999999999999e+00	7.9025184387761727e-01	6.4343433838732048e-02	0.0000000000000000e+00
1.5500000000000000e+00	7.9174717602325650e-01	6.4033041285427444e-02	0.0000000000000000e+00
1.5549999999999999e+00	7.9323476133432302e-01	6.3722228150702900e-02	0.0000000000000000e+00
1.5600000000000001e+00	7.9471459647433651e-01	6.3410996354118690e-02	0.0000000000000000e+00
1.5649999999999999e+00	7.9618667815804445e-01	6.3099347819774679e-02	0.0000000000000000e+00
1.5700000000000001e+00	7.9765100315099646e-01	6.2787284476376173e-02	0.0000000000000000e+00
1.5750000000000000e+00	7.9910756826911900e-01	6.2474808257159384e-02	0.0000000000000000e+00
1.5800000000000001e+00	8.0055637037828575e-01	6.2161921099856229e-02	0.0000000000000000e+00
1.5850000000000000e+00	8.0199740639389150e-01	6.1848624946742634e-02	0.0000000000000000e+00
1.5900000000000001e+00	8.0343067328042506e-01	6.1534921744559587e-02	0.0000000000000000e+00
1.5950000000000000e+00	8.0485616805103932e-01	6.1220813444513064e-02	0.0000000000000000e+00
1.6000000000000001e+00	8.0627388776712539e-01	6.0906302002243388e-02	0.0000000000000000e+00
1.6050000000000000e+00	8.0768382953788165e-01	6.0591389377814192e-02	0.0000000000000000e+00
1.6100000000000001e+00	8.0908599051988772e-01	6.0276077535721236e-02	0.0000000000000000e+00
1.6150000000000000e+00	8.1048036791667466e-01	5.9960368444819993e-02	0.0000000000000000e+00
1.6200000000000001e+00	8.1186695897829653e-01	5.9644264078336610e-02	0.0000000000000000e+00
1.6250000000000000e+00	8.1324576100090196e-01	5.9327766413826227e-02	0.0000000000000000e+00
1.6300000000000001e+00	8.1461677132630450e-01	5.9010877433159831e-02	0.0000000000000000e+00
1.6350000000000000e+00	8.1597998734155464e-01	5.8693599122543939e-02	0.0000000000000000e+00
1.6400000000000001e+00	8.1733540647851222e-01	5.8375933472439509e-02	0.0000000000000000e+00
1.6450000000000000e+00	8.1868302621341593e-01	5.8057882477564049e-02	0.0000000000000000e+00
1.6500000000000001e+00	8.2002284406645676e-01	5.7739448136878507e-02	0.0000000000000000e+00
1.6550000000000000e+00	8.2135485760134808e-01	5.7420632453574087e-02	0.0000000000000000e+00
1.6600000000000001e+00	8.2267906442490002e-01	5.7101437435037143e-02	0.0000000000000000e+00
1.6650000000000000e+00	8.2399546218658970e-01	5.6781865092800907e-02	0.0000000000000000e+00
1.6699999999999999e+00	8.2530404857813444e-01	5.6461917442587176e-02	0.0000000000000000e+00
1.6750000000000000e+00	8.2660482133306501e-01	5.6141596504231721e-02	0.0000000000000000e+00
1.6799999999999999e+00	8.2789777822629795e-01	5.5820904301679894e-02	0.0000000000000000e+00
1.6850000000000001e+00	8.2918291707371006e-01	5.5499842863001969e-02	0.0000000000000000e+00
1.6899999999999999e+00	8.3046023573171268e-01	5.5178414220305450e-02	0.0000000000000000e+00
1.6950000000000001e+00	8.3172973209682466e-01	5.4856620409745899e-02	0.0000000000000000e+00
1.7000000000000000e+00	8.3299140410524841e-01	5.4534463471529300e-02	0.0000000000000000e+00
1.7050000000000001e+00	8.3424524973244540e-01	5.4211945449830747e-02	0.0000000000000000e+00
1.7100000000000000e+00	8.3549126699271059e-01	5.3889068392842764e-02	0.0000000000000000e+00
1.7150000000000001e+00	8.3672945393875175e-01	5.3565834352727049e-02	0.0000000000000000e+00
1.7200000000000000e+00	8.3795980866126463e-01	5.3242245385550821e-02	0.0000000000000000e+00
1.7250000000000001e+00	8.3918232928851066e-01	5.2918303551324132e-02	0.0000000000000000e+00
1.7300000000000000e+00	8.4039701398589683e-01	5.2594010913934029e-02	0.0000000000000000e+00
1.7350000000000001e+00	8.4160386095555295e-01	5.2269369541151134e-02	0.0000000000000000e+00
1.7400000000000000e+00	8.4280286843591334e-01	5.1944381504645046e-02	0.0000000000000000e+00
1.7450000000000001e+00	8.4399403470129841e-01	5.1619048879852629e-02	0.0000000000000000e+00
1.7500000000000000e+00	8.4517735806149230e-01	5.1293373746021963e-02	0.0000000000000000e+00
1.7550000000000001e+00	8.4635283686132934e-01	5.0967358186249576e-02	0.0000000000000000e+00
1.7600000000000000e+00	8.4752046948027604e-01	5.0641004287344457e-02	0.0000000000000000e+00
1.7650000000000001e+00	8.4868025433201411e-01	5.0314314139865333e-02	0.0000000000000000e+00
1.7700000000000000e+00	8.4983218986402720e-01	4.9987289838103154e-02	0.0000000000000000e+00
1.7750000000000001e+00	8.5097627455718605e-01	4.9659933480041503e-02	0.0000000000000000e+00
1.7800000000000000e+00	8.5211250692533624e-01	4.9332247167347951e-02	0.0000000000000000e+00
1.7850000000000001e+00	8.5324088551488608e-01	4.9004233005334456e-02	0.0000000000000000e+00
1.7900000000000000e+00	8.5436140890439616e-01	4.8675893102933292e-02	0.0000000000000000e+00
1.7949999999999999e+00	8.5547407570416856e-01	4.8347229572710176e-02	0.0000000000000000e+00
1.8000000000000000e+00	8.5657888455584053e-01	4.8018244530807247e-02	0.0000000000000000e+00
1.8049999999999999e+00	8.5767583413197523e-01	4.7688940096925488e-02	0.0000000000000000e+00
1.8100000000000001e+00	8.5876492313565700e-01	4.7359318394300610e-02	0.0000000000000000e+00
1.8149999999999999e+00	8.5984615030008471e-01	4.7029381549687686e-02	0.0000000000000000e+00
1.8200000000000001e+00	8.6091951438817060e-01	4.6699131693369943e-02	0.0000000000000000e+00
1.8250000000000000e+00	8.6198501419213691e-01	4.6368570959057782e-02	0.0000000000000000e+00
1.8300000000000001e+00	8.6304264853311363e-01	4.6037701483921764e-02	0.0000000000000000e+00
1.8350000000000000e+00	8.6409241626074096e-01	4.5706525408568427e-02	0.0000000000000000e+00
1.8400000000000001e+00	8.6513431625276993e-01	4.5375044877000788e-02	0.0000000000000000e+00
1.8450000000000000e+00	8.6616834741466631e-01	4.5043262036600799e-02	0.0000000000000000e+00
1.8500000000000001e+00	8.6719450867921455e-01	4.4711179038127193e-02	0.0000000000000000e+00
1.8550000000000000e+00	8.6821279900612569e-01	4.4378798035647399e-02	0.0000000000000000e+00
1.8600000000000001e+00	8.6922321738164254e-01	4.4046121186531000e-02	0.0000000000000000e+00
1.8650000000000000e+00	8.7022576281815101e-01	4.3713150651469468e-02	0.0000000000000000e+00
1.8700000000000001e+00	8.7122043435379048e-01	4.3379888594386219e-02	0.0000000000000000e+00
1.8750000000000000e+00	8.7220723105206555e-01	4.3046337182454146e-02	0.0000000000000000e+00
1.8800000000000001e+00	8.7318615200146144e-01	4.2712498586073705e-02	0.0000000000000000e+00
1.8850000000000000e+00	8.7415719631505895e-01	4.2378374978842150e-02	0.0000000000000000e+00
1.8900000000000001e+00	8.7512036313015285e-01	4.2043968537498734e-02	0.0000000000000000e+00
1.8950000000000000e+00	8.7607565160786938e-01	4.1709281441931256e-02	0.0000000000000000e+00
1.9000000000000001e+00	8.7702306093278914e-01	4.1374315875180465e-02	0.0000000000000000e+00
1.9050000000000000e+00	8.7796259031256940e-01	4.1039074023361079e-02	0.0000000000000000e+00
1.9100000000000001e+00	8.7889423897756824e-01	4.0703558075674912e-02	0.0000000000000000e+00
1.9150000000000000e+00	8.7981800618047235e-01	4.0367770224373614e-02	0.0000000000000000e+00
1.9199999999999999e+00	8.8073389119592382e-01	4.0031712664716980e-02	0.0000000000000000e+00
1.9250000000000000e+00	8.8164189332015130e-01	3.9695387594992665e-02	0.0000000000000000e+00
1.9299999999999999e+00	8.8254201187060310e-01	3.9358797216454793e-02	0.0000000000000000e+00
1.9350000000000001e+00	8.8343424618557964e-01	3.9021943733310735e-02	0.0000000000000000e+00
1.9399999999999999e+00	8.8431859562387138e-01	3.8684829352705827e-02	0.0000000000000000e+00
1.9450000000000001e+00	8.8519505956439604e-01	3.8347456284692570e-02	0.0000000000000000e+00
1.9500000000000000e+00	8.8606363740583982e-01	3.8009826742202171e-02	0.0000000000000000e+00
1.9550000000000001e+00	8.8692432856629899e-01	3.7671942941020387e-02	0.0000000000000000e+00
1.9600000000000000e+00	8.8777713248292534e-01	3.7333807099789687e-02	0.0000000000000000e+00
1.9650000000000001e+00	8.8862204861157246e-01	3.6995421439939086e-02	0.0000000000000000e+00
1.9700000000000000e+00	8.8945907642644439e-01	3.6656788185679745e-02	0.0000000000000000e+00
1.9750000000000001e+00	8.9028821541974712e-01	3.6317909564015927e-02	0.0000000000000000e+00
1.9800000000000000e+00	8.9110946510134226e-01	3.5978787804668205e-02	0.0000000000000000e+00
1.9850000000000001e+00	8.9192282499840181e-01	3.5639425140051542e-02	0.0000000000000000e+00
1.9900000000000000e+00	8.9272829465506587e-01	3.5299823805299398e-02	0.0000000000000000e+00
1.9950000000000001e+00	8.9352587363210434e-01	3.4959986038204514e-02	0.0000000000000000e+00
2.0000000000000000e+00	8.9431556150657798e-01	3.4619914079183786e-02	0.0000000000000000e+00
2.0049999999999999e+00	8.9509735787150380e-01	3.4279610171289249e-02	0.0000000000000000e+00
2.0100000000000002e+00	8.9587126233552272e-01	3.3939076560144436e-02	0.0000000000000000e+00
2.0150000000000001e+00	8.9663727452256825e-01	3.3598315493937818e-02	0.0000000000000000e+00
2.0200000000000000e+00	8.9739539407153979e-01	3.3257329223409605e-02	0.0000000000000000e+00
2.0249999999999999e+00	8.9814562063597625e-01	3.2916120001825436e-02	0.0000000000000000e+00
2.0300000000000002e+00	8.9888795388373466e-01	3.2574690084917160e-02	0.0000000000000000e+00
2.0350000000000001e+00	8.9962239349666728e-01	3.2233041730891560e-02	0.0000000000000000e+00
2.0400000000000000e+00	9.0034893917030678e-01	3.1891177200408460e-02	0.0000000000000000e+00
2.0449999999999999e+00	9.0106759061354835e-01	3.1549098756528053e-02	0.0000000000000000e+00
2.0499999999999998e+00	9.0177834754833885e-01	3.1206808664719650e-02	0.0000000000000000e+00
2.0550000000000002e+00	9.0248120970936607e-01	3.0864309192784916e-02	0.0000000000000000e+00
2.0600000000000001e+00	9.0317617684375029e-01	3.0521602610901758e-02	0.0000000000000000e+00
2.0649999999999999e+00	9.0386324871074231e-01	3.0178691191571645e-02	0.0000000000000000e+00
2.0699999999999998e+00	9.0454242508141902e-01	2.9835577209542805e-02	0.0000000000000000e+00
2.0750000000000002e+00	9.0521370573838411e-01	2.9492262941862926e-02	0.0000000000000000e+00
2.0800000000000001e+00	9.0587709047547349e-01	2.9148750667806717e-02	0.0000000000000000e+00
2.0850000000000000e+00	9.0653257909745866e-01	2.8805042668882477e-02	0.0000000000000000e+00
2.0899999999999999e+00	9.0718017141975904e-01	2.8461141228775102e-02	0.0000000000000000e+00
2.0950000000000002e+00	9.0781986726815034e-01	2.8117048633324083e-02	0.0000000000000000e+00
2.1000000000000001e+00	9.0845166647848175e-01	2.7772767170525747e-02	0.0000000000000000e+00
2.1050000000000000e+00	9.0907556889639141e-01	2.7428299130480560e-02	0.0000000000000000e+00
2.1099999999999999e+00	9.0969157437702908e-01	2.7083646805404135e-02	0.0000000000000000e+00
2.1150000000000002e+00	9.1029968278477746e-01	2.6738812489539437e-02	0.0000000000000000e+00
2.1200000000000001e+00	9.1089989399297888e-01	2.6393798479183130e-02	0.0000000000000000e+00
2.1250000000000000e+00	9.1149220788366503e-01	2.6048607072637304e-02	0.0000000000000000e+00
2.1299999999999999e+00	9.1207662434728742e-01	2.5703240570202870e-02	0.0000000000000000e+00
2.1350000000000002e+00	9.1265314328245495e-01	2.5357701274146688e-02	0.0000000000000000e+00
2.1400000000000001e+00	9.1322176459566973e-01	2.5011991488657664e-02	0.0000000000000000e+00
2.1450000000000000e+00	9.1378248820106966e-01	2.4666113519833565e-02	0.0000000000000000e+00
2.1499999999999999e+00	9.1433531402017110e-01	2.4320069675665707e-02	0.0000000000000000e+00
2.1550000000000002e+00	9.1488024198161799e-01	2.3973862266023556e-02	0.0000000000000000e+00
2.1600000000000001e+00	9.1541727202093082e-01	2.3627493602551609e-02	0.0000000000000000e+00
2.1650000000000000e+00	9.1594640408025896e-01	2.3280965998750611e-02	0.0000000000000000e+00
2.1699999999999999e+00	9.1646763810814058e-01	2.2934281769916069e-02	0.0000000000000000e+00
2.1750000000000003e+00	9.1698097405925916e-01	2.2587443233048333e-02	0.0000000000000000e+00
2.1800000000000002e+00	9.1748641189420732e-01	2.2240452706916210e-02	0.0000000000000000e+00
2.1850000000000001e+00	9.1798395157925394e-01	2.1893312511982361e-02	0.0000000000000000e+00
2.1899999999999999e+00	9.1847359308611121e-01	2.1546024970381362e-02	0.0000000000000000e+00
2.1949999999999998e+00	9.1895533639170923e-01	2.1198592405910939e-02	0.0000000000000000e+00
2.2000000000000002e+00	9.1942918147797004e-01	2.0851017143999038e-02	0.0000000000000000e+00
2.2050000000000001e+00	9.1989512833158815e-01	2.0503301511659952e-02	0.0000000000000000e+00
2.2100000000000000e+00	9.2035317694381091e-01	2.0155447837496517e-02	0.0000000000000000e+00
2.2149999999999999e+00	9.2080332731022596e-01	1.9807458451627707e-02	0.0000000000000000e+00
2.2200000000000002e+00	9.2124557943054686e-01	1.9459335685750055e-02	0.0000000000000000e+00
2.2250000000000001e+00	9.2167993330841080e-01	1.9111081873036749e-02	0.0000000000000000e+00
2.2300000000000000e+00	9.2210638895116748e-01	1.8762699348087140e-02	0.0000000000000000e+00
2.2349999999999999e+00	9.2252494636968274e-01	1.8414190447016719e-02	0.0000000000000000e+00
2.2400000000000002e+00	9.2293560557813892e-01	1.8065557507314495e-02	0.0000000000000000e+00
2.2450000000000001e+00	9.2333836659384017e-01	1.7716802867867129e-02	0.0000000000000000e+00
2.2500000000000000e+00	9.2373322943702230e-01	1.7367928868932601e-02	0.0000000000000000e+00
2.2549999999999999e+00	9.2412019413066426e-01	1.7018937852120473e-02	0.0000000000000000e+00
2.2600000000000002e+00	9.2449926070030530e-01	1.6669832160332635e-02	0.0000000000000000e+00
2.2650000000000001e+00	9.2487042917386209e-01	1.6320614137774293e-02	0.0000000000000000e+00
2.2700000000000000e+00	9.2523369958145418e-01	1.5971286129910063e-02	0.0000000000000000e+00
2.2749999999999999e+00	9.2558907195522766e-01	1.5621850483422300e-02	0.0000000000000000e+00
2.2800000000000002e+00	9.2593654632918632e-01	1.5272309546246206e-02	0.0000000000000000e+00
2.2850000000000001e+00	9.2627612273902538e-01	1.4922665667464497e-02	0.0000000000000000e+00
2.2900000000000000e+00	9.2660780122196629e-01	1.4572921197287671e-02	0.0000000000000000e+00
2.2949999999999999e+00	9.2693158181659741e-01	1.4223078487128601e-02	0.0000000000000000e+00
2.3000000000000003e+00	9.2724746456272056e-01	1.3873139889473082e-02	0.0000000000000000e+00
2.3050000000000002e+00	9.2755544950119451e-01	1.3523107757842530e-02	0.0000000000000000e+00
2.3100000000000001e+00	9.2785553667378740e-01	1.3172984446862006e-02	0.0000000000000000e+00
2.3149999999999999e+00	9.2814772612303220e-01	1.2822772312176831e-02	0.0000000000000000e+00
2.3199999999999998e+00	9.2843201789208396e-01	1.2472473710406520e-02	0.0000000000000000e+00
2.3250000000000002e+00	9.2870841202458054e-01	1.2122090999151347e-02	0.0000000000000000e+00
2.3300000000000001e+00	9.2897690856450965e-01	1.1771626536961653e-02	0.0000000000000000e+00
2.3350000000000000e+00	9.2923750755607615e-01	1.1421082683307103e-02	0.0000000000000000e+00
2.3399999999999999e+00	9.2949020904357604e-01	1.1070461798548176e-02	0.0000000000000000e+00
2.3450000000000002e+00	9.2973501307127104e-01	1.0719766243912030e-02	0.0000000000000000e+00
2.3500000000000001e+00	9.2997191968327009e-01	1.0368998381455193e-02	0.0000000000000000e+00
2.3550000000000000e+00	9.3020092892341077e-01	1.0018160574054800e-02	0.0000000000000000e+00
2.3599999999999999e+00	9.3042204083514857e-01	9.6672551853822525e-03	0.0000000000000000e+00
2.3650000000000002e+00	9.3063525546144632e-01	9.3162845798637275e-03	0.0000000000000000e+00
2.3700000000000001e+00	9.3084057284466937e-01	8.9652511226516567e-03	0.0000000000000000e+00
2.3750000000000000e+00	9.3103799302648294e-01	8.6141571796027796e-03	0.0000000000000000e+00
2.3799999999999999e+00	9.3122751604775522e-01	8.2630051172584065e-03	0.0000000000000000e+00
2.3850000000000002e+00	9.3140914194846125e-01	7.9117973028378207e-03	0.0000000000000000e+00
2.3900000000000001e+00	9.3158287076759527e-01	7.5605361041527269e-03	0.0000000000000000e+00
2.3950000000000000e+00	9.3174870254307951e-01	7.2092238896247860e-03	0.0000000000000000e+00
2.3999999999999999e+00	9.3190663731168544e-01	6.8578630282636879e-03	0.0000000000000000e+00
2.4050000000000002e+00	9.3205667510895041e-01	6.5064558895925424e-03	0.0000000000000000e+00
2.4100000000000001e+00	9.3219881596910437e-01	6.1550048436917661e-03	0.0000000000000000e+00
2.4150000000000000e+00	9.3233305992499682e-01	5.8035122611288696e-03	0.0000000000000000e+00
2.4199999999999999e+00	9.3245940700802987e-01	5.4519805129277388e-03	0.0000000000000000e+00
2.4250000000000003e+00	9.3257785724809150e-01	5.1004119705466968e-03	0.0000000000000000e+00
2.4300000000000002e+00	9.3268841067349684e-01	4.7488090058653348e-03	0.0000000000000000e+00
2.4350000000000001e+00	9.3279106731093009e-01	4.3971739911669618e-03	0.0000000000000000e+00
2.4399999999999999e+00	9.3288582718539259e-01	4.0455092990618136e-03	0.0000000000000000e+00
2.4449999999999998e+00	9.3297269032015118e-01	3.6938173025243427e-03	0.0000000000000000e+00
2.4500000000000002e+00	9.3305165673669599e-01	3.3421003748405728e-03	0.0000000000000000e+00
2.4550000000000001e+00	9.3312272645469563e-01	2.9903608895312950e-03	0.0000000000000000e+00
2.4600000000000000e+00	9.3318589949195996e-01	2.6386012204113111e-03	0.0000000000000000e+00
2.4649999999999999e+00	9.3324117586440680e-01	2.2868237415280017e-03	0.0000000000000000e+00
2.4700000000000002e+00	9.3328855558603119e-01	1.9350308270911099e-03	0.0000000000000000e+00
2.4750000000000001e+00	9.3332803866887681e-01	1.5832248515122395e-03	0.0000000000000000e+00
2.4800000000000000e+00	9.3335962512301685e-01	1.2314081893456100e-03	0.0000000000000000e+00
2.4849999999999999e+00	9.3338331495653093e-01	8.7958321526611859e-04	0.0000000000000000e+00
2.4900000000000002e+00	9.3339910817549387e-01	5.2775230404300902e-04	0.0000000000000000e+00
2.4950000000000001e+00	9.3340700478396033e-01	1.7591783049379558e-04	0.0000000000000000e+00
2.5000000000000000e+00	9.3340700478396033e-01	-1.7591783049379558e-04	0.0000000000000000e+00
2.5049999999999999e+00	9.3339910817549387e-01	-5.2775230403203841e-04	0.0000000000000000e+00
2.5100000000000002e+00	9.3338331495653148e-01	-8.7958321525953630e-04	0.0000000000000000e+00
2.5150000000000001e+00	9.3335962512301718e-01	-1.2314081893434158e-03	0.0000000000000000e+00
2.5200000000000000e+00	9.3332803866887748e-01	-1.5832248515100452e-03	0.0000000000000000e+00
2.5249999999999999e+00	9.3328855558603163e-01	-1.9350308270845275e-03	0.0000000000000000e+00
2.5300000000000002e+00	9.3324117586440769e-01	-2.2868237415170308e-03	0.0000000000000000e+00
2.5350000000000001e+00	9.3318589949196085e-01	-2.6386012204135051e-03	0.0000000000000000e+00
2.5400000000000000e+00	9.3312272645469641e-01	-2.9903608895269066e-03	0.0000000000000000e+00
2.5449999999999999e+00	9.3305165673669710e-01	-3.3421003748296024e-03	0.0000000000000000e+00
2.5500000000000003e+00	9.3297269032015240e-01	-3.6938173025287311e-03	0.0000000000000000e+00
2.5550000000000002e+00	9.3288582718539348e-01	-4.0455092990662016e-03	0.0000000000000000e+00
2.5600000000000001e+00	9.3279106731093109e-01	-4.3971739911581867e-03	0.0000000000000000e+00
2.5649999999999999e+00	9.3268841067349806e-01	-4.7488090058565580e-03	0.0000000000000000e+00
2.5699999999999998e+00	9.3257785724809295e-01	-5.1004119705401144e-03	0.0000000000000000e+00
2.5750000000000002e+00	9.3245940700803143e-01	-5.4519805129277388e-03	0.0000000000000000e+00
2.5800000000000001e+00	9.3233305992499838e-01	-5.8035122611288696e-03	0.0000000000000000e+00
2.5850000000000000e+00	9.3219881596910592e-01	-6.1550048436939606e-03	0.0000000000000000e+00
2.5899999999999999e+00	9.3205667510895174e-01	-6.5064558895815720e-03	0.0000000000000000e+00
2.5950000000000002e+00	9.3190663731168755e-01	-6.8578630282461360e-03	0.0000000000000000e+00
2.6000000000000001e+00	9.3174870254308162e-01	-7.2092238896269804e-03	0.0000000000000000e+00
2.6050000000000000e+00	9.3158287076759716e-01	-7.5605361041461445e-03	0.0000000000000000e+00
2.6099999999999999e+00	9.3140914194846369e-01	-7.9117973028334336e-03	0.0000000000000000e+00
2.6150000000000002e+00	9.3122751604775733e-01	-8.2630051172605991e-03	0.0000000000000000e+00
2.6200000000000001e+00	9.3103799302648538e-01	-8.6141571795983925e-03	0.0000000000000000e+00
2.6250000000000000e+00	9.3084057284467170e-01	-8.9652511226406863e-03	0.0000000000000000e+00
2.6299999999999999e+00	9.3063525546144910e-01	-9.3162845798527572e-03	0.0000000000000000e+00
2.6350000000000002e+00	9.3042204083515145e-01	-9.6672551853800581e-03	0.0000000000000000e+00
2.6400000000000001e+00	9.3020092892341366e-01	-1.0018160574056995e-02	0.0000000000000000e+00
2.6450000000000000e+00	9.2997191968327286e-01	-1.0368998381452998e-02	0.0000000000000000e+00
2.6499999999999999e+00	9.2973501307127404e-01	-1.0719766243905447e-02	0.0000000000000000e+00
2.6550000000000002e+00	9.2949020904357904e-01	-1.1070461798548176e-02	0.0000000000000000e+00
2.6600000000000001e+00	9.2923750755607926e-01	-1.1421082683307103e-02	0.0000000000000000e+00
2.6650000000000000e+00	9.2897690856451276e-01	-1.1771626536959460e-02	0.0000000000000000e+00
2.6699999999999999e+00	9.2870841202458376e-01	-1.2122090999142571e-02	0.0000000000000000e+00
2.6750000000000003e+00	9.2843201789208740e-01	-1.2472473710388966e-02	0.0000000000000000e+00
2.6800000000000002e+00	9.2814772612303620e-01	-1.2822772312172444e-02	0.0000000000000000e+00
2.6850000000000001e+00	9.2785553667379106e-01	-1.3172984446870782e-02	0.0000000000000000e+00
2.6899999999999999e+00	9.2755544950119806e-01	-1.3523107757840333e-02	0.0000000000000000e+00
2.6949999999999998e+00	9.2724746456272433e-01	-1.3873139889455528e-02	0.0000000000000000e+00
2.7000000000000002e+00	9.2693158181660174e-01	-1.4223078487124213e-02	0.0000000000000000e+00
2.7050000000000001e+00	9.2660780122197017e-01	-1.4572921197287671e-02	0.0000000000000000e+00
2.7100000000000000e+00	9.2627612273902971e-01	-1.4922665667455721e-02	0.0000000000000000e+00
2.7149999999999999e+00	9.2593654632919065e-01	-1.5272309546246206e-02	0.0000000000000000e+00
2.7200000000000002e+00	9.2558907195523199e-01	-1.5621850483426687e-02	0.0000000000000000e+00
2.7250000000000001e+00	9.2523369958145829e-01	-1.5971286129901285e-02	0.0000000000000000e+00
2.7300000000000000e+00	9.2487042917386686e-01	-1.6320614137761126e-02	0.0000000000000000e+00
2.7349999999999999e+00	9.2449926070031008e-01	-1.6669832160328246e-02	0.0000000000000000e+00
2.7400000000000002e+00	9.2412019413066926e-01	-1.7018937852116084e-02	0.0000000000000000e+00
2.7450000000000001e+00	9.2373322943702729e-01	-1.7367928868934797e-02	0.0000000000000000e+00
2.7500000000000000e+00	9.2333836659384505e-01	-1.7716802867864933e-02	0.0000000000000000e+00
2.7549999999999999e+00	9.2293560557814391e-01	-1.8065557507305718e-02	0.0000000000000000e+00
2.7600000000000002e+00	9.2252494636968796e-01	-1.8414190447007941e-02	0.0000000000000000e+00
2.7650000000000001e+00	9.2210638895117292e-01	-1.8762699348084947e-02	0.0000000000000000e+00
2.7700000000000000e+00	9.2167993330841613e-01	-1.9111081873036749e-02	0.0000000000000000e+00
2.7749999999999999e+00	9.2124557943055230e-01	-1.9459335685752251e-02	0.0000000000000000e+00
2.7800000000000002e+00	9.2080332731023118e-01	-1.9807458451618930e-02	0.0000000000000000e+00
2.7850000000000001e+00	9.2035317694381680e-01	-2.0155447837478965e-02	0.0000000000000000e+00
2.7900000000000000e+00	9.1989512833159426e-01	-2.0503301511659952e-02	0.0000000000000000e+00
2.7949999999999999e+00	9.1942918147797592e-01	-2.0851017144003427e-02	0.0000000000000000e+00
2.8000000000000003e+00	9.1895533639171501e-01	-2.1198592405906550e-02	0.0000000000000000e+00
2.8050000000000002e+00	9.1847359308611731e-01	-2.1546024970376977e-02	0.0000000000000000e+00
2.8100000000000001e+00	9.1798395157925994e-01	-2.1893312511986750e-02	0.0000000000000000e+00
2.8149999999999999e+00	9.1748641189421321e-01	-2.2240452706914018e-02	0.0000000000000000e+00
2.8199999999999998e+00	9.1698097405926526e-01	-2.2587443233037362e-02	0.0000000000000000e+00
2.8250000000000002e+00	9.1646763810814691e-01	-2.2934281769907292e-02	0.0000000000000000e+00
2.8300000000000001e+00	9.1594640408026551e-01	-2.3280965998759388e-02	0.0000000000000000e+00
2.8350000000000000e+00	9.1541727202093681e-01	-2.3627493602540638e-02	0.0000000000000000e+00
2.8399999999999999e+00	9.1488024198162499e-01	-2.3973862266006001e-02	0.0000000000000000e+00
2.8450000000000002e+00	9.1433531402017787e-01	-2.4320069675672289e-02	0.0000000000000000e+00
2.8500000000000001e+00	9.1378248820107644e-01	-2.4666113519826987e-02	0.0000000000000000e+00
2.8550000000000000e+00	9.1322176459567672e-01	-2.5011991488653271e-02	0.0000000000000000e+00
2.8599999999999999e+00	9.1265314328246183e-01	-2.5357701274142299e-02	0.0000000000000000e+00
2.8650000000000002e+00	9.1207662434729464e-01	-2.5703240570191896e-02	0.0000000000000000e+00
2.8700000000000001e+00	9.1149220788367247e-01	-2.6048607072632912e-02	0.0000000000000000e+00
2.8750000000000000e+00	9.1089989399298632e-01	-2.6393798479183130e-02	0.0000000000000000e+00
2.8799999999999999e+00	9.1029968278478490e-01	-2.6738812489530663e-02	0.0000000000000000e+00
2.8850000000000002e+00	9.0969157437703685e-01	-2.7083646805404135e-02	0.0000000000000000e+00
2.8900000000000001e+00	9.0907556889639896e-01	-2.7428299130489334e-02	0.0000000000000000e+00
2.8950000000000000e+00	9.0845166647848918e-01	-2.7772767170514773e-02	0.0000000000000000e+00
2.8999999999999999e+00	9.0781986726815822e-01	-2.8117048633313112e-02	0.0000000000000000e+00
2.9050000000000002e+00	9.0718017141976703e-01	-2.8461141228768520e-02	0.0000000000000000e+00
2.9100000000000001e+00	9.0653257909746687e-01	-2.8805042668882477e-02	0.0000000000000000e+00
2.9150000000000000e+00	9.0587709047548148e-01	-2.9148750667802325e-02	0.0000000000000000e+00
2.9199999999999999e+00	9.0521370573839255e-01	-2.9492262941849767e-02	0.0000000000000000e+00
2.9250000000000003e+00	9.0454242508142757e-01	-2.9835577209536224e-02	0.0000000000000000e+00
2.9300000000000002e+00	9.0386324871075108e-01	-3.0178691191573834e-02	0.0000000000000000e+00
2.9350000000000001e+00	9.0317617684375873e-01	-3.0521602610910536e-02	0.0000000000000000e+00
2.9399999999999999e+00	9.0248120970937440e-01	-3.0864309192778334e-02	0.0000000000000000e+00
2.9449999999999998e+00	9.0177834754834763e-01	-3.1206808664704287e-02	0.0000000000000000e+00
2.9500000000000002e+00	9.0106759061355735e-01	-3.1549098756528053e-02	0.0000000000000000e+00
2.9550000000000001e+00	9.0034893917031555e-01	-3.1891177200401882e-02	0.0000000000000000e+00
2.9600000000000000e+00	8.9962239349667672e-01	-3.2233041730884981e-02	0.0000000000000000e+00
2.9649999999999999e+00	8.9888795388374376e-01	-3.2574690084917160e-02	0.0000000000000000e+00
2.9700000000000002e+00	8.9814562063598558e-01	-3.2916120001816658e-02	0.0000000000000000e+00
2.9750000000000001e+00	8.9739539407154933e-01	-3.3257329223407406e-02	0.0000000000000000e+00
2.9800000000000000e+00	8.9663727452257780e-01	-3.3598315493937818e-02	0.0000000000000000e+00
2.9849999999999999e+00	8.9587126233553216e-01	-3.3939076560131280e-02	0.0000000000000000e+00
2.9900000000000002e+00	8.9509735787151379e-01	-3.4279610171280471e-02	0.0000000000000000e+00
2.9950000000000001e+00	8.9431556150658786e-01	-3.4619914079183786e-02	0.0000000000000000e+00
3.0000000000000000e+00	8.9352587363211444e-01	-3.4959986038204514e-02	0.0000000000000000e+00
3.0049999999999999e+00	8.9272829465507575e-01	-3.5299823805297205e-02	0.0000000000000000e+00
3.0100000000000002e+00	8.9192282499841191e-01	-3.5639425140042764e-02	0.0000000000000000e+00
3.0150000000000001e+00	8.9110946510135258e-01	-3.5978787804666006e-02	0.0000000000000000e+00
3.0200000000000000e+00	8.9028821541975733e-01	-3.6317909564013727e-02	0.0000000000000000e+00
3.0249999999999999e+00	8.8945907642645483e-01	-3.6656788185679745e-02	0.0000000000000000e+00
3.0300000000000002e+00	8.8862204861158267e-01	-3.6995421439930308e-02	0.0000000000000000e+00
3.0350000000000001e+00	8.8777713248293610e-01	-3.7333807099783102e-02	0.0000000000000000e+00
3.0400000000000000e+00	8.8692432856630965e-01	-3.7671942941024772e-02	0.0000000000000000e+00
3.0449999999999999e+00	8.8606363740585037e-01	-3.8009826742193401e-02	0.0000000000000000e+00
3.0500000000000003e+00	8.8519505956440703e-01	-3.8347456284681600e-02	0.0000000000000000e+00
3.0550000000000002e+00	8.8431859562388249e-01	-3.8684829352703627e-02	0.0000000000000000e+00
3.0600000000000001e+00	8.8343424618559074e-01	-3.9021943733308542e-02	0.0000000000000000e+00
3.0649999999999999e+00	8.8254201187061432e-01	-3.9358797216443815e-02	0.0000000000000000e+00
3.0700000000000003e+00	8.8164189332016296e-01	-3.9695387594983887e-02	0.0000000000000000e+00
3.0750000000000002e+00	8.8073389119593537e-01	-4.0031712664716980e-02	0.0000000000000000e+00
3.0800000000000001e+00	8.7981800618048389e-01	-4.0367770224378000e-02	0.0000000000000000e+00
3.0850000000000000e+00	8.7889423897757968e-01	-4.0703558075681490e-02	0.0000000000000000e+00
3.0899999999999999e+00	8.7796259031258073e-01	-4.1039074023354501e-02	0.0000000000000000e+00
3.0950000000000002e+00	8.7702306093280080e-01	-4.1374315875171694e-02	0.0000000000000000e+00
3.1000000000000001e+00	8.7607565160788103e-01	-4.1709281441926864e-02	0.0000000000000000e+00
3.1050000000000000e+00	8.7512036313016472e-01	-4.2043968537483371e-02	0.0000000000000000e+00
3.1099999999999999e+00	8.7415719631507138e-01	-4.2378374978833372e-02	0.0000000000000000e+00
3.1150000000000002e+00	8.7318615200147376e-01	-4.2712498586073705e-02	0.0000000000000000e+00
3.1200000000000001e+00	8.7220723105207798e-01	-4.3046337182458538e-02	0.0000000000000000e+00
3.1250000000000000e+00	8.7122043435380259e-01	-4.3379888594386219e-02	0.0000000000000000e+00
3.1299999999999999e+00	8.7022576281816344e-01	-4.3713150651460690e-02	0.0000000000000000e+00
3.1350000000000002e+00	8.6922321738165509e-01	-4.4046121186524415e-02	0.0000000000000000e+00
3.1400000000000001e+00	8.6821279900613846e-01	-4.4378798035634236e-02	0.0000000000000000e+00
3.1450000000000000e+00	8.6719450867922765e-01	-4.4711179038133778e-02	0.0000000000000000e+00
3.1499999999999999e+00	8.6616834741467874e-01	-4.5043262036607384e-02	0.0000000000000000e+00
3.1550000000000002e+00	8.6513431625278281e-01	-4.5375044876992010e-02	0.0000000000000000e+00
3.1600000000000001e+00	8.6409241626075384e-01	-4.5706525408559649e-02	0.0000000000000000e+00
3.1650000000000000e+00	8.6304264853312684e-01	-4.6037701483908608e-02	0.0000000000000000e+00
3.1699999999999999e+00	8.6198501419215035e-01	-4.6368570959049005e-02	0.0000000000000000e+00
3.1750000000000003e+00	8.6091951438818426e-01	-4.6699131693369943e-02	0.0000000000000000e+00
3.1800000000000002e+00	8.5984615030009826e-01	-4.7029381549696464e-02	0.0000000000000000e+00
3.1850000000000001e+00	8.5876492313567021e-01	-4.7359318394302803e-02	0.0000000000000000e+00
3.1899999999999999e+00	8.5767583413198856e-01	-4.7688940096914517e-02	0.0000000000000000e+00
3.1950000000000003e+00	8.5657888455585440e-01	-4.8018244530796277e-02	0.0000000000000000e+00
3.2000000000000002e+00	8.5547407570418244e-01	-4.8347229572710176e-02	0.0000000000000000e+00
3.2050000000000001e+00	8.5436140890440992e-01	-4.8675893102933292e-02	0.0000000000000000e+00
3.2100000000000000e+00	8.5324088551490007e-01	-4.9004233005321293e-02	0.0000000000000000e+00
3.2149999999999999e+00	8.5211250692535057e-01	-4.9332247167339166e-02	0.0000000000000000e+00
3.2200000000000002e+00	8.5097627455720026e-01	-4.9659933480045888e-02	0.0000000000000000e+00
3.2250000000000001e+00	8.4983218986404141e-01	-4.9987289838103154e-02	0.0000000000000000e+00
3.2300000000000000e+00	8.4868025433202843e-01	-5.0314314139860955e-02	0.0000000000000000e+00
3.2349999999999999e+00	8.4752046948029047e-01	-5.0641004287333487e-02	0.0000000000000000e+00
3.2400000000000002e+00	8.4635283686134422e-01	-5.0967358186249576e-02	0.0000000000000000e+00
3.2450000000000001e+00	8.4517735806150673e-01	-5.1293373746021963e-02	0.0000000000000000e+00
3.2500000000000000e+00	8.4399403470131329e-01	-5.1619048879843858e-02	0.0000000000000000e+00
3.2549999999999999e+00	8.4280286843592822e-01	-5.1944381504647232e-02	0.0000000000000000e+00
3.2600000000000002e+00	8.4160386095556772e-01	-5.2269369541155519e-02	0.0000000000000000e+00
3.2650000000000001e+00	8.4039701398591149e-01	-5.2594010913920866e-02	0.0000000000000000e+00
3.2700000000000000e+00	8.3918232928852610e-01	-5.2918303551304391e-02	0.0000000000000000e+00
3.2749999999999999e+00	8.3795980866128017e-01	-5.3242245385542050e-02	0.0000000000000000e+00
3.2800000000000002e+00	8.3672945393876752e-01	-5.3565834352727049e-02	0.0000000000000000e+00
3.2850000000000001e+00	8.3549126699272613e-01	-5.3889068392847142e-02	0.0000000000000000e+00
3.2900000000000000e+00	8.3424524973246095e-01	-5.4211945449830747e-02	0.0000000000000000e+00
3.2949999999999999e+00	8.3299140410526396e-01	-5.4534463471529300e-02	0.0000000000000000e+00
3.3000000000000003e+00	8.3172973209684020e-01	-5.4856620409741520e-02	0.0000000000000000e+00
3.3050000000000002e+00	8.3046023573172856e-01	-5.5178414220301057e-02	0.0000000000000000e+00
3.3100000000000001e+00	8.2918291707372593e-01	-5.5499842862999783e-02	0.0000000000000000e+00
3.3149999999999999e+00	8.2789777822631383e-01	-5.5820904301679894e-02	0.0000000000000000e+00
3.3200000000000003e+00	8.2660482133308077e-01	-5.6141596504218558e-02	0.0000000000000000e+00
3.3250000000000002e+00	8.2530404857815098e-01	-5.6461917442571813e-02	0.0000000000000000e+00
3.3300000000000001e+00	8.2399546218660624e-01	-5.6781865092803106e-02	0.0000000000000000e+00
3.3350000000000000e+00	8.2267906442491645e-01	-5.7101437435030565e-02	0.0000000000000000e+00
3.3399999999999999e+00	8.2135485760136484e-01	-5.7420632453576287e-02	0.0000000000000000e+00
3.3450000000000002e+00	8.2002284406647308e-01	-5.7739448136882900e-02	0.0000000000000000e+00
3.3500000000000001e+00	8.1868302621343259e-01	-5.8057882477555271e-02	0.0000000000000000e+00
3.3550000000000000e+00	8.1733540647852898e-01	-5.8375933472432931e-02	0.0000000000000000e+00
3.3599999999999999e+00	8.1597998734157162e-01	-5.8693599122543939e-02	0.0000000000000000e+00
3.3650000000000002e+00	8.1461677132632127e-01	-5.9010877433155438e-02	0.0000000000000000e+00
3.3700000000000001e+00	8.1324576100091917e-01	-5.9327766413815257e-02	0.0000000000000000e+00
3.3750000000000000e+00	8.1186695897831385e-01	-5.9644264078334425e-02	0.0000000000000000e+00
3.3799999999999999e+00	8.1048036791669198e-01	-5.9960368444819993e-02	0.0000000000000000e+00
3.3850000000000002e+00	8.0908599051990504e-01	-6.0276077535723428e-02	0.0000000000000000e+00
3.3900000000000001e+00	8.0768382953789886e-01	-6.0591389377816378e-02	0.0000000000000000e+00
3.3950000000000000e+00	8.0627388776714259e-01	-6.0906302002230225e-02	0.0000000000000000e+00
3.3999999999999999e+00	8.0485616805105709e-01	-6.1220813444495509e-02	0.0000000000000000e+00
3.4050000000000002e+00	8.0343067328044304e-01	-6.1534921744548617e-02	0.0000000000000000e+00
3.4100000000000001e+00	8.0199740639390993e-01	-6.1848624946740441e-02	0.0000000000000000e+00
3.4150000000000000e+00	8.0055637037830396e-01	-6.2161921099858415e-02	0.0000000000000000e+00
3.4199999999999999e+00	7.9910756826913720e-01	-6.2474808257159384e-02	0.0000000000000000e+00
3.4250000000000003e+00	7.9765100315101456e-01	-6.2787284476378366e-02	0.0000000000000000e+00
3.4300000000000002e+00	7.9618667815806254e-01	-6.3099347819768087e-02	0.0000000000000000e+00
3.4350000000000001e+00	7.9471459647435494e-01	-6.3410996354107727e-02	0.0000000000000000e+00
3.4399999999999999e+00	7.9323476133434179e-01	-6.3722228150698529e-02	0.0000000000000000e+00
3.4450000000000003e+00	7.9174717602327516e-01	-6.4033041285427444e-02	0.0000000000000000e+00
3.4500000000000002e+00	7.9025184387763603e-01	-6.4343433838734240e-02	0.0000000000000000e+00
3.4550000000000001e+00	7.8874876828556095e-01	-6.4653403895683859e-02	0.0000000000000000e+00
3.4600000000000000e+00	7.8723795268726582e-01	-6.4962949545990578e-02	0.0000000000000000e+00
3.4649999999999999e+00	7.8571940057547185e-01	-6.5272068883949999e-02	0.0000000000000000e+00
3.4700000000000002e+00	7.8419311549583182e-01	-6.5580760008555311e-02	0.0000000000000000e+00
3.4750000000000001e+00	7.8265910104735104e-01	-6.5889021023477559e-02	0.0000000000000000e+00
3.4800000000000000e+00	7.8111736088281380e-01	-6.6196850037081048e-02	0.0000000000000000e+00
3.4849999999999999e+00	7.7956789870920373e-01	-6.6504245162458370e-02	0.0000000000000000e+00
3.4900000000000002e+00	7.7801071828812773e-01	-6.6811204517426018e-02	0.0000000000000000e+00
3.4950000000000001e+00	7.7644582343623669e-01	-6.7117726224579316e-02	0.0000000000000000e+00
3.5000000000000000e+00	7.7487321802564602e-01	-6.7423808411261665e-02	0.0000000000000000e+00
3.5049999999999999e+00	7.7329290598435707e-01	-6.7729449209628118e-02	0.0000000000000000e+00
3.5100000000000002e+00	7.7170489129667474e-01	-6.8034646756654257e-02	0.0000000000000000e+00
3.5150000000000001e+00	7.7010917800362666e-01	-6.8339399194138284e-02	0.0000000000000000e+00
3.5200000000000000e+00	7.6850577020338073e-01	-6.8643704668731792e-02	0.0000000000000000e+00
3.5249999999999999e+00	7.6689467205166206e-01	-6.8947561331946378e-02	0.0000000000000000e+00
3.5300000000000002e+00	7.6527588776216859e-01	-6.9250967340210634e-02	0.0000000000000000e+00
3.5350000000000001e+00	7.6364942160698490e-01	-6.9553920854828477e-02	0.0000000000000000e+00
3.5400000000000000e+00	7.6201527791699875e-01	-6.9856420042047160e-02	0.0000000000000000e+00
3.5449999999999999e+00	7.6037346108230985e-01	-7.0158463073057301e-02	0.0000000000000000e+00
3.5500000000000003e+00	7.5872397555264615e-01	-7.0460048123992841e-02	0.0000000000000000e+00
3.5550000000000002e+00	7.5706682583777085e-01	-7.0761173376007888e-02	0.0000000000000000e+00
3.5600000000000001e+00	7.5540201650789318e-01	-7.1061837015224005e-02	0.0000000000000000e+00
3.5649999999999999e+00	7.5372955219407778e-01	-7.1362037232774123e-02	0.0000000000000000e+00
3.5700000000000003e+00	7.5204943758865073e-01	-7.1661772224842032e-02	0.0000000000000000e+00
3.5750000000000002e+00	7.5036167744560589e-01	-7.1961040192664583e-02	0.0000000000000000e+00
3.5800000000000001e+00	7.4866627658100959e-01	-7.2259839342542626e-02	0.0000000000000000e+00
3.5850000000000000e+00	7.4696323987340407e-01	-7.2558167885856423e-02	0.0000000000000000e+00
3.5899999999999999e+00	7.4525257226420993e-01	-7.2856024039105072e-02	0.0000000000000000e+00
3.5950000000000002e+00	7.4353427875812617e-01	-7.3153406023930723e-02	0.0000000000000000e+00
3.6000000000000001e+00	7.4180836442352949e-01	-7.3450312067050452e-02	0.0000000000000000e+00
3.6050000000000000e+00	7.4007483439287514e-01	-7.3746740400394625e-02	0.0000000000000000e+00
3.6099999999999999e+00	7.3833369386308789e-01	-7.4042689261082678e-02	0.0000000000000000e+00
3.6150000000000002e+00	7.3658494809596220e-01	-7.4338156891368246e-02	0.0000000000000000e+00
3.6200000000000001e+00	7.3482860241855319e-01	-7.4633141538753334e-02	0.0000000000000000e+00
3.6250000000000000e+00	7.3306466222356925e-01	-7.4927641455950947e-02	0.0000000000000000e+00
3.6299999999999999e+00	7.3129313296976295e-01	-7.5221654900942153e-02	0.0000000000000000e+00
3.6350000000000002e+00	7.2951402018231759e-01	-7.5515180136954199e-02	0.0000000000000000e+00
3.6400000000000001e+00	7.2772732945323748e-01	-7.5808215432475776e-02	0.0000000000000000e+00
3.6450000000000000e+00	7.2593306644173106e-01	-7.6100759061298776e-02	0.0000000000000000e+00
3.6499999999999999e+00	7.2413123687459635e-01	-7.6392809302542442e-02	0.0000000000000000e+00
3.6550000000000002e+00	7.2232184654660081e-01	-7.6684364440657612e-02	0.0000000000000000e+00
3.6600000000000001e+00	7.2050490132086320e-01	-7.6975422765411597e-02	0.0000000000000000e+00
3.6650000000000000e+00	7.1868040712923187e-01	-7.7265982571929681e-02	0.0000000000000000e+00
3.6699999999999999e+00	7.1684836997266177e-01	-7.7556042160739039e-02	0.0000000000000000e+00
3.6750000000000003e+00	7.1500879592158706e-01	-7.7845599837777585e-02	0.0000000000000000e+00
3.6800000000000002e+00	7.1316169111629579e-01	-7.8134653914339033e-02	0.0000000000000000e+00
3.6850000000000001e+00	7.1130706176730152e-01	-7.8423202707171721e-02	0.0000000000000000e+00
3.6899999999999999e+00	7.0944491415570965e-01	-7.8711244538480690e-02	0.0000000000000000e+00
3.6950000000000003e+00	7.0757525463358673e-01	-7.8998777735892686e-02	0.0000000000000000e+00
3.7000000000000002e+00	7.0569808962432468e-01	-7.9285800632530726e-02	0.0000000000000000e+00
3.7050000000000001e+00	7.0381342562300342e-01	-7.9572311567033788e-02	0.0000000000000000e+00
3.7100000000000000e+00	7.0192126919675035e-01	-7.9858308883486717e-02	0.0000000000000000e+00
3.7149999999999999e+00	7.0002162698510362e-01	-8.0143790931521020e-02	0.0000000000000000e+00
3.7200000000000002e+00	6.9811450570036282e-01	-8.0428756066343476e-02	0.0000000000000000e+00
3.7250000000000001e+00	6.9619991212794685e-01	-8.0713202648641777e-02	0.0000000000000000e+00
3.7300000000000000e+00	6.9427785312674695e-01	-8.0997129044720548e-02	0.0000000000000000e+00
3.7349999999999999e+00	6.9234833562947273e-01	-8.1280533626464063e-02	0.0000000000000000e+00
3.7400000000000002e+00	6.9041136664300418e-01	-8.1563414771325241e-02	0.0000000000000000e+00
3.7450000000000001e+00	6.8846695324873430e-01	-8.1845770862393710e-02	0.0000000000000000e+00
3.7500000000000000e+00	6.8651510260291360e-01	-8.2127600288389183e-02	0.0000000000000000e+00
3.7549999999999999e+00	6.8455582193698983e-01	-8.2408901443674659e-02	0.0000000000000000e+00
3.7600000000000002e+00	6.8258911855794668e-01	-8.2689672728243208e-02	0.0000000000000000e+00
3.7650000000000001e+00	6.8061499984864127e-01	-8.2969912547792651e-02	0.0000000000000000e+00
3.7700000000000000e+00	6.7863347326813472e-01	-8.3249619313690362e-02	0.0000000000000000e+00
3.7749999999999999e+00	6.7664454635202664e-01	-8.3528791443008454e-02	0.0000000000000000e+00
3.7800000000000002e+00	6.7464822671278046e-01	-8.3807427358556619e-02	0.0000000000000000e+00
3.7850000000000001e+00	6.7264452204005198e-01	-8.4085525488840518e-02	0.0000000000000000e+00
3.7900000000000000e+00	6.7063344010101178e-01	-8.4363084268125332e-02	0.0000000000000000e+00
3.7949999999999999e+00	6.6861498874066672e-01	-8.4640102136448972e-02	0.0000000000000000e+00
3.8000000000000003e+00	6.6658917588217725e-01	-8.4916577539613292e-02	0.0000000000000000e+00
3.8050000000000002e+00	6.6455600952717464e-01	-8.5192508929197289e-02	0.0000000000000000e+00
3.8100000000000001e+00	6.6251549775607332e-01	-8.5467894762603094e-02	0.0000000000000000e+00
3.8149999999999999e+00	6.6046764872838060e-01	-8.5742733503034102e-02	0.0000000000000000e+00
3.8200000000000003e+00	6.5841247068300612e-01	-8.6017023619519101e-02	0.0000000000000000e+00
3.8250000000000002e+00	6.5634997193856504e-01	-8.6290763586958336e-02	0.0000000000000000e+00
3.8300000000000001e+00	6.5428016089368102e-01	-8.6563951886070828e-02	0.0000000000000000e+00
3.8350000000000000e+00	6.5220304602728651e-01	-8.6836587003460225e-02	0.0000000000000000e+00
3.8399999999999999e+00	6.5011863589891772e-01	-8.7108667431638948e-02	0.0000000000000000e+00
3.8450000000000002e+00	6.4802693914900922e-01	-8.7380191668990845e-02	0.0000000000000000e+00
3.8500000000000001e+00	6.4592796449918488e-01	-8.7651158219815131e-02	0.0000000000000000e+00
3.8550000000000000e+00	6.4382172075254618e-01	-8.7921565594339515e-02	0.0000000000000000e+00
3.8599999999999999e+00	6.4170821679395640e-01	-8.8191412308720199e-02	0.0000000000000000e+00
3.8650000000000002e+00	6.3958746159032398e-01	-8.8460696885085788e-02	0.0000000000000000e+00
3.8700000000000001e+00	6.3745946419088018e-01	-8.8729417851504344e-02	0.0000000000000000e+00
3.8750000000000000e+00	6.3532423372745761e-01	-8.8997573742016334e-02	0.0000000000000000e+00
3.8799999999999999e+00	6.3318177941476095e-01	-8.9265163096687236e-02	0.0000000000000000e+00
3.8850000000000002e+00	6.3103211055063846e-01	-8.9532184461552755e-02	0.0000000000000000e+00
3.8900000000000001e+00	6.2887523651634913e-01	-8.9798636388677994e-02	0.0000000000000000e+00
3.8950000000000000e+00	6.2671116677682559e-01	-9.0064517436148767e-02	0.0000000000000000e+00
3.8999999999999999e+00	6.2453991088093697e-01	-9.0329826168080260e-02	0.0000000000000000e+00
3.9050000000000002e+00	6.2236147846174472e-01	-9.0594561154665396e-02	0.0000000000000000e+00
3.9100000000000001e+00	6.2017587923675821e-01	-9.0858720972133114e-02	0.0000000000000000e+00
3.9150000000000000e+00	6.1798312300818670e-01	-9.1122304202807577e-02	0.0000000000000000e+00
3.9199999999999999e+00	6.1578321966318561e-01	-9.1385309435099468e-02	0.0000000000000000e+00
3.9250000000000003e+00	6.1357617917410401e-01	-9.1647735263523475e-02	0.0000000000000000e+00
3.9300000000000002e+00	6.1136201159872383e-01	-9.1909580288685164e-02	0.0000000000000000e+00
3.9350000000000001e+00	6.0914072708050171e-01	-9.2170843117329260e-02	0.0000000000000000e+00
3.9399999999999999e+00	6.0691233584880011e-01	-9.2431522362343976e-02	0.0000000000000000e+00
3.9450000000000003e+00	6.0467684821912293e-01	-9.2691616642750080e-02	0.0000000000000000e+00
3.9500000000000002e+00	6.0243427459334131e-01	-9.2951124583749226e-02	0.0000000000000000e+00
3.9550000000000001e+00	6.0018462545992046e-01	-9.3210044816673360e-02	0.0000000000000000e+00
3.9600000000000000e+00	5.9792791139414136e-01	-9.3468375979076979e-02	0.0000000000000000e+00
3.9650000000000003e+00	5.9566414305831816e-01	-9.3726116714699784e-02	0.0000000000000000e+00
3.9700000000000002e+00	5.9339333120201398e-01	-9.3983265673471095e-02	0.0000000000000000e+00
3.9750000000000001e+00	5.9111548666225233e-01	-9.4239821511536148e-02	0.0000000000000000e+00
3.9800000000000000e+00	5.8883062036372602e-01	-9.4495782891275859e-02	0.0000000000000000e+00
3.9849999999999999e+00	5.8653874331900002e-01	-9.4751148481317798e-02	0.0000000000000000e+00
3.9900000000000002e+00	5.8423986662871386e-01	-9.5005916956516431e-02	0.0000000000000000e+00
3.9950000000000001e+00	5.8193400148177932e-01	-9.5260086997994847e-02	0.0000000000000000e+00
4.0000000000000000e+00	5.7962115915557400e-01	-9.5513657293149076e-02	0.0000000000000000e+00
4.0049999999999999e+00	5.7730135101613178e-01	-9.5766626535652516e-02	0.0000000000000000e+00
4.0099999999999998e+00	5.7497458851833028e-01	-9.6018993425464730e-02	0.0000000000000000e+00
4.0149999999999997e+00	5.7264088320607387e-01	-9.6270756668851182e-02	0.0000000000000000e+00
4.0200000000000005e+00	5.7030024671247359e-01	-9.6521914978391979e-02	0.0000000000000000e+00
4.0250000000000004e+00	5.6795269076002286e-01	-9.6772467072984078e-02	0.0000000000000000e+00
4.0300000000000002e+00	5.6559822716077024e-01	-9.7022411677850112e-02	0.0000000000000000e+00
4.0350000000000001e+00	5.6323686781648874e-01	-9.7271747524562469e-02	0.0000000000000000e+00
4.0400000000000000e+00	5.6086862471883991e-01	-9.7520473351052073e-02	0.0000000000000000e+00
4.0449999999999999e+00	5.5849350994953562e-01	-9.7768587901588697e-02	0.0000000000000000e+00
4.0499999999999998e+00	5.5611153568049654e-01	-9.8016089926824743e-02	0.0000000000000000e+00
4.0549999999999997e+00	5.5372271417400520e-01	-9.8262978183795313e-02	0.0000000000000000e+00
4.0600000000000005e+00	5.5132705778285673e-01	-9.8509251435927009e-02	0.0000000000000000e+00
4.0650000000000004e+00	5.4892457895050450e-01	-9.8754908453064186e-02	0.0000000000000000e+00
4.0700000000000003e+00	5.4651529021120282e-01	-9.8999948011409766e-02	0.0000000000000000e+00
4.0750000000000002e+00	5.4409920419014846e-01	-9.9244368893610754e-02	0.0000000000000000e+00
4.0800000000000001e+00	5.4167633360361167e-01	-9.9488169888764910e-02	0.0000000000000000e+00
4.0850000000000000e+00	5.3924669125907021e-01	-9.9731349792385585e-02	0.0000000000000000e+00
4.0899999999999999e+00	5.3681029005533498e-01	-9.9973907406421425e-02	0.0000000000000000e+00
4.0949999999999998e+00	5.3436714298267596e-01	-1.0021584153928284e-01	0.0000000000000000e+00
4.0999999999999996e+00	5.3191726312293897e-01	-1.0045715100586593e-01	0.0000000000000000e+00
4.1050000000000004e+00	5.2946066364966293e-01	-1.0069783462748906e-01	0.0000000000000000e+00
4.1100000000000003e+00	5.2699735782819335e-01	-1.0093789123200465e-01	0.0000000000000000e+00
4.1150000000000002e+00	5.2452735901578551e-01	-1.0117731965373120e-01	0.0000000000000000e+00
4.1200000000000001e+00	5.2205068066171445e-01	-1.0141611873344226e-01	0.0000000000000000e+00
4.1250000000000000e+00	5.1956733630737140e-01	-1.0165428731850254e-01	0.0000000000000000e+00
4.1299999999999999e+00	5.1707733958635915e-01	-1.0189182426274720e-01	0.0000000000000000e+00
4.1349999999999998e+00	5.1458070422458724e-01	-1.0212872842648621e-01	0.0000000000000000e+00
4.1399999999999997e+00	5.1207744404035938e-01	-1.0236499867663607e-01	0.0000000000000000e+00
4.1450000000000005e+00	5.0956757294445476e-01	-1.0260063388663195e-01	0.0000000000000000e+00
4.1500000000000004e+00	5.0705110494021222e-01	-1.0283563293640581e-01	0.0000000000000000e+00
4.1550000000000002e+00	5.0452805412360469e-01	-1.0306999471250056e-01	0.0000000000000000e+00
4.1600000000000001e+00	5.0199843468331018e-01	-1.0330371810799306e-01	0.0000000000000000e+00
4.1650000000000000e+00	4.9946226090078288e-01	-1.0353680202253164e-01	0.0000000000000000e+00
4.1699999999999999e+00	4.9691954715031378e-01	-1.0376924536235356e-01	0.0000000000000000e+00
4.1749999999999998e+00	4.9437030789909359e-01	-1.0400104704026084e-01	0.0000000000000000e+00
4.1799999999999997e+00	4.9181455770726695e-01	-1.0423220597565869e-01	0.0000000000000000e+00
4.1850000000000005e+00	4.8925231122798529e-01	-1.0446272109453911e-01	0.0000000000000000e+00
4.1900000000000004e+00	4.8668358320745436e-01	-1.0469259132951478e-01	0.0000000000000000e+00
4.1950000000000003e+00	4.8410838848497734e-01	-1.0492181561980166e-01	0.0000000000000000e+00
4.2000000000000002e+00	4.8152674199299561e-01	-1.0515039291122427e-01	0.0000000000000000e+00
4.2050000000000001e+00	4.7893865875712355e-01	-1.0537832215624883e-01	0.0000000000000000e+00
4.2100000000000000e+00	4.7634415389617979e-01	-1.0560560231396446e-01	0.0000000000000000e+00
4.2149999999999999e+00	4.7374324262221512e-01	-1.0583223235010517e-01	0.0000000000000000e+00
4.2199999999999998e+00	4.7113594024053462e-01	-1.0605821123706519e-01	0.0000000000000000e+00
4.2249999999999996e+00	4.6852226214971693e-01	-1.0628353795385402e-01	0.0000000000000000e+00
4.2300000000000004e+00	4.6590222384163049e-01	-1.0650821148615128e-01	0.0000000000000000e+00
4.2350000000000003e+00	4.6327584090144219e-01	-1.0673223082633634e-01	0.0000000000000000e+00
4.2400000000000002e+00	4.6064312900762427e-01	-1.0695559497341479e-01	0.0000000000000000e+00
4.2450000000000001e+00	4.5800410393195834e-01	-1.0717830293308754e-01	0.0000000000000000e+00
4.2500000000000000e+00	4.5535878153953069e-01	-1.0740035371773883e-01	0.0000000000000000e+00
4.2549999999999999e+00	4.5270717778872926e-01	-1.0762174634644710e-01	0.0000000000000000e+00
4.2599999999999998e+00	4.5004930873123011e-01	-1.0784247984496644e-01	0.0000000000000000e+00
4.2649999999999997e+00	4.4738519051198694e-01	-1.0806255324576268e-01	0.0000000000000000e+00
4.2700000000000005e+00	4.4471483936920808e-01	-1.0828196558803217e-01	0.0000000000000000e+00
4.2750000000000004e+00	4.4203827163433668e-01	-1.0850071591761831e-01	0.0000000000000000e+00
4.2800000000000002e+00	4.3935550373202387e-01	-1.0871880328711905e-01	0.0000000000000000e+00
4.2850000000000001e+00	4.3666655218009520e-01	-1.0893622675589468e-01	0.0000000000000000e+00
4.2900000000000000e+00	4.3397143358951540e-01	-1.0915298538997223e-01	0.0000000000000000e+00
4.2949999999999999e+00	4.3127016466435153e-01	-1.0936907826213121e-01	0.0000000000000000e+00
4.2999999999999998e+00	4.2856276220172485e-01	-1.0958450445188263e-01	0.0000000000000000e+00
4.3049999999999997e+00	4.2584924309176719e-01	-1.0979926304547673e-01	0.0000000000000000e+00
4.3100000000000005e+00	4.2312962431756418e-01	-1.1001335313593370e-01	0.0000000000000000e+00
4.3150000000000004e+00	4.2040392295510154e-01	-1.1022677382299761e-01	0.0000000000000000e+00
4.3200000000000003e+00	4.1767215617320258e-01	-1.1043952421320771e-01	0.0000000000000000e+00
4.3250000000000002e+00	4.1493434123346279e-01	-1.1065160341982053e-01	0.0000000000000000e+00
4.3300000000000001e+00	4.1219049549018283e-01	-1.1086301056286364e-01	0.0000000000000000e+00
4.3350000000000000e+00	4.0944063639029205e-01	-1.1107374476914116e-01	0.0000000000000000e+00
4.3399999999999999e+00	4.0668478147327303e-01	-1.1128380517226222e-01	0.0000000000000000e+00
4.3449999999999998e+00	4.0392294837107562e-01	-1.1149319091257963e-01	0.0000000000000000e+00
4.3500000000000005e+00	4.0115515480803582e-01	-1.1170190113720183e-01	0.0000000000000000e+00
4.3550000000000004e+00	3.9838141860078108e-01	-1.1190993500008732e-01	0.0000000000000000e+00
4.3600000000000003e+00	3.9560175765813638e-01	-1.1211729166195797e-01	0.0000000000000000e+00
4.3650000000000002e+00	3.9281618998102524e-01	-1.1232397029030884e-01	0.0000000000000000e+00
4.3700000000000001e+00	3.9002473366236717e-01	-1.1252997005943791e-01	0.0000000000000000e+00
4.3750000000000000e+00	3.8722740688696877e-01	-1.1273529015047125e-01	0.0000000000000000e+00
4.3799999999999999e+00	3.8442422793141168e-01	-1.1293992975132017e-01	0.0000000000000000e+00
4.3849999999999998e+00	3.8161521516393748e-01	-1.1314388805669670e-01	0.0000000000000000e+00
4.3899999999999997e+00	3.7880038704432639e-01	-1.1334716426813767e-01	0.0000000000000000e+00
4.3950000000000005e+00	3.7597976212377276e-01	-1.1354975759398384e-01	0.0000000000000000e+00
4.4000000000000004e+00	3.7315335904475655e-01	-1.1375166724938870e-01	0.0000000000000000e+00
4.4050000000000002e+00	3.7032119654091000e-01	-1.1395289245635362e-01	0.0000000000000000e+00
4.4100000000000001e+00	3.6748329343687874e-01	-1.1415343244368498e-01	0.0000000000000000e+00
4.4150000000000000e+00	3.6463966864818259e-01	-1.1435328644699860e-01	0.0000000000000000e+00
4.4199999999999999e+00	3.6179034118106806e-01	-1.1455245370876040e-01	0.0000000000000000e+00
4.4249999999999998e+00	3.5893533013235873e-01	-1.1475093347826316e-01	0.0000000000000000e+00
4.4299999999999997e+00	3.5607465468930055e-01	-1.1494872501162683e-01	0.0000000000000000e+00
4.4350000000000005e+00	3.5320833412940383e-01	-1.1514582757182669e-01	0.0000000000000000e+00
4.4400000000000004e+00	3.5033638782027887e-01	-1.1534224042866298e-01	0.0000000000000000e+00
4.4450000000000003e+00	3.4745883521947113e-01	-1.1553796285877493e-01	0.0000000000000000e+00
4.4500000000000002e+00	3.4457569587428794e-01	-1.1573299414563860e-01	0.0000000000000000e+00
4.4550000000000001e+00	3.4168698942162534e-01	-1.1592733357958236e-01	0.0000000000000000e+00
4.4600000000000000e+00	3.3879273558778550e-01	-1.1612098045779223e-01	0.0000000000000000e+00
4.4649999999999999e+00	3.3589295418829540e-01	-1.1631393408429551e-01	0.0000000000000000e+00
4.4699999999999998e+00	3.3298766512771649e-01	-1.1650619376998379e-01	0.0000000000000000e+00
4.4750000000000005e+00	3.3007688839945398e-01	-1.1669775883255701e-01	0.0000000000000000e+00
4.4800000000000004e+00	3.2716064408556111e-01	-1.1688862859659914e-01	0.0000000000000000e+00
4.4850000000000003e+00	3.2423895235653610e-01	-1.1707880239357818e-01	0.0000000000000000e+00
4.4900000000000002e+00	3.2131183347111836e-01	-1.1726827956178368e-01	0.0000000000000000e+00
4.4950000000000001e+00	3.1837930777608031e-01	-1.1745705944635190e-01	0.0000000000000000e+00
4.5000000000000000e+00	3.1544139570601409e-01	-1.1764514139931628e-01	0.0000000000000000e+00
4.5049999999999999e+00	3.1249811778311237e-01	-1.1783252477954062e-01	0.0000000000000000e+00
4.5099999999999998e+00	3.0954949461695042e-01	-1.1801920895276503e-01	0.0000000000000000e+00
4.5149999999999997e+00	3.0659554690425617e-01	-1.1820519329159389e-01	0.0000000000000000e+00
4.5200000000000005e+00	3.0363629542868487e-01	-1.1839047717548387e-01	0.0000000000000000e+00
4.5250000000000004e+00	3.0067176106058158e-01	-1.1857505999077564e-01	0.0000000000000000e+00
4.5300000000000002e+00	2.9770196475674565e-01	-1.1875894113065441e-01	0.0000000000000000e+00
4.5350000000000001e+00	2.9472692756018753e-01	-1.1894211999517083e-01	0.0000000000000000e+00
4.5400000000000000e+00	2.9174667059988363e-01	-1.1912459599124965e-01	0.0000000000000000e+00
4.5449999999999999e+00	2.8876121509052471e-01	-1.1930636853269862e-01	0.0000000000000000e+00
4.5499999999999998e+00	2.8577058233226221e-01	-1.1948743704016782e-01	0.0000000000000000e+00
4.5549999999999997e+00	2.8277479371045033e-01	-1.1966780094117489e-01	0.0000000000000000e+00
4.5600000000000005e+00	2.7977387069538329e-01	-1.1984745967011610e-01	0.0000000000000000e+00
4.5650000000000004e+00	2.7676783484202849e-01	-1.2002641266824865e-01	0.0000000000000000e+00
4.5700000000000003e+00	2.7375670778975658e-01	-1.2020465938370060e-01	0.0000000000000000e+00
4.5750000000000002e+00	2.7074051126206627e-01	-1.2038219927146222e-01	0.0000000000000000e+00
4.5800000000000001e+00	2.6771926706630672e-01	-1.2055903179339347e-01	0.0000000000000000e+00
4.5850000000000000e+00	2.6469299709339378e-01	-1.2073515641822627e-01	0.0000000000000000e+00
4.5899999999999999e+00	2.6166172331752430e-01	-1.2091057262153715e-01	0.0000000000000000e+00
4.5949999999999998e+00	2.5862546779588608e-01	-1.2108527988578772e-01	0.0000000000000000e+00
4.6000000000000005e+00	2.5558425266836160e-01	-1.2125927770030066e-01	0.0000000000000000e+00
4.6050000000000004e+00	2.5253810015723155e-01	-1.2143256556125961e-01	0.0000000000000000e+00
4.6100000000000003e+00	2.4948703256687083e-01	-1.2160514297170479e-01	0.0000000000000000e+00
4.6150000000000002e+00	2.4643107228344394e-01	-1.2177700944155888e-01	0.0000000000000000e+00
4.6200000000000001e+00	2.4337024177459207e-01	-1.2194816448760611e-01	0.0000000000000000e+00
4.6250000000000000e+00	2.4030456358912153e-01	-1.2211860763343951e-01	0.0000000000000000e+00
4.6299999999999999e+00	2.3723406035668573e-01	-1.2228833840955219e-01	0.0000000000000000e+00
4.6349999999999998e+00	2.3415875478746120e-01	-1.2245735635332121e-01	0.0000000000000000e+00
4.6399999999999997e+00	2.3107866967182250e-01	-1.2262566100892927e-01	0.0000000000000000e+00
4.6450000000000005e+00	2.2799382788001440e-01	-1.2279325192744252e-01	0.0000000000000000e+00
4.6500000000000004e+00	2.2490425236181510e-01	-1.2296012866676623e-01	0.0000000000000000e+00
4.6550000000000002e+00	2.2180996614620305e-01	-1.2312629079164415e-01	0.0000000000000000e+00
4.6600000000000001e+00	2.1871099234101232e-01	-1.2329173787371998e-01	0.0000000000000000e+00
4.6650000000000000e+00	2.1560735413258864e-01	-1.2345646949144085e-01	0.0000000000000000e+00
4.6699999999999999e+00	2.1249907478544211e-01	-1.2362048523011868e-01	0.0000000000000000e+00
4.6749999999999998e+00	2.0938617764189235e-01	-1.2378378468189738e-01	0.0000000000000000e+00
4.6799999999999997e+00	2.0626868612171539e-01	-1.2394636744576042e-01	0.0000000000000000e+00
4.6850000000000005e+00	2.0314662372178077e-01	-1.2410823312756164e-01	0.0000000000000000e+00
4.6900000000000004e+00	2.0002001401568931e-01	-1.2426938133994621e-01	0.0000000000000000e+00
4.6950000000000003e+00	1.9688888065340671e-01	-1.2442981170243345e-01	0.0000000000000000e+00
4.7000000000000002e+00	1.9375324736088964e-01	-1.2458952384135431e-01	0.0000000000000000e+00
4.7050000000000001e+00	1.9061313793971499e-01	-1.2474851738987662e-01	0.0000000000000000e+00
4.7100000000000000e+00	1.8746857626669722e-01	-1.2490679198800730e-01	0.0000000000000000e+00
4.7149999999999999e+00	1.8431958629351022e-01	-1.2506434728254950e-01	0.0000000000000000e+00
4.7199999999999998e+00	1.8116619204629930e-01	-1.2522118292715645e-01	0.0000000000000000e+00
4.7250000000000005e+00	1.7800841762529296e-01	-1.2537729858227153e-01	0.0000000000000000e+00
4.7300000000000004e+00	1.7484628720441064e-01	-1.2553269391518443e-01	0.0000000000000000e+00
4.7350000000000003e+00	1.7167982503086443e-01	-1.2568736859998986e-01	0.0000000000000000e+00
4.7400000000000002e+00	1.6850905542476155e-01	-1.2584132231757103e-01	0.0000000000000000e+00
4.7450000000000001e+00	1.6533400277869961e-01	-1.2599455475565366e-01	0.0000000000000000e+00
4.7500000000000000e+00	1.6215469155735934e-01	-1.2614706560873928e-01	0.0000000000000000e+00
4.7549999999999999e+00	1.5897114629709591e-01	-1.2629885457811874e-01	0.0000000000000000e+00
4.7599999999999998e+00	1.5578339160552382e-01	-1.2644992137191580e-01	0.0000000000000000e+00
4.7649999999999997e+00	1.5259145216109907e-01	-1.2660026570503133e-01	0.0000000000000000e+00
4.7700000000000005e+00	1.4939535271269971e-01	-1.2674988729914655e-01	0.0000000000000000e+00
4.7750000000000004e+00	1.4619511807920077e-01	-1.2689878588273298e-01	0.0000000000000000e+00
4.7800000000000002e+00	1.4299077314904743e-01	-1.2704696119102821e-01	0.0000000000000000e+00
4.7850000000000001e+00	1.3978234287982411e-01	-1.2719441296608688e-01	0.0000000000000000e+00
4.7900000000000000e+00	1.3656985229781818e-01	-1.2734114095670959e-01	0.0000000000000000e+00
4.7949999999999999e+00	1.3335332649758574e-01	-1.2748714491845528e-01	0.0000000000000000e+00
4.7999999999999998e+00	1.3013279064150785e-01	-1.2763242461368135e-01	0.0000000000000000e+00
4.8049999999999997e+00	1.2690826995934754e-01	-1.2777697981145675e-01	0.0000000000000000e+00
4.8100000000000005e+00	1.2367978974780348e-01	-1.2792081028766203e-01	0.0000000000000000e+00
4.8150000000000004e+00	1.2044737537005537e-01	-1.2806391582489707e-01	0.0000000000000000e+00
4.8200000000000003e+00	1.1721105225531551e-01	-1.2820629621251697e-01	0.0000000000000000e+00
4.8250000000000002e+00	1.1397084589836561e-01	-1.2834795124660967e-01	0.0000000000000000e+00
4.8300000000000001e+00	1.1072678185910299e-01	-1.2848888073000875e-01	0.0000000000000000e+00
4.8350000000000000e+00	1.0747888576207010e-01	-1.2862908447229457e-01	0.0000000000000000e+00
4.8399999999999999e+00	1.0422718329599412e-01	-1.2876856228974629e-01	0.0000000000000000e+00
4.8449999999999998e+00	1.0097170021331239e-01	-1.2890731400539693e-01	0.0000000000000000e+00
4.8500000000000005e+00	9.7712462329702765e-02	-1.2904533944896490e-01	0.0000000000000000e+00
4.8550000000000004e+00	9.4449495523606028e-02	-1.2918263845691119e-01	0.0000000000000000e+00
4.8600000000000003e+00	9.1182825735747042e-02	-1.2931921087238110e-01	0.0000000000000000e+00
4.8650000000000002e+00	8.7912478968653673e-02	-1.2945505654524830e-01	0.0000000000000000e+00
4.8700000000000001e+00	8.4638481286169465e-02	-1.2959017533206138e-01	0.0000000000000000e+00
4.8750000000000000e+00	8.1360858812968992e-02	-1.2972456709605121e-01	0.0000000000000000e+00
4.8799999999999999e+00	7.8079637734063928e-02	-1.2985823170716071e-01	0.0000000000000000e+00
4.8849999999999998e+00	7.4794844294310658e-02	-1.2999116904200783e-01	0.0000000000000000e+00
4.8899999999999997e+00	7.1506504797912152e-02	-1.3012337898387485e-01	0.0000000000000000e+00
4.8950000000000005e+00	6.8214645607919996e-02	-1.3025486142272058e-01	0.0000000000000000e+00
4.9000000000000004e+00	6.4919293145729556e-02	-1.3038561625514619e-01	0.0000000000000000e+00
4.9050000000000002e+00	6.1620473890577815e-02	-1.3051564338441654e-01	0.0000000000000000e+00
4.9100000000000001e+00	5.8318214379031362e-02	-1.3064494272048982e-01	0.0000000000000000e+00
4.9150000000000000e+00	5.5012541204476906e-02	-1.3077351417991415e-01	0.0000000000000000e+00
4.9199999999999999e+00	5.1703481016608592e-02	-1.3090135768589328e-01	0.0000000000000000e+00
4.9249999999999998e+00	4.8391060520909329e-02	-1.3102847316826402e-01	0.0000000000000000e+00
4.9299999999999997e+00	4.5075306478133480e-02	-1.3115486056348649e-01	0.0000000000000000e+00
4.9350000000000005e+00	4.1756245703782918e-02	-1.3128051981464303e-01	0.0000000000000000e+00
4.9400000000000004e+00	3.8433905067584109e-02	-1.3140545087142219e-01	0.0000000000000000e+00
4.9450000000000003e+00	3.5108311492959288e-02	-1.3152965369013592e-01	0.0000000000000000e+00
4.9500000000000002e+00	3.1779491956497062e-02	-1.3165312823366704e-01	0.0000000000000000e+00
4.9550000000000001e+00	2.8447473487420716e-02	-1.3177587447150402e-01	0.0000000000000000e+00
4.9600000000000000e+00	2.5112283167051514e-02	-1.3189789237972349e-01	0.0000000000000000e+00
4.9649999999999999e+00	2.1773948128272415e-02	-1.3201918194096487e-01	0.0000000000000000e+00
4.9699999999999998e+00	1.8432495554987261e-02	-1.3213974314447330e-01	0.0000000000000000e+00
4.9750000000000005e+00	1.5087952681576934e-02	-1.3225957598601254e-01	0.0000000000000000e+00
4.9800000000000004e+00	1.1740346792357626e-02	-1.3237868046791773e-01	0.0000000000000000e+00
4.9850000000000003e+00	8.3897052210290379e-03	-1.3249705659910374e-01	0.0000000000000000e+00
4.9900000000000002e+00	5.0360553501270161e-03	-1.3261470439498677e-01	0.0000000000000000e+00
4.9950000000000001e+00	1.6794246104705262e-03	-1.3267334621143967e-01	0.0000000000000000e+00
