2.5000000000000001e-03	-7.6862256073745305e-04
7.4999999999999997e-03	5.4768064741118838e-02
1.2500000000000001e-02	1.1029824493040724e-01
1.7500000000000002e-02	1.6581525717004431e-01
2.2499999999999999e-02	2.2131244062294808e-01
2.7500000000000000e-02	2.7678313445204134e-01
3.2500000000000001e-02	3.3222067782024112e-01
3.7499999999999999e-02	3.8761840989046520e-01
4.2500000000000003e-02	4.4296966982563263e-01
4.7500000000000001e-02	4.9826779678866284e-01
5.2499999999999998e-02	5.5350612994247483e-01
5.7500000000000002e-02	6.0867800844998710e-01
6.2500000000000000e-02	6.6377677147411607e-01
6.7500000000000004e-02	7.1879575817778485e-01
7.2499999999999995e-02	7.7372830772391010e-01
7.7499999999999999e-02	8.2856775927541060e-01
8.2500000000000004e-02	8.8330745199520422e-01
8.7500000000000008e-02	9.3794072504621129e-01
9.2499999999999999e-02	9.9246091759134902e-01
9.7500000000000003e-02	1.0468613687935395e+00
1.0250000000000001e-01	1.1011354178156982e+00
1.0750000000000000e-01	1.1552764038207450e+00
1.1250000000000000e-01	1.2092776659715985e+00
1.1750000000000001e-01	1.2631325434311784e+00
1.2250000000000000e-01	1.3168343753624034e+00
1.2750000000000000e-01	1.3703765009281899e+00
1.3250000000000001e-01	1.4237522592914587e+00
1.3750000000000001e-01	1.4769549896151291e+00
1.4250000000000002e-01	1.5299780310621198e+00
1.4749999999999999e-01	1.5828147227953475e+00
1.5250000000000000e-01	1.6354584039777333e+00
1.5750000000000000e-01	1.6879024137721959e+00
1.6250000000000001e-01	1.7401400913416518e+00
1.6750000000000001e-01	1.7921647758490218e+00
1.7250000000000001e-01	1.8439698064572250e+00
1.7749999999999999e-01	1.8955485223291793e+00
1.8250000000000000e-01	1.9468942626278036e+00
1.8750000000000000e-01	1.9980003665160169e+00
1.9250000000000000e-01	2.0488601731567373e+00
1.9750000000000001e-01	2.0994670217128846e+00
2.0250000000000001e-01	2.1498142513473777e+00
2.0750000000000002e-01	2.1998952012231325e+00
2.1249999999999999e-01	2.2497032105030721e+00
2.1750000000000000e-01	2.2992316183501127e+00
2.2250000000000000e-01	2.3484737639271747e+00
2.2750000000000001e-01	2.3974229863971757e+00
2.3250000000000001e-01	2.4460726249230338e+00
2.3750000000000002e-01	2.4944160186676694e+00
2.4249999999999999e-01	2.5424465067940005e+00
2.4750000000000000e-01	2.5901574284649462e+00
2.5250000000000000e-01	2.6375421228434259e+00
2.5750000000000001e-01	2.6845939290923573e+00
2.6250000000000001e-01	2.7313061863746588e+00
2.6750000000000002e-01	2.7776722338532500e+00
2.7250000000000002e-01	2.8236854106910503e+00
2.7750000000000002e-01	2.8693390560509777e+00
2.8250000000000003e-01	2.9146265090959504e+00
2.8750000000000003e-01	2.9595411089888888e+00
2.9249999999999998e-01	3.0040761948927104e+00
2.9749999999999999e-01	3.0482251059703342e+00
3.0249999999999999e-01	3.0919811813846794e+00
3.0750000000000000e-01	3.1353377602986652e+00
3.1250000000000000e-01	3.1782881818752093e+00
3.1750000000000000e-01	3.2208257852772308e+00
3.2250000000000001e-01	3.2629439096676491e+00
3.2750000000000001e-01	3.3046358942093832e+00
3.3250000000000002e-01	3.3458950780653502e+00
3.3750000000000002e-01	3.3867148003984702e+00
3.4250000000000003e-01	3.4270884003716615e+00
3.4750000000000003e-01	3.4670092171478428e+00
3.5249999999999998e-01	3.5064705898899349e+00
3.5749999999999998e-01	3.5454658577608544e+00
3.6249999999999999e-01	3.5839883599235201e+00
3.6749999999999999e-01	3.6220314355408529e+00
3.7250000000000000e-01	3.6595884237757685e+00
3.7750000000000000e-01	3.6966526637911876e+00
3.8250000000000001e-01	3.7332174947500292e+00
3.8750000000000001e-01	3.7692762558152113e+00
3.9250000000000002e-01	3.8048222861496535e+00
3.9750000000000002e-01	3.8398489249162733e+00
4.0250000000000002e-01	3.8743495112779902e+00
4.0750000000000003e-01	3.9083173843977237e+00
4.1250000000000003e-01	3.9417458834383923e+00
4.1749999999999998e-01	3.9746283475629145e+00
4.2249999999999999e-01	4.0069581159342080e+00
4.2749999999999999e-01	4.0387285277151923e+00
4.3250000000000000e-01	4.0699329220687881e+00
4.3750000000000000e-01	4.1005646381579126e+00
4.4250000000000000e-01	4.1306170151454840e+00
4.4750000000000001e-01	4.1600833921944202e+00
4.5250000000000001e-01	4.1889571084676440e+00
4.5750000000000002e-01	4.2172315031280707e+00
4.6250000000000002e-01	4.2448999153386202e+00
4.6750000000000003e-01	4.2719556842622124e+00
4.7250000000000003e-01	4.2983921490617627e+00
4.7750000000000004e-01	4.3242026489001946e+00
4.8249999999999998e-01	4.3493805229404225e+00
4.8749999999999999e-01	4.3739191103453692e+00
4.9249999999999999e-01	4.3978117502779499e+00
4.9750000000000000e-01	4.4210517819010837e+00
5.0250000000000006e-01	4.4436325443776932e+00
5.0750000000000006e-01	4.4656603134693329e+00
5.1249999999999996e-01	4.4872480206000080e+00
5.1749999999999996e-01	4.5083989884263076e+00
5.2249999999999996e-01	4.5291165396048276e+00
5.2749999999999997e-01	4.5494039967921527e+00
5.3249999999999997e-01	4.5692646826448771e+00
5.3749999999999998e-01	4.5887019198195880e+00
5.4249999999999998e-01	4.6077190309728771e+00
5.4749999999999999e-01	4.6263193387613333e+00
5.5249999999999999e-01	4.6445061658415510e+00
5.5750000000000000e-01	4.6622828348701182e+00
5.6250000000000000e-01	4.6796526685036239e+00
5.6750000000000000e-01	4.6966189893986572e+00
5.7250000000000001e-01	4.7131851202118185e+00
5.7750000000000001e-01	4.7293543835996861e+00
5.8250000000000002e-01	4.7451301022188579e+00
5.8750000000000002e-01	4.7605155987259158e+00
5.9250000000000003e-01	4.7755141957774629e+00
5.9750000000000003e-01	4.7901292160300795e+00
6.0250000000000004e-01	4.8043639821403614e+00
6.0750000000000004e-01	4.8182218167648942e+00
6.1250000000000004e-01	4.8317060425602714e+00
6.1750000000000005e-01	4.8448199821830853e+00
6.2250000000000005e-01	4.8575669582899197e+00
6.2750000000000006e-01	4.8699502935373715e+00
6.3250000000000006e-01	4.8819733105820280e+00
6.3750000000000007e-01	4.8936393320804825e+00
6.4249999999999996e-01	4.9049516806893223e+00
6.4749999999999996e-01	4.9159136790651381e+00
6.5249999999999997e-01	4.9265286498645198e+00
6.5749999999999997e-01	4.9367999157440634e+00
6.6249999999999998e-01	4.9467307993603509e+00
6.6749999999999998e-01	4.9563246233699765e+00
6.7249999999999999e-01	4.9655847104295328e+00
6.7749999999999999e-01	4.9745143831956069e+00
6.8250000000000000e-01	4.9831169643247915e+00
6.8750000000000000e-01	4.9913957764736745e+00
6.9250000000000000e-01	4.9993541422988486e+00
6.9750000000000001e-01	5.0069953844569097e+00
7.0250000000000001e-01	5.0143228256044319e+00
7.0750000000000002e-01	5.0213397883980218e+00
7.1250000000000002e-01	5.0280495954942568e+00
7.1750000000000003e-01	5.0344555695497419e+00
7.2250000000000003e-01	5.0405610332210538e+00
7.2750000000000004e-01	5.0463693091647928e+00
7.3250000000000004e-01	5.0518837200375444e+00
7.3750000000000004e-01	5.0571075884958967e+00
7.4250000000000005e-01	5.0620442371964485e+00
7.4750000000000005e-01	5.0666969887957825e+00
7.5250000000000006e-01	5.0710691659504894e+00
7.5750000000000006e-01	5.0751640913171636e+00
7.6250000000000007e-01	5.0789850875523932e+00
7.6750000000000007e-01	5.0825354773127707e+00
7.7249999999999996e-01	5.0858185832548832e+00
7.7749999999999997e-01	5.0888377280353216e+00
7.8249999999999997e-01	5.0915962343106802e+00
7.8749999999999998e-01	5.0940974247375443e+00
7.9249999999999998e-01	5.0963446219725084e+00
7.9749999999999999e-01	5.0983411486721595e+00
8.0249999999999999e-01	5.1000903274930902e+00
8.0750000000000000e-01	5.1015954810918904e+00
8.1250000000000000e-01	5.1028599321251527e+00
8.1750000000000000e-01	5.1038870032494605e+00
8.2250000000000001e-01	5.1046800171214137e+00
8.2750000000000001e-01	5.1052422963975967e+00
8.3250000000000002e-01	5.1055771637345977e+00
8.3750000000000002e-01	5.1056879417890135e+00
8.4250000000000003e-01	5.1055779532174324e+00
8.4750000000000003e-01	5.1052505206764414e+00
8.5250000000000004e-01	5.1047089668226349e+00
8.5750000000000004e-01	5.1039566143126027e+00
8.6250000000000004e-01	5.1029967858029304e+00
8.6750000000000005e-01	5.1018328039502174e+00
8.7250000000000005e-01	5.1004679914110458e+00
8.7750000000000006e-01	5.0989056708420106e+00
8.8250000000000006e-01	5.0971491648996992e+00
8.8750000000000007e-01	5.0952017962407048e+00
8.9250000000000007e-01	5.0930668875216165e+00
8.9749999999999996e-01	5.0907477613990242e+00
9.0249999999999997e-01	5.0882477405295194e+00
9.0749999999999997e-01	5.0855701475696913e+00
9.1249999999999998e-01	5.0827183051761331e+00
9.1749999999999998e-01	5.0796955360054303e+00
9.2249999999999999e-01	5.0765051627141791e+00
9.2749999999999999e-01	5.0731505079589638e+00
9.3250000000000000e-01	5.0696348943963807e+00
9.3750000000000000e-01	5.0659616446830142e+00
9.4250000000000000e-01	5.0621340814754596e+00
9.4750000000000001e-01	5.0581555274303049e+00
9.5250000000000001e-01	5.0540293052041418e+00
9.5750000000000002e-01	5.0497587374535584e+00
9.6250000000000002e-01	5.0453471468351516e+00
9.6750000000000003e-01	5.0407978560055025e+00
9.7250000000000003e-01	5.0361141876212070e+00
9.7750000000000004e-01	5.0312994643388542e+00
9.8250000000000004e-01	5.0263570088150358e+00
9.8750000000000004e-01	5.0212901437063406e+00
9.9250000000000005e-01	5.0161021916693596e+00
9.9750000000000005e-01	5.0107964753606833e+00
1.0024999999999999e+00	5.0053763174369017e+00
1.0075000000000001e+00	4.9998450405546038e+00
1.0125000000000000e+00	4.9942059673703838e+00
1.0175000000000001e+00	4.9884624205408299e+00
1.0225000000000000e+00	4.9826177227225310e+00
1.0275000000000001e+00	4.9766751965720797e+00
1.0325000000000000e+00	4.9706381647460667e+00
1.0375000000000001e+00	4.9645099499010819e+00
1.0425000000000000e+00	4.9582938746937133e+00
1.0475000000000001e+00	4.9519932617805535e+00
1.0525000000000000e+00	4.9456114338181933e+00
1.0575000000000001e+00	4.9391517134632226e+00
1.0625000000000000e+00	4.9326174233722302e+00
1.0675000000000001e+00	4.9260118862018087e+00
1.0725000000000000e+00	4.9193384246085490e+00
1.0775000000000001e+00	4.9126003612490390e+00
1.0825000000000000e+00	4.9058010187798722e+00
1.0875000000000001e+00	4.8989437198576340e+00
1.0925000000000000e+00	4.8920317871389178e+00
1.0974999999999999e+00	4.8850685432803171e+00
1.1025000000000000e+00	4.8780573109384182e+00
1.1074999999999999e+00	4.8710014127698109e+00
1.1125000000000000e+00	4.8639041714310887e+00
1.1174999999999999e+00	4.8567689095788413e+00
1.1225000000000001e+00	4.8495989498696579e+00
1.1274999999999999e+00	4.8423976149601291e+00
1.1325000000000001e+00	4.8351682275068448e+00
1.1375000000000000e+00	4.8279141101663967e+00
1.1425000000000001e+00	4.8206385855953755e+00
1.1475000000000000e+00	4.8133449764503702e+00
1.1525000000000001e+00	4.8060366053879706e+00
1.1575000000000000e+00	4.7987167950647702e+00
1.1625000000000001e+00	4.7913888681373562e+00
1.1675000000000000e+00	4.7840561472623202e+00
1.1725000000000001e+00	4.7767219550962539e+00
1.1775000000000000e+00	4.7693896142957461e+00
1.1825000000000001e+00	4.7620624475173869e+00
1.1875000000000000e+00	4.7547437774177688e+00
1.1925000000000001e+00	4.7474369266534788e+00
1.1975000000000000e+00	4.7401452178811097e+00
1.2025000000000001e+00	4.7328719737572520e+00
1.2075000000000000e+00	4.7256205169384957e+00
1.2125000000000001e+00	4.7183941700814307e+00
1.2175000000000000e+00	4.7111962558426486e+00
1.2224999999999999e+00	4.7040300968787374e+00
1.2275000000000000e+00	4.6968990158462898e+00
1.2324999999999999e+00	4.6898063354018955e+00
1.2375000000000000e+00	4.6827553782021436e+00
1.2424999999999999e+00	4.6757494669036275e+00
1.2475000000000001e+00	4.6687919241629352e+00
1.2524999999999999e+00	4.6618860726366584e+00
1.2575000000000001e+00	4.6550352349813862e+00
1.2625000000000000e+00	4.6482427338537100e+00
1.2675000000000001e+00	4.6415118919102190e+00
1.2725000000000000e+00	4.6348460318075047e+00
1.2775000000000001e+00	4.6282484762021578e+00
1.2825000000000000e+00	4.6217225477507666e+00
1.2875000000000001e+00	4.6152715691099253e+00
1.2925000000000000e+00	4.6088988629362211e+00
1.2975000000000001e+00	4.6026077518862456e+00
1.3025000000000000e+00	4.5964015586165878e+00
1.3075000000000001e+00	4.5902836057838403e+00
1.3125000000000000e+00	4.5842572160445911e+00
1.3175000000000001e+00	4.5783257120554319e+00
1.3225000000000000e+00	4.5724924164729543e+00
1.3275000000000001e+00	4.5667606519537474e+00
1.3325000000000000e+00	4.5611337411544017e+00
1.3375000000000001e+00	4.5556150067315073e+00
1.3425000000000000e+00	4.5502077713416549e+00
1.3474999999999999e+00	4.5449153576414352e+00
1.3525000000000000e+00	4.5397410882874372e+00
1.3574999999999999e+00	4.5346882859362534e+00
1.3625000000000000e+00	4.5297602732444737e+00
1.3674999999999999e+00	4.5249603728686871e+00
1.3725000000000001e+00	4.5202919074654853e+00
1.3774999999999999e+00	4.5157581996914580e+00
1.3825000000000001e+00	4.5113625722031943e+00
1.3875000000000000e+00	4.5071083476572884e+00
1.3925000000000001e+00	4.5029988487103285e+00
1.3975000000000000e+00	4.4990373980189036e+00
1.4025000000000001e+00	4.4952273182396061e+00
1.4075000000000000e+00	4.4915719320290259e+00
1.4125000000000001e+00	4.4880745620437539e+00
1.4175000000000000e+00	4.4847385309403789e+00
1.4225000000000001e+00	4.4815671613754926e+00
1.4275000000000000e+00	4.4785637760056840e+00
1.4325000000000001e+00	4.4757316974875465e+00
1.4375000000000000e+00	4.4730742484776673e+00
1.4425000000000001e+00	4.4705947516326390e+00
1.4475000000000000e+00	4.4682965296090495e+00
1.4525000000000001e+00	4.4661829050634907e+00
1.4575000000000000e+00	4.4642572006525549e+00
1.4625000000000001e+00	4.4625227390328304e+00
1.4675000000000000e+00	4.4609828428609077e+00
1.4724999999999999e+00	4.4596408347933751e+00
1.4775000000000000e+00	4.4585000374868269e+00
1.4824999999999999e+00	4.4575637735978528e+00
1.4875000000000000e+00	4.4568353657830411e+00
1.4924999999999999e+00	4.4563181366989832e+00
1.4975000000000001e+00	4.4560154090022701e+00
1.5024999999999999e+00	4.4559305053494915e+00
1.5075000000000001e+00	4.4559552553701520e+00
1.5125000000000000e+00	4.4559792772884785e+00
1.5175000000000001e+00	4.4560025766531579e+00
1.5225000000000000e+00	4.4560251590128752e+00
1.5275000000000001e+00	4.4560470299163066e+00
1.5325000000000000e+00	4.4560681949121408e+00
1.5375000000000001e+00	4.4560886595490548e+00
1.5425000000000000e+00	4.4561084293757354e+00
1.5475000000000001e+00	4.4561275099408606e+00
1.5525000000000000e+00	4.4561459067931199e+00
1.5575000000000001e+00	4.4561636254811923e+00
1.5625000000000000e+00	4.4561806715537600e+00
1.5675000000000001e+00	4.4561970505595028e+00
1.5725000000000000e+00	4.4562127680471146e+00
1.5775000000000001e+00	4.4562278295652638e+00
1.5825000000000000e+00	4.4562422406626441e+00
1.5875000000000001e+00	4.4562560068879282e+00
1.5925000000000000e+00	4.4562691337898102e+00
1.5975000000000001e+00	4.4562816269169652e+00
1.6025000000000000e+00	4.4562934918180783e+00
1.6074999999999999e+00	4.4563047340418311e+00
1.6125000000000000e+00	4.4563153591369060e+00
1.6174999999999999e+00	4.4563253726519871e+00
1.6225000000000001e+00	4.4563347801357551e+00
1.6274999999999999e+00	4.4563435871368950e+00
1.6325000000000001e+00	4.4563517992040875e+00
1.6375000000000000e+00	4.4563594218860167e+00
1.6425000000000001e+00	4.4563664607313660e+00
1.6475000000000000e+00	4.4563729212888150e+00
1.6525000000000001e+00	4.4563788091070498e+00
1.6575000000000000e+00	4.4563841297347526e+00
1.6625000000000001e+00	4.4563888887206025e+00
1.6675000000000000e+00	4.4563930916132843e+00
1.6725000000000001e+00	4.4563967439614824e+00
1.6775000000000000e+00	4.4563998513138783e+00
1.6825000000000001e+00	4.4564024192191534e+00
1.6875000000000000e+00	4.4564044532259928e+00
1.6925000000000001e+00	4.4564059588830762e+00
1.6975000000000000e+00	4.4564069417390950e+00
1.7025000000000001e+00	4.4564074073427156e+00
1.7075000000000000e+00	4.4564073612426363e+00
1.7125000000000001e+00	4.4564068089875262e+00
1.7175000000000000e+00	4.4564057561260819e+00
1.7225000000000001e+00	4.4564042082069770e+00
1.7275000000000000e+00	4.4564021707788974e+00
1.7324999999999999e+00	4.4563996493905265e+00
1.7375000000000000e+00	4.4563966495905403e+00
1.7424999999999999e+00	4.4563931769276319e+00
1.7475000000000001e+00	4.4563892369504776e+00
1.7524999999999999e+00	4.4563848352077580e+00
1.7575000000000001e+00	4.4563799772481598e+00
1.7625000000000000e+00	4.4563746686203674e+00
1.7675000000000001e+00	4.4563689148730612e+00
1.7725000000000000e+00	4.4563627215549211e+00
1.7775000000000001e+00	4.4563560942146330e+00
1.7825000000000000e+00	4.4563490384008793e+00
1.7875000000000001e+00	4.4563415596623424e+00
1.7925000000000000e+00	4.4563336635477047e+00
1.7975000000000001e+00	4.4563253556056468e+00
1.8025000000000000e+00	4.4563166413848565e+00
1.8075000000000001e+00	4.4563075264340126e+00
1.8125000000000000e+00	4.4562980163018002e+00
1.8175000000000001e+00	4.4562881165368973e+00
1.8225000000000000e+00	4.4562778326879942e+00
1.8275000000000001e+00	4.4562671703037671e+00
1.8325000000000000e+00	4.4562561349328993e+00
1.8375000000000001e+00	4.4562447321240759e+00
1.8425000000000000e+00	4.4562329674259811e+00
1.8475000000000001e+00	4.4562208463872910e+00
1.8525000000000000e+00	4.4562083745566943e+00
1.8574999999999999e+00	4.4561955574828733e+00
1.8625000000000000e+00	4.4561824007145061e+00
1.8674999999999999e+00	4.4561689098002812e+00
1.8725000000000001e+00	4.4561550902888776e+00
1.8774999999999999e+00	4.4561409477289793e+00
1.8825000000000001e+00	4.4561264876692679e+00
1.8875000000000000e+00	4.4561117156584276e+00
1.8925000000000001e+00	4.4560966372451389e+00
1.8975000000000000e+00	4.4560812579780871e+00
1.9025000000000001e+00	4.4560655834059535e+00
1.9075000000000000e+00	4.4560496190774197e+00
1.9125000000000001e+00	4.4560333705411717e+00
1.9175000000000000e+00	4.4560168433458891e+00
1.9225000000000001e+00	4.4560000430402562e+00
1.9275000000000000e+00	4.4559829751729536e+00
1.9325000000000001e+00	4.4559656452926664e+00
1.9375000000000000e+00	4.4559480589480769e+00
1.9425000000000001e+00	4.4559302216878649e+00
1.9475000000000000e+00	4.4559121390607164e+00
1.9525000000000001e+00	4.4558938166153137e+00
1.9575000000000000e+00	4.4558752599003375e+00
1.9625000000000001e+00	4.4558564744644746e+00
1.9675000000000000e+00	4.4558374658564039e+00
1.9725000000000001e+00	4.4558182396248069e+00
1.9775000000000000e+00	4.4557988013183714e+00
1.9825000000000002e+00	4.4557791564857743e+00
1.9875000000000000e+00	4.4557593106757034e+00
1.9924999999999999e+00	4.4557392694368376e+00
1.9975000000000001e+00	4.4557190383178620e+00
2.0024999999999999e+00	4.4556986228674589e+00
2.0074999999999998e+00	4.4556780286343081e+00
2.0125000000000002e+00	4.4556572611670973e+00
2.0175000000000001e+00	4.4556363260145062e+00
2.0225000000000000e+00	4.4556152287252155e+00
2.0274999999999999e+00	4.4555939748479112e+00
2.0325000000000002e+00	4.4555725699312756e+00
2.0375000000000001e+00	4.4555510195239929e+00
2.0425000000000000e+00	4.4555293291747402e+00
2.0474999999999999e+00	4.4555075044322026e+00
2.0525000000000002e+00	4.4554855508450668e+00
2.0575000000000001e+00	4.4554634739620127e+00
2.0625000000000000e+00	4.4554412793317200e+00
2.0674999999999999e+00	4.4554189725028763e+00
2.0725000000000002e+00	4.4553965590241607e+00
2.0775000000000001e+00	4.4553740444442598e+00
2.0825000000000000e+00	4.4553514343118525e+00
2.0874999999999999e+00	4.4553287341756214e+00
2.0925000000000002e+00	4.4553059495842513e+00
2.0975000000000001e+00	4.4552830860864248e+00
2.1025000000000000e+00	4.4552601492308233e+00
2.1074999999999999e+00	4.4552371445661301e+00
2.1124999999999998e+00	4.4552140776410276e+00
2.1175000000000002e+00	4.4551909540041992e+00
2.1225000000000001e+00	4.4551677792043280e+00
2.1274999999999999e+00	4.4551445587900940e+00
2.1324999999999998e+00	4.4551212983101829e+00
2.1375000000000002e+00	4.4550980033132763e+00
2.1425000000000001e+00	4.4550746793480567e+00
2.1475000000000000e+00	4.4550513319632055e+00
2.1524999999999999e+00	4.4550279667074069e+00
2.1575000000000002e+00	4.4550045891293459e+00
2.1625000000000001e+00	4.4549812047777007e+00
2.1675000000000000e+00	4.4549578192011552e+00
2.1724999999999999e+00	4.4549344379483937e+00
2.1775000000000002e+00	4.4549110665680987e+00
2.1825000000000001e+00	4.4548877106089515e+00
2.1875000000000000e+00	4.4548643756196364e+00
2.1924999999999999e+00	4.4548410671488341e+00
2.1975000000000002e+00	4.4548177907452278e+00
2.2025000000000001e+00	4.4547945519575016e+00
2.2075000000000000e+00	4.4547713563343381e+00
2.2124999999999999e+00	4.4547482094244177e+00
2.2175000000000002e+00	4.4547251167764257e+00
2.2225000000000001e+00	4.4547020839390434e+00
2.2275000000000000e+00	4.4546791164609534e+00
2.2324999999999999e+00	4.4546562198908388e+00
2.2375000000000003e+00	4.4546333997773813e+00
2.2425000000000002e+00	4.4546106616692658e+00
2.2475000000000001e+00	4.4545880111151730e+00
2.2524999999999999e+00	4.4545654536637880e+00
2.2574999999999998e+00	4.4545429948637896e+00
2.2625000000000002e+00	4.4545206402638637e+00
2.2675000000000001e+00	4.4544983954126920e+00
2.2725000000000000e+00	4.4544762658589558e+00
2.2774999999999999e+00	4.4544542571513404e+00
2.2825000000000002e+00	4.4544323748385253e+00
2.2875000000000001e+00	4.4544106244691974e+00
2.2925000000000000e+00	4.4543890115920357e+00
2.2974999999999999e+00	4.4543675417557242e+00
2.3025000000000002e+00	4.4543462205089464e+00
2.3075000000000001e+00	4.4543250534003835e+00
2.3125000000000000e+00	4.4543040459787191e+00
2.3174999999999999e+00	4.4542832037926345e+00
2.3225000000000002e+00	4.4542625323908149e+00
2.3275000000000001e+00	4.4542420373219409e+00
2.3325000000000000e+00	4.4542217241346957e+00
2.3374999999999999e+00	4.4542015983777636e+00
2.3425000000000002e+00	4.4541816655998243e+00
2.3475000000000001e+00	4.4541619313495620e+00
2.3525000000000000e+00	4.4541424011756590e+00
2.3574999999999999e+00	4.4541230806267995e+00
2.3625000000000003e+00	4.4541039752516642e+00
2.3675000000000002e+00	4.4540850905989373e+00
2.3725000000000001e+00	4.4540664322173011e+00
2.3774999999999999e+00	4.4540480056554372e+00
2.3824999999999998e+00	4.4540298164620289e+00
2.3875000000000002e+00	4.4540118701857585e+00
2.3925000000000001e+00	4.4539941723753111e+00
2.3975000000000000e+00	4.4539767285793657e+00
2.4024999999999999e+00	4.4539595443466089e+00
2.4075000000000002e+00	4.4539426252257197e+00
2.4125000000000001e+00	4.4539259767653832e+00
2.4175000000000000e+00	4.4539096045142808e+00
2.4224999999999999e+00	4.4538935140210940e+00
2.4275000000000002e+00	4.4538777108345098e+00
2.4325000000000001e+00	4.4538622005032069e+00
2.4375000000000000e+00	4.4538469885758687e+00
2.4424999999999999e+00	4.4538320806011802e+00
2.4475000000000002e+00	4.4538174821278211e+00
2.4525000000000001e+00	4.4538031987044748e+00
2.4575000000000000e+00	4.4537892358798254e+00
2.4624999999999999e+00	4.4537755992025545e+00
2.4675000000000002e+00	4.4537622942213453e+00
2.4725000000000001e+00	4.4537493264848793e+00
2.4775000000000000e+00	4.4537367015418408e+00
2.4824999999999999e+00	4.4537244249409111e+00
2.4875000000000003e+00	4.4537125022307746e+00
2.4925000000000002e+00	4.4537009389601128e+00
2.4975000000000001e+00	4.4536897406776070e+00
2.5024999999999999e+00	4.4536789129319416e+00
2.5074999999999998e+00	4.4536682642016503e+00
2.5125000000000002e+00	4.4536575994910583e+00
2.5175000000000001e+00	4.4536469191375252e+00
2.5225000000000000e+00	4.4536362234784264e+00
2.5274999999999999e+00	4.4536255128511142e+00
2.5325000000000002e+00	4.4536147875929633e+00
2.5375000000000001e+00	4.4536040480413357e+00
2.5425000000000000e+00	4.4535932945335936e+00
2.5474999999999999e+00	4.4535825274071055e+00
2.5525000000000002e+00	4.4535717469992377e+00
2.5575000000000001e+00	4.4535609536473535e+00
2.5625000000000000e+00	4.4535501476888184e+00
2.5674999999999999e+00	4.4535393294609946e+00
2.5725000000000002e+00	4.4535284993012567e+00
2.5775000000000001e+00	4.4535176575469588e+00
2.5825000000000000e+00	4.4535068045354729e+00
2.5874999999999999e+00	4.4534959406041565e+00
2.5925000000000002e+00	4.4534850660903862e+00
2.5975000000000001e+00	4.4534741813315195e+00
2.6025000000000000e+00	4.4534632866649249e+00
2.6074999999999999e+00	4.4534523824279635e+00
2.6125000000000003e+00	4.4534414689580055e+00
2.6175000000000002e+00	4.4534305465924131e+00
2.6225000000000001e+00	4.4534196156685484e+00
2.6274999999999999e+00	4.4534086765237841e+00
2.6324999999999998e+00	4.4533977294954772e+00
2.6375000000000002e+00	4.4533867749210012e+00
2.6425000000000001e+00	4.4533758131377166e+00
2.6475000000000000e+00	4.4533648444829872e+00
2.6524999999999999e+00	4.4533538692941814e+00
2.6575000000000002e+00	4.4533428879086649e+00
2.6625000000000001e+00	4.4533319006637981e+00
2.6675000000000000e+00	4.4533209078969485e+00
2.6724999999999999e+00	4.4533099099454843e+00
2.6775000000000002e+00	4.4532989071467677e+00
2.6825000000000001e+00	4.4532878998381644e+00
2.6875000000000000e+00	4.4532768883570384e+00
2.6924999999999999e+00	4.4532658730407571e+00
2.6975000000000002e+00	4.4532548542266905e+00
2.7025000000000001e+00	4.4532438322521886e+00
2.7075000000000000e+00	4.4532328074546319e+00
2.7124999999999999e+00	4.4532217801713729e+00
2.7175000000000002e+00	4.4532107507397907e+00
2.7225000000000001e+00	4.4531997194972401e+00
2.7275000000000000e+00	4.4531886867810906e+00
2.7324999999999999e+00	4.4531776529287077e+00
2.7375000000000003e+00	4.4531666182774501e+00
2.7425000000000002e+00	4.4531555831646941e+00
2.7475000000000001e+00	4.4531445479277965e+00
2.7524999999999999e+00	4.4531335129041221e+00
2.7574999999999998e+00	4.4531224784310410e+00
2.7625000000000002e+00	4.4531114448459155e+00
2.7675000000000001e+00	4.4531004124861138e+00
2.7725000000000000e+00	4.4530893816889954e+00
2.7774999999999999e+00	4.4530783527919295e+00
2.7825000000000002e+00	4.4530673261322820e+00
2.7875000000000001e+00	4.4530563020474156e+00
2.7925000000000000e+00	4.4530452808746981e+00
2.7974999999999999e+00	4.4530342629514896e+00
2.8025000000000002e+00	4.4530232486151613e+00
2.8075000000000001e+00	4.4530122382030752e+00
2.8125000000000000e+00	4.4530012320525989e+00
2.8174999999999999e+00	4.4529902305010918e+00
2.8225000000000002e+00	4.4529792338859284e+00
2.8275000000000001e+00	4.4529682425444665e+00
2.8325000000000000e+00	4.4529572568140692e+00
2.8374999999999999e+00	4.4529462770321091e+00
2.8425000000000002e+00	4.4529353035359502e+00
2.8475000000000001e+00	4.4529243366629521e+00
2.8525000000000000e+00	4.4529133767504856e+00
2.8574999999999999e+00	4.4529024241359130e+00
2.8625000000000003e+00	4.4528914791565990e+00
2.8675000000000002e+00	4.4528805421499129e+00
2.8725000000000001e+00	4.4528696134532160e+00
2.8774999999999999e+00	4.4528586934038739e+00
2.8824999999999998e+00	4.4528477823392505e+00
2.8875000000000002e+00	4.4528368805967151e+00
2.8925000000000001e+00	4.4528259885136299e+00
2.8975000000000000e+00	4.4528151064273604e+00
2.9024999999999999e+00	4.4528042346752716e+00
2.9075000000000002e+00	4.4527933735947309e+00
2.9125000000000001e+00	4.4527825235231022e+00
2.9175000000000000e+00	4.4527716847977485e+00
2.9224999999999999e+00	4.4527608577560382e+00
2.9275000000000002e+00	4.4527500427353335e+00
2.9325000000000001e+00	4.4527392400730026e+00
2.9375000000000000e+00	4.4527284501064077e+00
2.9424999999999999e+00	4.4527176731729163e+00
2.9475000000000002e+00	4.4527069096098932e+00
2.9525000000000001e+00	4.4526961597547015e+00
2.9575000000000000e+00	4.4526854239447085e+00
2.9624999999999999e+00	4.4526747025172808e+00
2.9675000000000002e+00	4.4526639958097807e+00
2.9725000000000001e+00	4.4526533041595737e+00
2.9775000000000000e+00	4.4526426279040265e+00
2.9824999999999999e+00	4.4526319673805022e+00
2.9875000000000003e+00	4.4526213229263680e+00
2.9925000000000002e+00	4.4526106948789872e+00
2.9975000000000001e+00	4.4526000835757280e+00
3.0024999999999999e+00	4.4525894893539517e+00
3.0075000000000003e+00	4.4525789125510258e+00
3.0125000000000002e+00	4.4525683535043159e+00
3.0175000000000001e+00	4.4525578125511878e+00
3.0225000000000000e+00	4.4525472900290026e+00
3.0274999999999999e+00	4.4525367862751271e+00
3.0325000000000002e+00	4.4525263016269294e+00
3.0375000000000001e+00	4.4525158364217745e+00
3.0425000000000000e+00	4.4525053909970236e+00
3.0474999999999999e+00	4.4524949656900432e+00
3.0525000000000002e+00	4.4524845608382009e+00
3.0575000000000001e+00	4.4524741767788605e+00
3.0625000000000000e+00	4.4524638138493859e+00
3.0674999999999999e+00	4.4524534723871447e+00
3.0725000000000002e+00	4.4524431527295008e+00
3.0775000000000001e+00	4.4524328552138188e+00
3.0825000000000000e+00	4.4524225801774655e+00
3.0874999999999999e+00	4.4524123279578038e+00
3.0925000000000002e+00	4.4524020988921986e+00
3.0975000000000001e+00	4.4523918933180191e+00
3.1025000000000000e+00	4.4523817115726283e+00
3.1074999999999999e+00	4.4523715539933892e+00
3.1125000000000003e+00	4.4523614209176703e+00
3.1175000000000002e+00	4.4523513126828345e+00
3.1225000000000001e+00	4.4523412296262492e+00
3.1274999999999999e+00	4.4523311720852758e+00
3.1325000000000003e+00	4.4523211403972835e+00
3.1375000000000002e+00	4.4523111348996363e+00
3.1425000000000001e+00	4.4523011559296970e+00
3.1475000000000000e+00	4.4522912038248341e+00
3.1524999999999999e+00	4.4522812789224107e+00
3.1575000000000002e+00	4.4522713815597932e+00
3.1625000000000001e+00	4.4522615120743465e+00
3.1675000000000000e+00	4.4522516708034345e+00
3.1724999999999999e+00	4.4522418580844239e+00
3.1775000000000002e+00	4.4522320742546801e+00
3.1825000000000001e+00	4.4522223196515665e+00
3.1875000000000000e+00	4.4522125946124493e+00
3.1924999999999999e+00	4.4522028994746945e+00
3.1975000000000002e+00	4.4521932345756658e+00
3.2025000000000001e+00	4.4521836002527291e+00
3.2075000000000000e+00	4.4521739968432499e+00
3.2124999999999999e+00	4.4521644246845931e+00
3.2175000000000002e+00	4.4521548841141234e+00
3.2225000000000001e+00	4.4521453754692057e+00
3.2275000000000000e+00	4.4521358990872075e+00
3.2324999999999999e+00	4.4521264553054909e+00
3.2375000000000003e+00	4.4521170444614233e+00
3.2425000000000002e+00	4.4521076668923696e+00
3.2475000000000001e+00	4.4520983229356927e+00
3.2524999999999999e+00	4.4520890129287611e+00
3.2575000000000003e+00	4.4520797372089387e+00
3.2625000000000002e+00	4.4520704961135884e+00
3.2675000000000001e+00	4.4520612899800796e+00
3.2725000000000000e+00	4.4520521191457734e+00
3.2774999999999999e+00	4.4520429839480382e+00
3.2825000000000002e+00	4.4520338847242371e+00
3.2875000000000001e+00	4.4520248218117358e+00
3.2925000000000000e+00	4.4520157955479007e+00
3.2974999999999999e+00	4.4520068062700959e+00
3.3025000000000002e+00	4.4519978543156853e+00
3.3075000000000001e+00	4.4519889400220363e+00
3.3125000000000000e+00	4.4519800637265128e+00
3.3174999999999999e+00	4.4519712257664814e+00
3.3225000000000002e+00	4.4519624264793052e+00
3.3275000000000001e+00	4.4519536662023498e+00
3.3325000000000000e+00	4.4519449452729827e+00
3.3374999999999999e+00	4.4519362640285660e+00
3.3425000000000002e+00	4.4519276228064673e+00
3.3475000000000001e+00	4.4519190219440494e+00
3.3525000000000000e+00	4.4519104617786809e+00
3.3574999999999999e+00	4.4519019426477229e+00
3.3625000000000003e+00	4.4518934648885438e+00
3.3675000000000002e+00	4.4518850288385075e+00
3.3725000000000001e+00	4.4518766348349788e+00
3.3774999999999999e+00	4.4518682832153234e+00
3.3825000000000003e+00	4.4518599743169052e+00
3.3875000000000002e+00	4.4518517084770917e+00
3.3925000000000001e+00	4.4518434860332468e+00
3.3975000000000000e+00	4.4518353073227361e+00
3.4024999999999999e+00	4.4518271726829255e+00
3.4075000000000002e+00	4.4518190824511770e+00
3.4125000000000001e+00	4.4518110369648598e+00
3.4175000000000000e+00	4.4518030365613361e+00
3.4224999999999999e+00	4.4517950815779725e+00
3.4275000000000002e+00	4.4517871723521338e+00
3.4325000000000001e+00	4.4517793092211857e+00
3.4375000000000000e+00	4.4517714925224920e+00
3.4424999999999999e+00	4.4517637225934203e+00
3.4475000000000002e+00	4.4517559997713336e+00
3.4525000000000001e+00	4.4517483243935976e+00
3.4575000000000000e+00	4.4517406967975770e+00
3.4624999999999999e+00	4.4517331173206394e+00
3.4675000000000002e+00	4.4517255863001468e+00
3.4725000000000001e+00	4.4517181040734668e+00
3.4775000000000000e+00	4.4517106709779632e+00
3.4824999999999999e+00	4.4517032873510010e+00
3.4875000000000003e+00	4.4516959535299465e+00
3.4925000000000002e+00	4.4516886698521647e+00
3.4975000000000001e+00	4.4516814366550195e+00
3.5024999999999999e+00	4.4516742542758774e+00
3.5075000000000003e+00	4.4516671153236969e+00
3.5125000000000002e+00	4.4516600121107004e+00
3.5175000000000001e+00	4.4516529445291502e+00
3.5225000000000000e+00	4.4516459124713110e+00
3.5274999999999999e+00	4.4516389158294380e+00
3.5325000000000002e+00	4.4516319544957961e+00
3.5375000000000001e+00	4.4516250283626464e+00
3.5425000000000000e+00	4.4516181373222512e+00
3.5474999999999999e+00	4.4516112812668673e+00
3.5525000000000002e+00	4.4516044600887650e+00
3.5575000000000001e+00	4.4515976736801992e+00
3.5625000000000000e+00	4.4515909219334313e+00
3.5674999999999999e+00	4.4515842047407235e+00
3.5725000000000002e+00	4.4515775219943432e+00
3.5775000000000001e+00	4.4515708735865447e+00
3.5825000000000000e+00	4.4515642594095910e+00
3.5874999999999999e+00	4.4515576793557425e+00
3.5925000000000002e+00	4.4515511333172659e+00
3.5975000000000001e+00	4.4515446211864189e+00
3.6025000000000000e+00	4.4515381428554637e+00
3.6074999999999999e+00	4.4515316982166606e+00
3.6125000000000003e+00	4.4515252871622737e+00
3.6175000000000002e+00	4.4515189095845624e+00
3.6225000000000001e+00	4.4515125653757863e+00
3.6274999999999999e+00	4.4515062544282111e+00
3.6325000000000003e+00	4.4514999766340955e+00
3.6375000000000002e+00	4.4514937318857015e+00
3.6425000000000001e+00	4.4514875200752932e+00
3.6475000000000000e+00	4.4514813410951284e+00
3.6524999999999999e+00	4.4514751948374691e+00
3.6575000000000002e+00	4.4514690811945803e+00
3.6625000000000001e+00	4.4514630000587196e+00
3.6675000000000000e+00	4.4514569513221485e+00
3.6724999999999999e+00	4.4514509348771316e+00
3.6775000000000002e+00	4.4514449506159277e+00
3.6825000000000001e+00	4.4514389984307989e+00
3.6875000000000000e+00	4.4514330782140075e+00
3.6924999999999999e+00	4.4514271898578146e+00
3.6975000000000002e+00	4.4514213332544879e+00
3.7025000000000001e+00	4.4514155082962716e+00
3.7075000000000000e+00	4.4514097148754459e+00
3.7124999999999999e+00	4.4514039528842577e+00
3.7175000000000002e+00	4.4513982222149808e+00
3.7225000000000001e+00	4.4513925227598685e+00
3.7275000000000000e+00	4.4513868544111874e+00
3.7324999999999999e+00	4.4513812170611970e+00
3.7375000000000003e+00	4.4513756106021534e+00
3.7425000000000002e+00	4.4513700349263292e+00
3.7475000000000001e+00	4.4513644899259788e+00
3.7524999999999999e+00	4.4513589754933598e+00
3.7575000000000003e+00	4.4513534915207416e+00
3.7625000000000002e+00	4.4513480379003827e+00
3.7675000000000001e+00	4.4513426145245472e+00
3.7725000000000000e+00	4.4513372212854891e+00
3.7774999999999999e+00	4.4513318580754770e+00
3.7825000000000002e+00	4.4513265247867704e+00
3.7875000000000001e+00	4.4513212213116313e+00
3.7925000000000000e+00	4.4513159475423194e+00
3.7974999999999999e+00	4.4513107033710959e+00
3.8025000000000002e+00	4.4513054886902239e+00
3.8075000000000001e+00	4.4513003033919665e+00
3.8125000000000000e+00	4.4512951473685840e+00
3.8174999999999999e+00	4.4512900205123325e+00
3.8225000000000002e+00	4.4512849227154829e+00
3.8275000000000001e+00	4.4512798538702905e+00
3.8325000000000000e+00	4.4512748138690164e+00
3.8374999999999999e+00	4.4512698026039246e+00
3.8425000000000002e+00	4.4512648199672782e+00
3.8475000000000001e+00	4.4512598658513332e+00
3.8525000000000000e+00	4.4512549401483570e+00
3.8574999999999999e+00	4.4512500427506083e+00
3.8625000000000003e+00	4.4512451735503458e+00
3.8675000000000002e+00	4.4512403324398377e+00
3.8725000000000001e+00	4.4512355193113384e+00
3.8774999999999999e+00	4.4512307340571144e+00
3.8825000000000003e+00	4.4512259765694253e+00
3.8875000000000002e+00	4.4512212467405332e+00
3.8925000000000001e+00	4.4512165444626968e+00
3.8975000000000000e+00	4.4512118696281817e+00
3.9025000000000003e+00	4.4512072221292476e+00
3.9075000000000002e+00	4.4512026018581556e+00
3.9125000000000001e+00	4.4511980087071690e+00
3.9175000000000000e+00	4.4511934425685453e+00
3.9224999999999999e+00	4.4511889033345504e+00
3.9275000000000002e+00	4.4511843908974438e+00
3.9325000000000001e+00	4.4511799051494867e+00
3.9375000000000000e+00	4.4511754459829396e+00
3.9424999999999999e+00	4.4511710132900681e+00
3.9475000000000002e+00	4.4511666069631293e+00
3.9525000000000001e+00	4.4511622268943860e+00
3.9575000000000000e+00	4.4511578729761005e+00
3.9624999999999999e+00	4.4511535451005360e+00
3.9675000000000002e+00	4.4511492431599509e+00
3.9725000000000001e+00	4.4511449670466066e+00
3.9775000000000000e+00	4.4511407166527652e+00
3.9824999999999999e+00	4.4511364918706899e+00
3.9875000000000003e+00	4.4511322925926411e+00
3.9925000000000002e+00	4.4511281187108782e+00
3.9975000000000001e+00	4.4511239701176670e+00
4.0025000000000004e+00	4.4511198467052653e+00
4.0075000000000003e+00	4.4511157483659369e+00
4.0125000000000002e+00	4.4511116749919415e+00
4.0175000000000001e+00	4.4511076264755420e+00
4.0225000000000000e+00	4.4511036027089981e+00
4.0274999999999999e+00	4.4510996035845718e+00
4.0324999999999998e+00	4.4510956289945280e+00
4.0374999999999996e+00	4.4510916788311246e+00
4.0425000000000004e+00	4.4510877529866217e+00
4.0475000000000003e+00	4.4510838513532853e+00
4.0525000000000002e+00	4.4510799738233748e+00
4.0575000000000001e+00	4.4510761202891498e+00
4.0625000000000000e+00	4.4510722906428741e+00
4.0674999999999999e+00	4.4510684847768083e+00
4.0724999999999998e+00	4.4510647025832162e+00
4.0774999999999997e+00	4.4510609439543556e+00
4.0825000000000005e+00	4.4510572087824896e+00
4.0875000000000004e+00	4.4510534969598803e+00
4.0925000000000002e+00	4.4510498083787873e+00
4.0975000000000001e+00	4.4510461429314745e+00
4.1025000000000000e+00	4.4510425005102032e+00
4.1074999999999999e+00	4.4510388810072330e+00
4.1124999999999998e+00	4.4510352843148269e+00
4.1174999999999997e+00	4.4510317103252444e+00
4.1225000000000005e+00	4.4510281589307503e+00
4.1275000000000004e+00	4.4510246300236034e+00
4.1325000000000003e+00	4.4510211234960657e+00
4.1375000000000002e+00	4.4510176392404004e+00
4.1425000000000001e+00	4.4510141771488669e+00
4.1475000000000000e+00	4.4510107371137275e+00
4.1524999999999999e+00	4.4510073190272426e+00
4.1574999999999998e+00	4.4510039227816760e+00
4.1624999999999996e+00	4.4510005482692874e+00
4.1675000000000004e+00	4.4509971953823388e+00
4.1725000000000003e+00	4.4509938640130926e+00
4.1775000000000002e+00	4.4509905540538082e+00
4.1825000000000001e+00	4.4509872653967477e+00
4.1875000000000000e+00	4.4509839979341752e+00
4.1924999999999999e+00	4.4509807515583493e+00
4.1974999999999998e+00	4.4509775261615312e+00
4.2024999999999997e+00	4.4509743216359841e+00
4.2075000000000005e+00	4.4509711378739709e+00
4.2125000000000004e+00	4.4509679747677486e+00
4.2175000000000002e+00	4.4509648322095821e+00
4.2225000000000001e+00	4.4509617100917325e+00
4.2275000000000000e+00	4.4509586083064594e+00
4.2324999999999999e+00	4.4509555267460268e+00
4.2374999999999998e+00	4.4509524653026942e+00
4.2424999999999997e+00	4.4509494238687255e+00
4.2475000000000005e+00	4.4509464023363785e+00
4.2525000000000004e+00	4.4509434005979189e+00
4.2575000000000003e+00	4.4509404185456054e+00
4.2625000000000002e+00	4.4509374560716992e+00
4.2675000000000001e+00	4.4509345130684652e+00
4.2725000000000000e+00	4.4509315894281603e+00
4.2774999999999999e+00	4.4509286850430492e+00
4.2824999999999998e+00	4.4509257998053915e+00
4.2875000000000005e+00	4.4509229336074503e+00
4.2925000000000004e+00	4.4509200863414868e+00
4.2975000000000003e+00	4.4509172578997616e+00
4.3025000000000002e+00	4.4509144481745366e+00
4.3075000000000001e+00	4.4509116570580725e+00
4.3125000000000000e+00	4.4509088844426330e+00
4.3174999999999999e+00	4.4509061302204769e+00
4.3224999999999998e+00	4.4509033942838681e+00
4.3274999999999997e+00	4.4509006765250669e+00
4.3325000000000005e+00	4.4508979768363339e+00
4.3375000000000004e+00	4.4508952951099321e+00
4.3425000000000002e+00	4.4508926312381236e+00
4.3475000000000001e+00	4.4508899851131662e+00
4.3525000000000000e+00	4.4508873566273266e+00
4.3574999999999999e+00	4.4508847456728633e+00
4.3624999999999998e+00	4.4508821521420368e+00
4.3674999999999997e+00	4.4508795759271109e+00
4.3725000000000005e+00	4.4508770169203462e+00
4.3775000000000004e+00	4.4508744750140030e+00
4.3825000000000003e+00	4.4508719501003444e+00
4.3875000000000002e+00	4.4508694420716317e+00
4.3925000000000001e+00	4.4508669508201253e+00
4.3975000000000000e+00	4.4508644762380873e+00
4.4024999999999999e+00	4.4508620182177818e+00
4.4074999999999998e+00	4.4508595766514647e+00
4.4125000000000005e+00	4.4508571514314035e+00
4.4175000000000004e+00	4.4508547424498550e+00
4.4225000000000003e+00	4.4508523495990833e+00
4.4275000000000002e+00	4.4508499727713478e+00
4.4325000000000001e+00	4.4508476118589133e+00
4.4375000000000000e+00	4.4508452667540386e+00
4.4424999999999999e+00	4.4508429373489857e+00
4.4474999999999998e+00	4.4508406235360152e+00
4.4524999999999997e+00	4.4508383252073900e+00
4.4575000000000005e+00	4.4508360422553732e+00
4.4625000000000004e+00	4.4508337745722235e+00
4.4675000000000002e+00	4.4508315220502013e+00
4.4725000000000001e+00	4.4508292845815722e+00
4.4775000000000000e+00	4.4508270620585941e+00
4.4824999999999999e+00	4.4508248543735309e+00
4.4874999999999998e+00	4.4508226614186430e+00
4.4924999999999997e+00	4.4508204830861926e+00
4.4975000000000005e+00	4.4508183192684392e+00
4.5025000000000004e+00	4.4508161698576458e+00
4.5075000000000003e+00	4.4508140384038315e+00
4.5125000000000002e+00	4.4508119285278660e+00
4.5175000000000001e+00	4.4508098402282847e+00
4.5225000000000000e+00	4.4508077735036293e+00
4.5274999999999999e+00	4.4508057283524325e+00
4.5324999999999998e+00	4.4508037047732341e+00
4.5375000000000005e+00	4.4508017027645685e+00
4.5425000000000004e+00	4.4507997223249749e+00
4.5475000000000003e+00	4.4507977634529876e+00
4.5525000000000002e+00	4.4507958261471492e+00
4.5575000000000001e+00	4.4507939104059924e+00
4.5625000000000000e+00	4.4507920162280561e+00
4.5674999999999999e+00	4.4507901436118731e+00
4.5724999999999998e+00	4.4507882925559930e+00
4.5774999999999997e+00	4.4507864630589387e+00
4.5825000000000005e+00	4.4507846551192536e+00
4.5875000000000004e+00	4.4507828687354722e+00
4.5925000000000002e+00	4.4507811039061398e+00
4.5975000000000001e+00	4.4507793606297836e+00
4.6025000000000000e+00	4.4507776389049463e+00
4.6074999999999999e+00	4.4507759387301631e+00
4.6124999999999998e+00	4.4507742601039713e+00
4.6174999999999997e+00	4.4507726030249097e+00
4.6225000000000005e+00	4.4507709674915130e+00
4.6275000000000004e+00	4.4507693535023192e+00
4.6325000000000003e+00	4.4507677610558654e+00
4.6375000000000002e+00	4.4507661901506888e+00
4.6425000000000001e+00	4.4507646407853292e+00
4.6475000000000000e+00	4.4507631129583194e+00
4.6524999999999999e+00	4.4507616066681983e+00
4.6574999999999998e+00	4.4507601219135067e+00
4.6625000000000005e+00	4.4507586586927754e+00
4.6675000000000004e+00	4.4507572170045444e+00
4.6725000000000003e+00	4.4507557968473517e+00
4.6775000000000002e+00	4.4507543982197326e+00
4.6825000000000001e+00	4.4507530211202280e+00
4.6875000000000000e+00	4.4507516655473696e+00
4.6924999999999999e+00	4.4507503314996990e+00
4.6974999999999998e+00	4.4507490189757570e+00
4.7024999999999997e+00	4.4507477279740666e+00
4.7075000000000005e+00	4.4507464584931800e+00
4.7125000000000004e+00	4.4507452105316228e+00
4.7175000000000002e+00	4.4507439840879437e+00
4.7225000000000001e+00	4.4507427791606702e+00
4.7275000000000000e+00	4.4507415957483438e+00
4.7324999999999999e+00	4.4507404338495027e+00
4.7374999999999998e+00	4.4507392934626777e+00
4.7424999999999997e+00	4.4507381745864159e+00
4.7475000000000005e+00	4.4507370772192481e+00
4.7525000000000004e+00	4.4507360013597088e+00
4.7575000000000003e+00	4.4507349470063406e+00
4.7625000000000002e+00	4.4507339141576798e+00
4.7675000000000001e+00	4.4507329028122644e+00
4.7725000000000000e+00	4.4507319129686262e+00
4.7774999999999999e+00	4.4507309446253069e+00
4.7824999999999998e+00	4.4507299977808437e+00
4.7875000000000005e+00	4.4507290724337727e+00
4.7925000000000004e+00	4.4507281685826303e+00
4.7975000000000003e+00	4.4507272862259537e+00
4.8025000000000002e+00	4.4507264253622827e+00
4.8075000000000001e+00	4.4507255859901527e+00
4.8125000000000000e+00	4.4507247681081008e+00
4.8174999999999999e+00	4.4507239717146616e+00
4.8224999999999998e+00	4.4507231968083794e+00
4.8274999999999997e+00	4.4507224433877841e+00
4.8325000000000005e+00	4.4507217114514139e+00
4.8375000000000004e+00	4.4507210009978087e+00
4.8425000000000002e+00	4.4507203120255072e+00
4.8475000000000001e+00	4.4507196445330397e+00
4.8525000000000000e+00	4.4507189985189495e+00
4.8574999999999999e+00	4.4507183739817737e+00
4.8624999999999998e+00	4.4507177709200434e+00
4.8674999999999997e+00	4.4507171893323036e+00
4.8725000000000005e+00	4.4507166292170863e+00
4.8775000000000004e+00	4.4507160905729304e+00
4.8825000000000003e+00	4.4507155733983730e+00
4.8875000000000002e+00	4.4507150776919513e+00
4.8925000000000001e+00	4.4507146034522016e+00
4.8975000000000000e+00	4.4507141506776611e+00
4.9024999999999999e+00	4.4507137193668687e+00
4.9074999999999998e+00	4.4507133095183589e+00
4.9125000000000005e+00	4.4507129211306724e+00
4.9175000000000004e+00	4.4507125542023429e+00
4.9225000000000003e+00	4.4507122087319111e+00
4.9275000000000002e+00	4.4507118847179106e+00
4.9325000000000001e+00	4.4507115821588794e+00
4.9375000000000000e+00	4.4507113010533557e+00
4.9424999999999999e+00	4.4507110413998747e+00
4.9474999999999998e+00	4.4507108031969782e+00
4.9524999999999997e+00	4.4507105864431979e+00
4.9575000000000005e+00	4.4507103911370729e+00
4.9625000000000004e+00	4.4507102172771438e+00
4.9675000000000002e+00	4.4507100648619424e+00
4.9725000000000001e+00	4.4507099338900087e+00
4.9775000000000000e+00	4.4507098243598788e+00
4.9824999999999999e+00	4.4507097362700909e+00
4.9874999999999998e+00	4.4507096696191821e+00
4.9924999999999997e+00	4.4507096244056878e+00
4.9975000000000005e+00	4.4507096006281479e+00
5.0025000000000004e+00	4.4507095982850968e+00
5.0075000000000003e+00	4.4507096173750744e+00
5.0125000000000002e+00	4.4507096578966161e+00
5.0175000000000001e+00	4.4507097198482599e+00
5.0225000000000000e+00	4.4507098032285413e+00
5.0274999999999999e+00	4.4507099080359982e+00
5.0324999999999998e+00	4.4507100342691697e+00
5.0375000000000005e+00	4.4507101819265920e+00
5.0425000000000004e+00	4.4507103510067987e+00
5.0475000000000003e+00	4.4507105415083315e+00
5.0525000000000002e+00	4.4507107534297274e+00
5.0575000000000001e+00	4.4507109867695220e+00
5.0625000000000000e+00	4.4507112415262506e+00
5.0674999999999999e+00	4.4507115176984531e+00
5.0724999999999998e+00	4.4507118152846674e+00
5.0774999999999997e+00	4.4507121342834290e+00
5.0825000000000005e+00	4.4507124746932742e+00
5.0875000000000004e+00	4.4507128365127420e+00
5.0925000000000002e+00	4.4507132197403676e+00
5.0975000000000001e+00	4.4507136243746901e+00
5.1025000000000000e+00	4.4507140504142466e+00
5.1074999999999999e+00	4.4507144978575726e+00
5.1124999999999998e+00	4.4507149667032060e+00
5.1174999999999997e+00	4.4507154569496858e+00
5.1225000000000005e+00	4.4507159685955466e+00
5.1275000000000004e+00	4.4507165016393264e+00
5.1325000000000003e+00	4.4507170560795615e+00
5.1375000000000002e+00	4.4507176319147916e+00
5.1425000000000001e+00	4.4507182291435523e+00
5.1475000000000000e+00	4.4507188477643806e+00
5.1524999999999999e+00	4.4507194877758121e+00
5.1574999999999998e+00	4.4507201491763881e+00
5.1625000000000005e+00	4.4507208319646416e+00
5.1675000000000004e+00	4.4507215361391124e+00
5.1725000000000003e+00	4.4507222616983375e+00
5.1775000000000002e+00	4.4507230086408516e+00
5.1825000000000001e+00	4.4507237769651953e+00
5.1875000000000000e+00	4.4507245666699022e+00
5.1924999999999999e+00	4.4507253777535132e+00
5.1974999999999998e+00	4.4507262102145626e+00
5.2024999999999997e+00	4.4507270640515877e+00
5.2075000000000005e+00	4.4507279392631283e+00
5.2125000000000004e+00	4.4507288358477171e+00
5.2175000000000002e+00	4.4507297538038966e+00
5.2225000000000001e+00	4.4507306931301986e+00
5.2275000000000000e+00	4.4507316538251658e+00
5.2324999999999999e+00	4.4507326358873307e+00
5.2374999999999998e+00	4.4507336393152315e+00
5.2424999999999997e+00	4.4507346641074079e+00
5.2475000000000005e+00	4.4507357102623946e+00
5.2525000000000004e+00	4.4507367777787294e+00
5.2575000000000003e+00	4.4507378666549497e+00
5.2625000000000002e+00	4.4507389768895917e+00
5.2675000000000001e+00	4.4507401084811944e+00
5.2725000000000000e+00	4.4507412614282922e+00
5.2774999999999999e+00	4.4507424357294250e+00
5.2824999999999998e+00	4.4507436313831290e+00
5.2875000000000005e+00	4.4507448483879406e+00
5.2925000000000004e+00	4.4507460867423987e+00
5.2975000000000003e+00	4.4507473464450378e+00
5.3025000000000002e+00	4.4507486274943977e+00
5.3075000000000001e+00	4.4507499298890139e+00
5.3125000000000000e+00	4.4507512536274243e+00
5.3174999999999999e+00	4.4507525987081653e+00
5.3224999999999998e+00	4.4507539651297758e+00
5.3274999999999997e+00	4.4507553528907913e+00
5.3325000000000005e+00	4.4507567619897497e+00
5.3375000000000004e+00	4.4507581924251882e+00
5.3425000000000002e+00	4.4507596441956414e+00
5.3475000000000001e+00	4.4507611172996500e+00
5.3525000000000000e+00	4.4507626117357511e+00
5.3574999999999999e+00	4.4507641275024801e+00
5.3624999999999998e+00	4.4507656645983742e+00
5.3674999999999997e+00	4.4507672230219715e+00
5.3725000000000005e+00	4.4507688027718091e+00
5.3775000000000004e+00	4.4507704038464233e+00
5.3825000000000003e+00	4.4507720262443504e+00
5.3875000000000002e+00	4.4507736699641303e+00
5.3925000000000001e+00	4.4507753350042982e+00
5.3975000000000000e+00	4.4507770213633933e+00
5.4024999999999999e+00	4.4507787290399499e+00
5.4074999999999998e+00	4.4507804580325070e+00
5.4125000000000005e+00	4.4507822083396009e+00
5.4175000000000004e+00	4.4507839799597697e+00
5.4225000000000003e+00	4.4507857728915496e+00
5.4275000000000002e+00	4.4507875871334779e+00
5.4325000000000001e+00	4.4507894226840934e+00
5.4375000000000000e+00	4.4507912795419298e+00
5.4424999999999999e+00	4.4507931577055286e+00
5.4474999999999998e+00	4.4507950571734236e+00
5.4524999999999997e+00	4.4507969779441527e+00
5.4575000000000005e+00	4.4507989200162541e+00
5.4625000000000004e+00	4.4508008833882649e+00
5.4675000000000002e+00	4.4508028680587213e+00
5.4725000000000001e+00	4.4508048740261597e+00
5.4775000000000000e+00	4.4508069012891189e+00
5.4824999999999999e+00	4.4508089498461354e+00
5.4874999999999998e+00	4.4508110196957471e+00
5.4924999999999997e+00	4.4508131108364903e+00
5.4975000000000005e+00	4.4508152232669023e+00
5.5025000000000004e+00	4.4508173569855201e+00
5.5075000000000003e+00	4.4508195084073652e+00
5.5125000000000002e+00	4.4508216740214515e+00
5.5175000000000001e+00	4.4508238539372984e+00
5.5225000000000000e+00	4.4508260482644371e+00
5.5274999999999999e+00	4.4508282571123816e+00
5.5324999999999998e+00	4.4508304805906640e+00
5.5375000000000005e+00	4.4508327188087975e+00
5.5425000000000004e+00	4.4508349718763123e+00
5.5475000000000003e+00	4.4508372399027261e+00
5.5525000000000002e+00	4.4508395229975699e+00
5.5575000000000001e+00	4.4508418212703642e+00
5.5625000000000000e+00	4.4508441348306276e+00
5.5674999999999999e+00	4.4508464637878840e+00
5.5724999999999998e+00	4.4508488082516680e+00
5.5774999999999997e+00	4.4508511683314875e+00
5.5825000000000005e+00	4.4508535441368755e+00
5.5875000000000004e+00	4.4508559357773470e+00
5.5925000000000002e+00	4.4508583433624374e+00
5.5975000000000001e+00	4.4508607670016591e+00
5.6025000000000000e+00	4.4508632068045397e+00
5.6074999999999999e+00	4.4508656628806023e+00
5.6124999999999998e+00	4.4508681353393698e+00
5.6174999999999997e+00	4.4508706242903653e+00
5.6225000000000005e+00	4.4508731298431110e+00
5.6275000000000004e+00	4.4508756521071318e+00
5.6325000000000003e+00	4.4508781911919488e+00
5.6375000000000002e+00	4.4508807472070888e+00
5.6425000000000001e+00	4.4508833202620739e+00
5.6475000000000000e+00	4.4508859104664245e+00
5.6524999999999999e+00	4.4508885179296653e+00
5.6574999999999998e+00	4.4508911427613249e+00
5.6625000000000005e+00	4.4508937850709165e+00
5.6675000000000004e+00	4.4508964449679693e+00
5.6725000000000003e+00	4.4508991225620074e+00
5.6775000000000002e+00	4.4509018179625501e+00
5.6825000000000001e+00	4.4509045312791242e+00
5.6875000000000000e+00	4.4509072626212527e+00
5.6924999999999999e+00	4.4509100120984550e+00
5.6974999999999998e+00	4.4509127798202659e+00
5.7024999999999997e+00	4.4509155658961879e+00
5.7075000000000005e+00	4.4509183704357644e+00
5.7125000000000004e+00	4.4509211935485027e+00
5.7175000000000002e+00	4.4509240353439408e+00
5.7225000000000001e+00	4.4509268959315911e+00
5.7275000000000000e+00	4.4509297754209829e+00
5.7324999999999999e+00	4.4509326739216375e+00
5.7374999999999998e+00	4.4509355915430744e+00
5.7424999999999997e+00	4.4509385283948246e+00
5.7475000000000005e+00	4.4509414845864059e+00
5.7525000000000004e+00	4.4509444602273396e+00
5.7575000000000003e+00	4.4509474554271531e+00
5.7625000000000002e+00	4.4509504702953704e+00
5.7675000000000001e+00	4.4509535049415128e+00
5.7725000000000000e+00	4.4509565594751015e+00
5.7774999999999999e+00	4.4509596340056623e+00
5.7824999999999998e+00	4.4509627286427191e+00
5.7875000000000005e+00	4.4509658434957942e+00
5.7925000000000004e+00	4.4509689786744095e+00
5.7975000000000003e+00	4.4509721342880875e+00
5.8025000000000002e+00	4.4509753104463563e+00
5.8075000000000001e+00	4.4509785072587356e+00
5.8125000000000000e+00	4.4509817248347501e+00
5.8174999999999999e+00	4.4509849632839185e+00
5.8224999999999998e+00	4.4509882227157718e+00
5.8274999999999997e+00	4.4509915032398286e+00
5.8325000000000005e+00	4.4509948049656085e+00
5.8375000000000004e+00	4.4509981280026425e+00
5.8425000000000002e+00	4.4510014724604510e+00
5.8475000000000001e+00	4.4510048384485525e+00
5.8525000000000000e+00	4.4510082260764774e+00
5.8574999999999999e+00	4.4510116354537459e+00
5.8624999999999998e+00	4.4510150666898776e+00
5.8674999999999997e+00	4.4510185198944034e+00
5.8725000000000005e+00	4.4510219951768395e+00
5.8775000000000004e+00	4.4510254926467132e+00
5.8825000000000003e+00	4.4510290124135459e+00
5.8875000000000002e+00	4.4510325545868614e+00
5.8925000000000001e+00	4.4510361192761838e+00
5.8975000000000000e+00	4.4510397065910343e+00
5.9024999999999999e+00	4.4510433166409369e+00
5.9074999999999998e+00	4.4510469495354164e+00
5.9125000000000005e+00	4.4510506053839958e+00
5.9175000000000004e+00	4.4510542842961964e+00
5.9225000000000003e+00	4.4510579863815423e+00
5.9275000000000002e+00	4.4510617117495572e+00
5.9325000000000001e+00	4.4510654605097644e+00
5.9375000000000000e+00	4.4510692327716850e+00
5.9424999999999999e+00	4.4510730286448448e+00
5.9474999999999998e+00	4.4510768482387677e+00
5.9524999999999997e+00	4.4510806916629733e+00
5.9575000000000005e+00	4.4510845590269881e+00
5.9625000000000004e+00	4.4510884504403361e+00
5.9675000000000002e+00	4.4510923660125368e+00
5.9725000000000001e+00	4.4510963058531159e+00
5.9775000000000000e+00	4.4511002700715947e+00
5.9824999999999999e+00	4.4511042587774980e+00
5.9874999999999998e+00	4.4511082720803516e+00
5.9924999999999997e+00	4.4511123100896723e+00
5.9975000000000005e+00	4.4511163729149894e+00
6.0025000000000004e+00	4.4511204606658232e+00
6.0075000000000003e+00	4.4511245734516978e+00
6.0125000000000002e+00	4.4511287113821361e+00
6.0175000000000001e+00	4.4511328745666612e+00
6.0225000000000000e+00	4.4511370631147953e+00
6.0274999999999999e+00	4.4511412771360632e+00
6.0324999999999998e+00	4.4511455167399889e+00
6.0375000000000005e+00	4.4511497820360955e+00
6.0425000000000004e+00	4.4511540731339032e+00
6.0475000000000003e+00	4.4511583901429370e+00
6.0525000000000002e+00	4.4511627331727217e+00
6.0575000000000001e+00	4.4511671023327795e+00
6.0625000000000000e+00	4.4511714977326315e+00
6.0674999999999999e+00	4.4511759194818055e+00
6.0724999999999998e+00	4.4511803676898198e+00
6.0775000000000006e+00	4.4511848424662013e+00
6.0825000000000005e+00	4.4511893439204719e+00
6.0875000000000004e+00	4.4511938721621531e+00
6.0925000000000002e+00	4.4511984273007696e+00
6.0975000000000001e+00	4.4512030094458472e+00
6.1025000000000000e+00	4.4512076187069054e+00
6.1074999999999999e+00	4.4512122551934690e+00
6.1124999999999998e+00	4.4512169190150619e+00
6.1174999999999997e+00	4.4512216102812063e+00
6.1225000000000005e+00	4.4512263291014253e+00
6.1275000000000004e+00	4.4512310755852420e+00
6.1325000000000003e+00	4.4512358498421802e+00
6.1375000000000002e+00	4.4512406519817631e+00
6.1425000000000001e+00	4.4512454821135146e+00
6.1475000000000000e+00	4.4512503403469559e+00
6.1524999999999999e+00	4.4512552267916110e+00
6.1574999999999998e+00	4.4512601415570074e+00
6.1625000000000005e+00	4.4512650847526620e+00
6.1675000000000004e+00	4.4512700564880996e+00
6.1725000000000003e+00	4.4512750568728467e+00
6.1775000000000002e+00	4.4512800860164230e+00
6.1825000000000001e+00	4.4512851440283532e+00
6.1875000000000000e+00	4.4512902310181612e+00
6.1924999999999999e+00	4.4512953470953693e+00
6.1974999999999998e+00	4.4513004923694997e+00
6.2025000000000006e+00	4.4513056669500779e+00
6.2075000000000005e+00	4.4513108709466263e+00
6.2125000000000004e+00	4.4513161044686669e+00
6.2175000000000002e+00	4.4513213676257237e+00
6.2225000000000001e+00	4.4513266605273216e+00
6.2275000000000000e+00	4.4513319832829819e+00
6.2324999999999999e+00	4.4513373360022275e+00
6.2374999999999998e+00	4.4513427187945833e+00
6.2424999999999997e+00	4.4513481317695716e+00
6.2475000000000005e+00	4.4513535750367152e+00
6.2525000000000004e+00	4.4513590487055383e+00
6.2575000000000003e+00	4.4513645528855639e+00
6.2625000000000002e+00	4.4513700876863149e+00
6.2675000000000001e+00	4.4513756532173154e+00
6.2725000000000000e+00	4.4513812495880858e+00
6.2774999999999999e+00	4.4513868769081535e+00
6.2824999999999998e+00	4.4513925352870380e+00
6.2875000000000005e+00	4.4513982248342661e+00
6.2925000000000004e+00	4.4514039456593588e+00
6.2975000000000003e+00	4.4514096978718394e+00
6.3025000000000002e+00	4.4514154815812308e+00
6.3075000000000001e+00	4.4514212968970579e+00
6.3125000000000000e+00	4.4514271439288420e+00
6.3174999999999999e+00	4.4514330227861070e+00
6.3224999999999998e+00	4.4514389335783777e+00
6.3275000000000006e+00	4.4514448764151764e+00
6.3325000000000005e+00	4.4514508514060243e+00
6.3375000000000004e+00	4.4514568586604470e+00
6.3425000000000002e+00	4.4514628982879660e+00
6.3475000000000001e+00	4.4514689703981070e+00
6.3525000000000000e+00	4.4514750751003920e+00
6.3574999999999999e+00	4.4514812125043433e+00
6.3624999999999998e+00	4.4514873827194856e+00
6.3674999999999997e+00	4.4514935858553404e+00
6.3725000000000005e+00	4.4514998220214332e+00
6.3775000000000004e+00	4.4515060913272837e+00
6.3825000000000003e+00	4.4515123938824193e+00
6.3875000000000002e+00	4.4515187297963621e+00
6.3925000000000001e+00	4.4515250991786335e+00
6.3975000000000000e+00	4.4515315021387574e+00
6.4024999999999999e+00	4.4515379387862577e+00
6.4074999999999998e+00	4.4515444092306575e+00
6.4125000000000005e+00	4.4515509135814808e+00
6.4175000000000004e+00	4.4515574519482488e+00
6.4225000000000003e+00	4.4515640244404864e+00
6.4275000000000002e+00	4.4515706311677166e+00
6.4325000000000001e+00	4.4515772722394615e+00
6.4375000000000000e+00	4.4515839477652461e+00
6.4424999999999999e+00	4.4515906578545934e+00
6.4474999999999998e+00	4.4515974026170246e+00
6.4525000000000006e+00	4.4516041821620638e+00
6.4575000000000005e+00	4.4516109965992365e+00
6.4625000000000004e+00	4.4516178460380651e+00
6.4675000000000002e+00	4.4516247305880698e+00
6.4725000000000001e+00	4.4516316503587774e+00
6.4775000000000000e+00	4.4516386054597081e+00
6.4824999999999999e+00	4.4516455960003869e+00
6.4874999999999998e+00	4.4516526220903394e+00
6.4924999999999997e+00	4.4516596838390843e+00
6.4975000000000005e+00	4.4516667813561464e+00
6.5025000000000004e+00	4.4516739147510505e+00
6.5075000000000003e+00	4.4516810916210519e+00
6.5125000000000002e+00	4.4516883192661352e+00
6.5175000000000001e+00	4.4516955973499144e+00
6.5225000000000000e+00	4.4517029255360105e+00
6.5274999999999999e+00	4.4517103034880314e+00
6.5324999999999998e+00	4.4517177308695981e+00
6.5375000000000005e+00	4.4517252073443201e+00
6.5425000000000004e+00	4.4517327325758176e+00
6.5475000000000003e+00	4.4517403062276992e+00
6.5525000000000002e+00	4.4517479279635888e+00
6.5575000000000001e+00	4.4517555974470984e+00
6.5625000000000000e+00	4.4517633143418411e+00
6.5674999999999999e+00	4.4517710783114293e+00
6.5724999999999998e+00	4.4517788890194918e+00
6.5775000000000006e+00	4.4517867461296268e+00
6.5825000000000005e+00	4.4517946493054597e+00
6.5875000000000004e+00	4.4518025982105982e+00
6.5925000000000002e+00	4.4518105925086706e+00
6.5975000000000001e+00	4.4518186318632793e+00
6.6025000000000000e+00	4.4518267159380462e+00
6.6074999999999999e+00	4.4518348443965827e+00
6.6124999999999998e+00	4.4518430169025072e+00
6.6174999999999997e+00	4.4518512331194344e+00
6.6225000000000005e+00	4.4518594927109758e+00
6.6275000000000004e+00	4.4518677953407515e+00
6.6325000000000003e+00	4.4518761406723728e+00
6.6375000000000002e+00	4.4518845283694581e+00
6.6425000000000001e+00	4.4518929580956215e+00
6.6475000000000000e+00	4.4519014295144776e+00
6.6524999999999999e+00	4.4519099422896415e+00
6.6574999999999998e+00	4.4519184960847324e+00
6.6625000000000005e+00	4.4519270905633599e+00
6.6675000000000004e+00	4.4519357253891387e+00
6.6725000000000003e+00	4.4519444002256900e+00
6.6775000000000002e+00	4.4519531147366243e+00
6.6825000000000001e+00	4.4519618685855589e+00
6.6875000000000000e+00	4.4519706614361079e+00
6.6924999999999999e+00	4.4519794929518870e+00
6.6974999999999998e+00	4.4519883627965182e+00
6.7025000000000006e+00	4.4519972706335995e+00
6.7075000000000005e+00	4.4520062161267635e+00
6.7125000000000004e+00	4.4520151989396126e+00
6.7175000000000002e+00	4.4520242187357733e+00
6.7225000000000001e+00	4.4520332751788532e+00
6.7275000000000000e+00	4.4520423679324699e+00
6.7324999999999999e+00	4.4520514966602409e+00
6.7374999999999998e+00	4.4520606610257749e+00
6.7424999999999997e+00	4.4520698606926947e+00
6.7475000000000005e+00	4.4520790953246117e+00
6.7525000000000004e+00	4.4520883645851379e+00
6.7575000000000003e+00	4.4520976681378954e+00
6.7625000000000002e+00	4.4521070056464964e+00
6.7675000000000001e+00	4.4521163767745557e+00
6.7725000000000000e+00	4.4521257811856874e+00
6.7774999999999999e+00	4.4521352185435070e+00
6.7824999999999998e+00	4.4521446885116323e+00
6.7875000000000005e+00	4.4521541907536779e+00
6.7925000000000004e+00	4.4521637249332580e+00
6.7975000000000003e+00	4.4521732907139855e+00
6.8025000000000002e+00	4.4521828877594789e+00
6.8075000000000001e+00	4.4521925157333540e+00
6.8125000000000000e+00	4.4522021742992246e+00
6.8174999999999999e+00	4.4522118631207031e+00
6.8224999999999998e+00	4.4522215818614113e+00
6.8275000000000006e+00	4.4522313301849596e+00
6.8325000000000005e+00	4.4522411077549613e+00
6.8375000000000004e+00	4.4522509142350364e+00
6.8425000000000002e+00	4.4522607492888007e+00
6.8475000000000001e+00	4.4522706125798628e+00
6.8525000000000000e+00	4.4522805037718447e+00
6.8574999999999999e+00	4.4522904225283586e+00
6.8624999999999998e+00	4.4523003685130194e+00
6.8674999999999997e+00	4.4523103413894445e+00
6.8725000000000005e+00	4.4523203408212471e+00
6.8775000000000004e+00	4.4523303664720428e+00
6.8825000000000003e+00	4.4523404180054467e+00
6.8875000000000002e+00	4.4523504950850752e+00
6.8925000000000001e+00	4.4523605973745424e+00
6.8975000000000000e+00	4.4523707245374631e+00
6.9024999999999999e+00	4.4523808762374539e+00
6.9074999999999998e+00	4.4523910521381298e+00
6.9125000000000005e+00	4.4524012519031055e+00
6.9175000000000004e+00	4.4524114751959960e+00
6.9225000000000003e+00	4.4524217216804169e+00
6.9275000000000002e+00	4.4524319910199823e+00
6.9325000000000001e+00	4.4524422828783097e+00
6.9375000000000000e+00	4.4524525969190130e+00
6.9424999999999999e+00	4.4524629328057062e+00
6.9474999999999998e+00	4.4524732902020068e+00
6.9525000000000006e+00	4.4524836687715288e+00
6.9575000000000005e+00	4.4524940681778880e+00
6.9625000000000004e+00	4.4525044880847009e+00
6.9675000000000002e+00	4.4525149281555789e+00
6.9725000000000001e+00	4.4525253880541396e+00
6.9775000000000000e+00	4.4525358674439994e+00
6.9824999999999999e+00	4.4525463659887698e+00
6.9874999999999998e+00	4.4525568833520710e+00
6.9924999999999997e+00	4.4525674191975142e+00
6.9975000000000005e+00	4.4525779731887161e+00
7.0025000000000004e+00	4.4525885449892915e+00
7.0075000000000003e+00	4.4525991342628561e+00
7.0125000000000002e+00	4.4526097406730258e+00
7.0175000000000001e+00	4.4526203638834154e+00
7.0225000000000000e+00	4.4526310035576380e+00
7.0274999999999999e+00	4.4526416593593110e+00
7.0324999999999998e+00	4.4526523309520494e+00
7.0375000000000005e+00	4.4526630179994706e+00
7.0425000000000004e+00	4.4526737201651843e+00
7.0475000000000003e+00	4.4526844371128096e+00
7.0525000000000002e+00	4.4526951685059624e+00
7.0575000000000001e+00	4.4527059140082548e+00
7.0625000000000000e+00	4.4527166732833035e+00
7.0674999999999999e+00	4.4527274459947241e+00
7.0724999999999998e+00	4.4527382318061335e+00
7.0775000000000006e+00	4.4527490303811437e+00
7.0825000000000005e+00	4.4527598413833713e+00
7.0875000000000004e+00	4.4527706644764322e+00
7.0925000000000002e+00	4.4527814993239394e+00
7.0975000000000001e+00	4.4527923455895104e+00
7.1025000000000000e+00	4.4528032029367601e+00
7.1074999999999999e+00	4.4528140710293034e+00
7.1124999999999998e+00	4.4528249495307541e+00
7.1174999999999997e+00	4.4528358381047308e+00
7.1225000000000005e+00	4.4528467364148465e+00
7.1275000000000004e+00	4.4528576441247143e+00
7.1325000000000003e+00	4.4528685608979535e+00
7.1375000000000002e+00	4.4528794863981762e+00
7.1425000000000001e+00	4.4528904202890010e+00
7.1475000000000000e+00	4.4529013622340399e+00
7.1524999999999999e+00	4.4529123118969087e+00
7.1574999999999998e+00	4.4529232689412241e+00
7.1625000000000005e+00	4.4529342330306010e+00
7.1675000000000004e+00	4.4529452038286523e+00
7.1725000000000003e+00	4.4529561809989957e+00
7.1775000000000002e+00	4.4529671642052469e+00
7.1825000000000001e+00	4.4529781531110180e+00
7.1875000000000000e+00	4.4529891473799275e+00
7.1924999999999999e+00	4.4530001466755884e+00
7.1974999999999998e+00	4.4530111506616166e+00
7.2025000000000006e+00	4.4530221590016286e+00
7.2075000000000005e+00	4.4530331713592384e+00
7.2125000000000004e+00	4.4530441873980600e+00
7.2175000000000002e+00	4.4530552067817109e+00
7.2225000000000001e+00	4.4530662291738050e+00
7.2275000000000000e+00	4.4530772542379591e+00
7.2324999999999999e+00	4.4530882816377853e+00
7.2374999999999998e+00	4.4530993110369028e+00
7.2424999999999997e+00	4.4531103420989240e+00
7.2475000000000005e+00	4.4531213744874636e+00
7.2525000000000004e+00	4.4531324078661401e+00
7.2575000000000003e+00	4.4531434418985665e+00
7.2625000000000002e+00	4.4531544762483568e+00
7.2675000000000001e+00	4.4531655105791286e+00
7.2725000000000000e+00	4.4531765445544957e+00
7.2774999999999999e+00	4.4531875778380750e+00
7.2824999999999998e+00	4.4531986100934793e+00
7.2875000000000005e+00	4.4532096409843263e+00
7.2925000000000004e+00	4.4532206701742290e+00
7.2975000000000003e+00	4.4532316973268040e+00
7.3025000000000002e+00	4.4532427221056654e+00
7.3075000000000001e+00	4.4532537441744289e+00
7.3125000000000000e+00	4.4532647631967111e+00
7.3174999999999999e+00	4.4532757788361250e+00
7.3224999999999998e+00	4.4532867907562874e+00
7.3275000000000006e+00	4.4532977986208140e+00
7.3325000000000005e+00	4.4533088020933178e+00
7.3375000000000004e+00	4.4533198008374164e+00
7.3425000000000002e+00	4.4533307945167229e+00
7.3475000000000001e+00	4.4533417827948529e+00
7.3525000000000000e+00	4.4533527653354232e+00
7.3574999999999999e+00	4.4533637418020486e+00
7.3624999999999998e+00	4.4533747118583431e+00
7.3674999999999997e+00	4.4533856751679224e+00
7.3725000000000005e+00	4.4533966313944022e+00
7.3775000000000004e+00	4.4534075802013975e+00
7.3825000000000003e+00	4.4534185212525230e+00
7.3875000000000002e+00	4.4534294542113955e+00
7.3925000000000001e+00	4.4534403787416279e+00
7.3975000000000000e+00	4.4534512945068361e+00
7.4024999999999999e+00	4.4534622011706375e+00
7.4074999999999998e+00	4.4534730983966435e+00
7.4125000000000005e+00	4.4534839858484734e+00
7.4175000000000004e+00	4.4534948631897411e+00
7.4225000000000003e+00	4.4535057300840588e+00
7.4275000000000002e+00	4.4535165861950459e+00
7.4325000000000001e+00	4.4535274311863162e+00
7.4375000000000000e+00	4.4535382647214830e+00
7.4424999999999999e+00	4.4535490864641654e+00
7.4474999999999998e+00	4.4535598960779730e+00
7.4525000000000006e+00	4.4535706932265269e+00
7.4575000000000005e+00	4.4535814775734393e+00
7.4625000000000004e+00	4.4535922487823258e+00
7.4675000000000002e+00	4.4536030065168015e+00
7.4725000000000001e+00	4.4536137504404820e+00
7.4775000000000000e+00	4.4536244802169822e+00
7.4824999999999999e+00	4.4536351955099169e+00
7.4874999999999998e+00	4.4536458959829037e+00
7.4924999999999997e+00	4.4536565812995548e+00
7.4975000000000005e+00	4.4536672511234867e+00
7.5025000000000004e+00	4.4536779051183144e+00
7.5075000000000003e+00	4.4536887383595518e+00
7.5125000000000002e+00	4.4536999424456010e+00
7.5175000000000001e+00	4.4537115118244106e+00
7.5225000000000000e+00	4.4537234409439366e+00
7.5274999999999999e+00	4.4537357242521187e+00
7.5324999999999998e+00	4.4537483561969164e+00
7.5375000000000005e+00	4.4537613312262696e+00
7.5425000000000004e+00	4.4537746437881331e+00
7.5475000000000003e+00	4.4537882883304531e+00
7.5525000000000002e+00	4.4538022593011846e+00
7.5575000000000001e+00	4.4538165511482735e+00
7.5625000000000000e+00	4.4538311583196695e+00
7.5674999999999999e+00	4.4538460752633169e+00
7.5724999999999998e+00	4.4538612964271813e+00
7.5775000000000006e+00	4.4538768162591955e+00
7.5825000000000005e+00	4.4538926292073171e+00
7.5875000000000004e+00	4.4539087297194877e+00
7.5925000000000002e+00	4.4539251122436703e+00
7.5975000000000001e+00	4.4539417712278047e+00
7.6025000000000000e+00	4.4539587011198414e+00
7.6074999999999999e+00	4.4539758963677327e+00
7.6124999999999998e+00	4.4539933514194248e+00
7.6174999999999997e+00	4.4540110607228698e+00
7.6225000000000005e+00	4.4540290187260148e+00
7.6275000000000004e+00	4.4540472198768128e+00
7.6325000000000003e+00	4.4540656586232084e+00
7.6375000000000002e+00	4.4540843294131554e+00
7.6425000000000001e+00	4.4541032266946043e+00
7.6475000000000000e+00	4.4541223449154979e+00
7.6524999999999999e+00	4.4541416785237917e+00
7.6574999999999998e+00	4.4541612219674365e+00
7.6625000000000005e+00	4.4541809696943755e+00
7.6675000000000004e+00	4.4542009161525602e+00
7.6725000000000003e+00	4.4542210557899438e+00
7.6775000000000002e+00	4.4542413830544723e+00
7.6825000000000001e+00	4.4542618923940971e+00
7.6875000000000000e+00	4.4542825782567661e+00
7.6924999999999999e+00	4.4543034350904280e+00
7.6974999999999998e+00	4.4543244573430423e+00
7.7025000000000006e+00	4.4543456394625416e+00
7.7075000000000005e+00	4.4543669758968871e+00
7.7125000000000004e+00	4.4543884610940205e+00
7.7175000000000002e+00	4.4544100895019021e+00
7.7225000000000001e+00	4.4544318555684717e+00
7.7275000000000000e+00	4.4544537537416842e+00
7.7324999999999999e+00	4.4544757784694884e+00
7.7374999999999998e+00	4.4544979241998268e+00
7.7425000000000006e+00	4.4545201853806615e+00
7.7475000000000005e+00	4.4545425564599332e+00
7.7525000000000004e+00	4.4545650318855898e+00
7.7575000000000003e+00	4.4545876061055871e+00
7.7625000000000002e+00	4.4546102735678721e+00
7.7675000000000001e+00	4.4546330287203961e+00
7.7725000000000000e+00	4.4546558660111026e+00
7.7774999999999999e+00	4.4546787798879475e+00
7.7824999999999998e+00	4.4547017647988776e+00
7.7875000000000005e+00	4.4547248151918435e+00
7.7925000000000004e+00	4.4547479255147930e+00
7.7975000000000003e+00	4.4547710902156759e+00
7.8025000000000002e+00	4.4547943037424433e+00
7.8075000000000001e+00	4.4548175605430433e+00
7.8125000000000000e+00	4.4548408550654282e+00
7.8174999999999999e+00	4.4548641817575412e+00
7.8224999999999998e+00	4.4548875350673400e+00
7.8275000000000006e+00	4.4549109094427681e+00
7.8325000000000005e+00	4.4549342993317751e+00
7.8375000000000004e+00	4.4549576991823132e+00
7.8425000000000002e+00	4.4549811034423330e+00
7.8475000000000001e+00	4.4550045065597788e+00
7.8525000000000000e+00	4.4550279029826054e+00
7.8574999999999999e+00	4.4550512871587600e+00
7.8624999999999998e+00	4.4550746535361903e+00
7.8675000000000006e+00	4.4550979965628512e+00
7.8725000000000005e+00	4.4551213106866863e+00
7.8775000000000004e+00	4.4551445903556468e+00
7.8825000000000003e+00	4.4551678300176834e+00
7.8875000000000002e+00	4.4551910241207464e+00
7.8925000000000001e+00	4.4552141671127838e+00
7.8975000000000000e+00	4.4552372534417461e+00
7.9024999999999999e+00	4.4552602775555794e+00
7.9074999999999998e+00	4.4552832339022377e+00
7.9125000000000005e+00	4.4553061169296697e+00
7.9175000000000004e+00	4.4553289210858225e+00
7.9225000000000003e+00	4.4553516408186473e+00
7.9275000000000002e+00	4.4553742705760921e+00
7.9325000000000001e+00	4.4553968048061101e+00
7.9375000000000000e+00	4.4554192379566455e+00
7.9424999999999999e+00	4.4554415644756524e+00
7.9474999999999998e+00	4.4554637788110778e+00
7.9525000000000006e+00	4.4554858754108713e+00
7.9575000000000005e+00	4.4555078487229833e+00
7.9625000000000004e+00	4.4555296931953645e+00
7.9675000000000002e+00	4.4555514032759618e+00
7.9725000000000001e+00	4.4555729734127256e+00
7.9775000000000000e+00	4.4555943980536057e+00
7.9824999999999999e+00	4.4556156716465507e+00
7.9874999999999998e+00	4.4556367886395130e+00
7.9925000000000006e+00	4.4556577434804394e+00
7.9975000000000005e+00	4.4556785306172797e+00
8.0024999999999995e+00	4.4556991444979843e+00
8.0075000000000003e+00	4.4557195795705002e+00
8.0124999999999993e+00	4.4557398302827798e+00
8.0175000000000001e+00	4.4557598910827734e+00
8.0225000000000009e+00	4.4557797564184263e+00
8.0274999999999999e+00	4.4557994207376916e+00
8.0325000000000006e+00	4.4558188784885173e+00
8.0374999999999996e+00	4.4558381241188556e+00
8.0425000000000004e+00	4.4558571520766508e+00
8.0474999999999994e+00	4.4558759568098552e+00
8.0525000000000002e+00	4.4558945327664201e+00
8.0575000000000010e+00	4.4559128743942926e+00
8.0625000000000000e+00	4.4559309761414214e+00
8.0675000000000008e+00	4.4559488324557597e+00
8.0724999999999998e+00	4.4559664377852544e+00
8.0775000000000006e+00	4.4559837865778542e+00
8.0824999999999996e+00	4.4560008732815115e+00
8.0875000000000004e+00	4.4560176923441723e+00
8.0924999999999994e+00	4.4560342382137890e+00
8.0975000000000001e+00	4.4560505053383093e+00
8.1025000000000009e+00	4.4560664881656846e+00
8.1074999999999999e+00	4.4560821811438620e+00
8.1125000000000007e+00	4.4560975787207928e+00
8.1174999999999997e+00	4.4561126753444258e+00
8.1225000000000005e+00	4.4561274654627123e+00
8.1274999999999995e+00	4.4561419435235976e+00
8.1325000000000003e+00	4.4561561039750339e+00
8.1374999999999993e+00	4.4561699412649718e+00
8.1425000000000001e+00	4.4561834498413599e+00
8.1475000000000009e+00	4.4561966241521462e+00
8.1524999999999999e+00	4.4562094586452812e+00
8.1575000000000006e+00	4.4562219477687162e+00
8.1624999999999996e+00	4.4562340859703964e+00
8.1675000000000004e+00	4.4562458676982759e+00
8.1724999999999994e+00	4.4562572874003017e+00
8.1775000000000002e+00	4.4562683395244242e+00
8.1825000000000010e+00	4.4562790185185923e+00
8.1875000000000000e+00	4.4562893188307573e+00
8.1925000000000008e+00	4.4562992349088653e+00
8.1974999999999998e+00	4.4563087612008676e+00
8.2025000000000006e+00	4.4563178921547149e+00
8.2074999999999996e+00	4.4563266222183557e+00
8.2125000000000004e+00	4.4563349458397390e+00
8.2174999999999994e+00	4.4563428574668134e+00
8.2225000000000001e+00	4.4563503515475311e+00
8.2275000000000009e+00	4.4563574225298392e+00
8.2324999999999999e+00	4.4563640648616891e+00
8.2375000000000007e+00	4.4563702729910295e+00
8.2424999999999997e+00	4.4563760413658109e+00
8.2475000000000005e+00	4.4563813644339785e+00
8.2524999999999995e+00	4.4563862366434881e+00
8.2575000000000003e+00	4.4563906524422849e+00
8.2624999999999993e+00	4.4563946062783204e+00
8.2675000000000001e+00	4.4563980925995423e+00
8.2725000000000009e+00	4.4564011058539013e+00
8.2774999999999999e+00	4.4564036404893477e+00
8.2825000000000006e+00	4.4564056909538294e+00
8.2874999999999996e+00	4.4564072516952953e+00
8.2925000000000004e+00	4.4564083171616984e+00
8.2974999999999994e+00	4.4564088818009857e+00
8.3025000000000002e+00	4.4564089400611069e+00
8.3075000000000010e+00	4.4564084863900097e+00
8.3125000000000000e+00	4.4564075152356475e+00
8.3175000000000008e+00	4.4564060210459671e+00
8.3224999999999998e+00	4.4564039982689181e+00
8.3275000000000006e+00	4.4564014413524511e+00
8.3324999999999996e+00	4.4563983447445157e+00
8.3375000000000004e+00	4.4563947028930597e+00
8.3424999999999994e+00	4.4563905102460337e+00
8.3475000000000001e+00	4.4563857612513882e+00
8.3525000000000009e+00	4.4563804503570719e+00
8.3574999999999999e+00	4.4563745720110335e+00
8.3625000000000007e+00	4.4563681206612227e+00
8.3674999999999997e+00	4.4563610907555899e+00
8.3725000000000005e+00	4.4563534767420840e+00
8.3774999999999995e+00	4.4563452730686546e+00
8.3825000000000003e+00	4.4563364741832512e+00
8.3874999999999993e+00	4.4563270745338235e+00
8.3925000000000001e+00	4.4563170685683202e+00
8.3975000000000009e+00	4.4563064507346928e+00
8.4024999999999999e+00	4.4562952154808890e+00
8.4075000000000006e+00	4.4562833572548586e+00
8.4124999999999996e+00	4.4562708705045511e+00
8.4175000000000004e+00	4.4562577496779170e+00
8.4224999999999994e+00	4.4562439892229033e+00
8.4275000000000002e+00	4.4562295835874615e+00
8.4325000000000010e+00	4.4562145272195419e+00
8.4375000000000000e+00	4.4561988145670925e+00
8.4425000000000008e+00	4.4561824400780639e+00
8.4474999999999998e+00	4.4561653982004028e+00
8.4525000000000006e+00	4.4561476833820617e+00
8.4574999999999996e+00	4.4561292900709910e+00
8.4625000000000004e+00	4.4561102127151377e+00
8.4674999999999994e+00	4.4560904457624506e+00
8.4725000000000001e+00	4.4560699836608810e+00
8.4775000000000009e+00	4.4560488208583786e+00
8.4824999999999999e+00	4.4560269518028912e+00
8.4875000000000007e+00	4.4560043709423711e+00
8.4924999999999997e+00	4.4559810727247644e+00
8.4975000000000005e+00	4.4559570515980242e+00
8.5024999999999995e+00	4.4559323020100967e+00
8.5075000000000003e+00	4.4560172057215128e+00
8.5124999999999993e+00	4.4563199330922849e+00
8.5175000000000001e+00	4.4568371614695756e+00
8.5225000000000009e+00	4.4575655682005619e+00
8.5274999999999999e+00	4.4585018306324073e+00
8.5325000000000006e+00	4.4596426261122852e+00
8.5374999999999996e+00	4.4609846319873601e+00
8.5425000000000004e+00	4.4625245256048043e+00
8.5474999999999994e+00	4.4642589843117841e+00
8.5525000000000002e+00	4.4661846854554730e+00
8.5575000000000010e+00	4.4682983063830388e+00
8.5625000000000000e+00	4.4705965244416479e+00
8.5675000000000008e+00	4.4730760169784691e+00
8.5724999999999998e+00	4.4757334613406830e+00
8.5775000000000006e+00	4.4785655348754414e+00
8.5824999999999996e+00	4.4815689149299258e+00
8.5875000000000004e+00	4.4847402788512971e+00
8.5924999999999994e+00	4.4880763039867331e+00
8.5975000000000001e+00	4.4915736676833991e+00
8.6025000000000009e+00	4.4952290472884622e+00
8.6074999999999999e+00	4.4990391201490940e+00
8.6125000000000007e+00	4.5030005636124626e+00
8.6174999999999997e+00	4.5071100550257377e+00
8.6225000000000005e+00	4.5113642717360882e+00
8.6274999999999995e+00	4.5157598910906822e+00
8.6325000000000003e+00	4.5202935904366903e+00
8.6375000000000011e+00	4.5249620471212832e+00
8.6425000000000001e+00	4.5297619384916299e+00
8.6475000000000009e+00	4.5346899418948956e+00
8.6524999999999999e+00	4.5397427346782511e+00
8.6575000000000006e+00	4.5449169941888696e+00
8.6624999999999996e+00	4.5502093977739149e+00
8.6675000000000004e+00	4.5556166227805575e+00
8.6724999999999994e+00	4.5611353465559699e+00
8.6775000000000002e+00	4.5667622464473165e+00
8.6825000000000010e+00	4.5724939998017708e+00
8.6875000000000000e+00	4.5783272839664990e+00
8.6925000000000008e+00	4.5842587762886708e+00
8.6974999999999998e+00	4.5902851541154641e+00
8.7025000000000006e+00	4.5964030947940273e+00
8.7074999999999996e+00	4.6026092756715524e+00
8.7125000000000004e+00	4.6089003740951879e+00
8.7174999999999994e+00	4.6152730674121223e+00
8.7225000000000001e+00	4.6217240329695128e+00
8.7275000000000009e+00	4.6282499481145321e+00
8.7324999999999999e+00	4.6348474901943506e+00
8.7375000000000007e+00	4.6415133365561312e+00
8.7424999999999997e+00	4.6482441645470551e+00
8.7475000000000005e+00	4.6550366515142807e+00
8.7524999999999995e+00	4.6618874748049786e+00
8.7575000000000003e+00	4.6687933117663212e+00
8.7625000000000011e+00	4.6757508397454783e+00
8.7675000000000001e+00	4.6827567360896172e+00
8.7725000000000009e+00	4.6898076781459048e+00
8.7774999999999999e+00	4.6969003432615128e+00
8.7825000000000006e+00	4.7040314087836119e+00
8.7874999999999996e+00	4.7111975520593710e+00
8.7925000000000004e+00	4.7183954504359562e+00
8.7974999999999994e+00	4.7256217812605374e+00
8.8025000000000002e+00	4.7328732218802880e+00
8.8075000000000010e+00	4.7401464496423715e+00
8.8125000000000000e+00	4.7474381418939622e+00
8.8175000000000008e+00	4.7547449759822218e+00
8.8224999999999998e+00	4.7620636292543308e+00
8.8275000000000006e+00	4.7693907790574483e+00
8.8324999999999996e+00	4.7767231027387478e+00
8.8375000000000004e+00	4.7840572776453971e+00
8.8424999999999994e+00	4.7913899811245688e+00
8.8475000000000001e+00	4.7987178905234247e+00
8.8525000000000009e+00	4.8060376831891434e+00
8.8574999999999999e+00	4.8133460364688876e+00
8.8625000000000007e+00	4.8206396277098271e+00
8.8674999999999997e+00	4.8279151342591362e+00
8.8725000000000005e+00	4.8351692334639766e+00
8.8774999999999995e+00	4.8423986026715227e+00
8.8825000000000003e+00	4.8495999192289405e+00
8.8875000000000011e+00	4.8567698604834026e+00
8.8925000000000001e+00	4.8639051037820753e+00
8.8975000000000009e+00	4.8710023264721283e+00
8.9024999999999999e+00	4.8780582059007322e+00
8.9075000000000006e+00	4.8850694194150552e+00
8.9124999999999996e+00	4.8920326443622670e+00
8.9175000000000004e+00	4.8989445580895357e+00
8.9224999999999994e+00	4.9058018379440318e+00
8.9275000000000002e+00	4.9126011612729235e+00
8.9325000000000010e+00	4.9193392054233804e+00
8.9375000000000000e+00	4.9260126477425707e+00
8.9425000000000008e+00	4.9326181655776651e+00
8.9474999999999998e+00	4.9391524362758323e+00
8.9525000000000006e+00	4.9456121371842414e+00
8.9574999999999996e+00	4.9519939456500603e+00
8.9625000000000004e+00	4.9582945390204625e+00
8.9674999999999994e+00	4.9645105946426122e+00
8.9725000000000001e+00	4.9706387898636804e+00
8.9775000000000009e+00	4.9766758020308375e+00
8.9824999999999999e+00	4.9826183084912499e+00
8.9875000000000007e+00	4.9884629865920900e+00
8.9924999999999997e+00	4.9942065136805240e+00
8.9975000000000005e+00	4.9998455671037236e+00
9.0024999999999995e+00	5.0053768242088559e+00
9.0075000000000003e+00	5.0107969623430924e+00
9.0125000000000011e+00	5.0161026588536011e+00
9.0175000000000001e+00	5.0212905910875509e+00
9.0225000000000009e+00	5.0263574363921109e+00
9.0274999999999999e+00	5.0312998721144480e+00
9.0325000000000006e+00	5.0361145756017383e+00
9.0374999999999996e+00	5.0407982242011453e+00
9.0425000000000004e+00	5.0453474952598389e+00
9.0474999999999994e+00	5.0497590661249880e+00
9.0525000000000002e+00	5.0540296141437642e+00
9.0575000000000010e+00	5.0581558166633362e+00
9.0625000000000000e+00	5.0621343510308696e+00
9.0675000000000008e+00	5.0659618945935367e+00
9.0724999999999998e+00	5.0696351246985074e+00
9.0775000000000006e+00	5.0731507186929505e+00
9.0824999999999996e+00	5.0765053539240323e+00
9.0875000000000004e+00	5.0796957077389244e+00
9.0924999999999994e+00	5.0827184574847948e+00
9.0975000000000001e+00	5.0855702805088150e+00
9.1025000000000009e+00	5.0882478541581522e+00
9.1074999999999999e+00	5.0907478557799761e+00
9.1125000000000007e+00	5.0930669627214558e+00
9.1174999999999997e+00	5.0952018523297609e+00
9.1225000000000005e+00	5.0971492019520603e+00
9.1274999999999995e+00	5.0989056889355222e+00
9.1325000000000003e+00	5.1004679906273171e+00
9.1375000000000011e+00	5.1018327843746132e+00
9.1425000000000001e+00	5.1029967475245819e+00
9.1475000000000009e+00	5.1039565574243886e+00
9.1524999999999999e+00	5.1047088914212058e+00
9.1575000000000006e+00	5.1052504268622023e+00
9.1624999999999996e+00	5.1055778410945463e+00
9.1675000000000004e+00	5.1056878114654047e+00
9.1724999999999994e+00	5.1055770153219520e+00
9.1775000000000002e+00	5.1052421300113533e+00
9.1825000000000010e+00	5.1046798328807803e+00
9.1875000000000000e+00	5.1038868012774001e+00
9.1925000000000008e+00	5.1028597125483826e+00
9.1974999999999998e+00	5.1015952440408983e+00
9.2025000000000006e+00	5.1000900731021126e+00
9.2074999999999996e+00	5.0983408770791998e+00
9.2125000000000004e+00	5.0963443333193261e+00
9.2174999999999994e+00	5.0940971191696596e+00
9.2225000000000001e+00	5.0915959119773726e+00
9.2275000000000009e+00	5.0888373890896323e+00
9.2324999999999999e+00	5.0858182278536077e+00
9.2375000000000007e+00	5.0825351056164703e+00
9.2424999999999997e+00	5.0789846997253862e+00
9.2475000000000005e+00	5.0751636875275263e+00
9.2524999999999995e+00	5.0710687463700594e+00
9.2575000000000003e+00	5.0666965536001554e+00
9.2625000000000011e+00	5.0620437865649812e+00
9.2675000000000001e+00	5.0571071226117104e+00
9.2725000000000009e+00	5.0518832390875064e+00
9.2774999999999999e+00	5.0463688133395435e+00
9.2825000000000006e+00	5.0405605227149870e+00
9.2874999999999996e+00	5.0344550445610103e+00
9.2925000000000004e+00	5.0280490562247779e+00
9.2974999999999994e+00	5.0213392350534622e+00
9.3025000000000002e+00	5.0143222583942322e+00
9.3075000000000010e+00	5.0069948035942566e+00
9.3125000000000000e+00	4.9993535480007019e+00
9.3175000000000008e+00	4.9913951689607412e+00
9.3224999999999998e+00	4.9831163438215418e+00
9.3275000000000006e+00	4.9745137499302734e+00
9.3324999999999996e+00	4.9655840646341058e+00
9.3375000000000004e+00	4.9563239652802071e+00
9.3424999999999994e+00	4.9467301292157471e+00
9.3475000000000001e+00	4.9367992337878919e+00
9.3525000000000009e+00	4.9265279563438167e+00
9.3574999999999999e+00	4.9159129742306868e+00
9.3625000000000007e+00	4.9049509647956722e+00
9.3674999999999997e+00	4.8936386053859415e+00
9.3725000000000005e+00	4.8819725733486656e+00
9.3774999999999995e+00	4.8699495460310107e+00
9.3825000000000003e+00	4.8575662007801474e+00
9.3875000000000011e+00	4.8448192149432465e+00
9.3925000000000001e+00	4.8317052658674760e+00
9.3975000000000009e+00	4.8182210309000038e+00
9.4024999999999999e+00	4.8043631873880015e+00
9.4075000000000006e+00	4.7901284126786363e+00
9.4124999999999996e+00	4.7755133841190780e+00
9.4175000000000004e+00	4.7605147790564972e+00
9.4224999999999994e+00	4.7451292748380611e+00
9.4275000000000002e+00	4.7293535488109395e+00
9.4325000000000010e+00	4.7131842783223021e+00
9.4375000000000000e+00	4.6966181407193162e+00
9.4425000000000008e+00	4.6796518133491540e+00
9.4474999999999998e+00	4.6622819735589820e+00
9.4525000000000006e+00	4.6445052986959716e+00
9.4574999999999996e+00	4.6263184661072909e+00
9.4625000000000004e+00	4.6077181531401088e+00
9.4674999999999994e+00	4.5887010371415942e+00
9.4725000000000001e+00	4.5692637954589177e+00
9.4775000000000009e+00	4.5494031054392474e+00
9.4824999999999999e+00	4.5291156444297522e+00
9.4875000000000007e+00	4.5083980897776037e+00
9.4924999999999997e+00	4.4872471188299681e+00
9.4975000000000005e+00	4.4656594089340143e+00
9.5024999999999995e+00	4.4436316374369147e+00
9.5075000000000003e+00	4.4210508728712234e+00
9.5125000000000011e+00	4.3978108394278479e+00
9.5175000000000001e+00	4.3739181979415047e+00
9.5225000000000009e+00	4.3493796092468884e+00
9.5274999999999999e+00	4.3242017341787200e+00
9.5325000000000006e+00	4.2983912335716932e+00
9.5374999999999996e+00	4.2719547682605246e+00
9.5425000000000004e+00	4.2448989990799175e+00
9.5474999999999994e+00	4.2172305868645816e+00
9.5525000000000002e+00	4.1889561924492176e+00
9.5575000000000010e+00	4.1600824766685367e+00
9.5625000000000000e+00	4.1306161003572459e+00
9.5675000000000008e+00	4.1005637243500574e+00
9.5724999999999998e+00	4.0699320094816605e+00
9.5775000000000006e+00	4.0387276165867823e+00
9.5824999999999996e+00	4.0069572065001182e+00
9.5875000000000004e+00	3.9746274400563832e+00
9.5924999999999994e+00	3.9417449780902722e+00
9.5975000000000001e+00	3.9083164814365019e+00
9.6025000000000009e+00	3.8743486109297769e+00
9.6074999999999999e+00	3.8398480274048032e+00
9.6125000000000007e+00	3.8048213916962883e+00
9.6174999999999997e+00	3.7692753646389385e+00
9.6225000000000005e+00	3.7332166070674635e+00
9.6274999999999995e+00	3.6966517798165683e+00
9.6325000000000003e+00	3.6595875437209595e+00
9.6375000000000011e+00	3.6220305596153444e+00
9.6425000000000001e+00	3.5839874883344263e+00
9.6475000000000009e+00	3.5454649907129192e+00
9.6524999999999999e+00	3.5064697275855248e+00
9.6575000000000006e+00	3.4670083597869512e+00
9.6624999999999996e+00	3.4270875481519081e+00
9.6675000000000004e+00	3.3867139535151014e+00
9.6724999999999994e+00	3.3458942367112341e+00
9.6775000000000002e+00	3.3046350585750179e+00
9.6825000000000010e+00	3.2629430799411581e+00
9.6875000000000000e+00	3.2208249616443569e+00
9.6925000000000008e+00	3.1782873645193326e+00
9.6974999999999998e+00	3.1353369494007719e+00
9.7025000000000006e+00	3.0919803771234102e+00
9.7074999999999996e+00	3.0482243085219287e+00
9.7125000000000004e+00	3.0040754044310547e+00
9.7174999999999994e+00	2.9595403256854786e+00
9.7225000000000001e+00	2.9146257331199155e+00
9.7275000000000009e+00	2.8693382875690689e+00
9.7324999999999999e+00	2.8236846498676487e+00
9.7375000000000007e+00	2.7776714808503642e+00
9.7424999999999997e+00	2.7313054413519136e+00
9.7475000000000005e+00	2.6845931922070130e+00
9.7524999999999995e+00	2.6375413942503663e+00
9.7575000000000003e+00	2.5901567083166777e+00
9.7625000000000011e+00	2.5424457952406572e+00
9.7675000000000001e+00	2.4944153158570082e+00
9.7725000000000009e+00	2.4460719310004433e+00
9.7774999999999999e+00	2.3974223015056668e+00
9.7825000000000006e+00	2.3484730882073830e+00
9.7874999999999996e+00	2.2992309519403005e+00
9.7925000000000004e+00	2.2497025535391280e+00
9.7974999999999994e+00	2.1998945538385737e+00
9.8025000000000002e+00	2.1498136136733375e+00
9.8075000000000010e+00	2.0994663938781346e+00
9.8125000000000000e+00	2.0488595552876627e+00
9.8175000000000008e+00	1.9979997587366416e+00
9.8224999999999998e+00	1.9468936650597630e+00
9.8275000000000006e+00	1.8955479350917470e+00
9.8324999999999996e+00	1.8439692296672940e+00
9.8375000000000004e+00	1.7921642096211141e+00
9.8424999999999994e+00	1.7401395357879075e+00
9.8475000000000001e+00	1.6879018690023921e+00
9.8525000000000009e+00	1.6354578700992632e+00
9.8574999999999999e+00	1.5828141999132366e+00
9.8625000000000007e+00	1.5299775192790162e+00
9.8674999999999997e+00	1.4769544890313053e+00
9.8725000000000005e+00	1.4237517700048168e+00
9.8774999999999995e+00	1.3703760230342545e+00
9.8825000000000003e+00	1.3168339089543262e+00
9.8875000000000011e+00	1.2631320885997361e+00
9.8925000000000001e+00	1.2092772228051962e+00
9.8975000000000009e+00	1.1552759724054102e+00
9.9024999999999999e+00	1.1011349982350858e+00
9.9075000000000006e+00	1.0468609611289292e+00
9.9124999999999996e+00	9.9246052192164791e-01
9.9175000000000004e+00	9.3794034144794902e-01
9.9224999999999994e+00	8.8330708054254026e-01
9.9275000000000002e+00	8.2856740004012563e-01
9.9325000000000010e+00	7.7372796077541628e-01
9.9375000000000000e+00	7.1879542358311332e-01
9.9425000000000008e+00	6.6377644929793234e-01
9.9474999999999998e+00	6.0867769875457112e-01
9.9525000000000006e+00	5.5350583278774346e-01
9.9574999999999996e+00	4.9826751223215171e-01
9.9625000000000004e+00	4.4296939792250600e-01
9.9674999999999994e+00	3.8761815069350930e-01
9.9725000000000001e+00	3.3222043137987489e-01
9.9775000000000009e+00	2.7678290081630258e-01
9.9824999999999999e+00	2.2131221983750676e-01
9.9875000000000007e+00	1.6581504927818619e-01
9.9924999999999997e+00	1.1029804997305431e-01
9.9975000000000005e+00	5.4767882756814379e-02
