1.2500000000000000e-01	9.9881678026690923e-01	3.1468269987833964e-03	4.8500905872300534e-02	1.5310291049414499e-04	1.6660184091707711e-03	2.9682186920056839e-06
3.7500000000000000e-01	9.9690236200700555e-01	1.2268007074815996e-02	7.7563590553790057e-02	9.6113169072097060e-04	4.2591497162369919e-03	4.3786271638987946e-05
6.2500000000000000e-01	9.9789328488810924e-01	2.0840346424031670e-02	6.1368974596390437e-02	1.2998212158210854e-03	2.6109298128987974e-03	1.2001438027242071e-04
8.7500000000000000e-01	9.9938161125333425e-01	2.2909736779505221e-02	2.6664298784575002e-02	5.2798391211501274e-04	5.0428058104811605e-04	1.4544344003439619e-04
1.1250000000000000e+00	9.9725181158765075e-01	2.6559113971904184e-02	6.9054838609254529e-02	1.7131215447906583e-03	3.4517536939861508e-03	1.3276232486256594e-04
1.3750000000000000e+00	9.9498606501592024e-01	4.0656009243028736e-02	9.1113699849638879e-02	3.7639027927579075e-03	5.8246601237131679e-03	1.3930716538992262e-04
1.6250000000000000e+00	9.9647754865332971e-01	5.2353108447615163e-02	6.5352937910194503e-02	3.5987080020461345e-03	2.7369208730078187e-03	4.4624777989894500e-04
1.8750000000000000e+00	9.9690693595100599e-01	5.4345945513954955e-02	5.6655946650913586e-02	2.5953767449313609e-03	2.4648217852433446e-03	6.0962380172726769e-04
2.1250000000000000e+00	9.9216389722527176e-01	6.0724539545534535e-02	1.0868153474260137e-01	6.1558199927042563e-03	8.5692912129455116e-03	5.7312656684215240e-04
2.3750000000000000e+00	9.8900330638262046e-01	8.1702165988887437e-02	1.2243160875728949e-01	1.0286544580003191e-02	1.0059472334036668e-02	8.4334514628086796e-04
2.6250000000000000e+00	9.9161334953795632e-01	9.7681165773048070e-02	8.4067065406700406e-02	8.7322628795497674e-03	3.9384065755373888e-03	1.5231296358916545e-03
2.8750000000000000e+00	9.9236672514518431e-01	1.0005246307833081e-01	7.1710979217264006e-02	5.8290460657091118e-03	4.3756607139508715e-03	1.4828120459413061e-03
3.1250000000000000e+00	9.8792836850312482e-01	1.0705214769929554e-01	1.1109279183468077e-01	1.0583145695040166e-02	9.0999471243285012e-03	9.7773801740683739e-04
3.3750000000000000e+00	9.8554955304870706e-01	1.2712233646808191e-01	1.1072546912578922e-01	1.4552884897793729e-02	7.6668450721848139e-03	1.1373526516422988e-03
3.6250000000000000e+00	9.8765940128686736e-01	1.4162386238520600e-01	6.5932051629268199e-02	1.0844365357010980e-02	1.9212649201648471e-03	1.8060182248599091e-03
3.8750000000000000e+00	9.8722529527643177e-01	1.4357388820253811e-01	6.8519367732161815e-02	7.4238311002443082e-03	4.4579715475911328e-03	1.6924715142724869e-03
4.1250000000000000e+00	9.8212187036738863e-01	1.5046698649205156e-01	1.1179596119199617e-01	1.4671539103083837e-02	9.0294220481752924e-03	1.0937371907448516e-03
4.3750000000000000e+00	9.7955829748300793e-01	1.6972312636643044e-01	1.0610604955771537e-01	1.8939872650746883e-02	6.3102188204806550e-03	1.6033771424313332e-03
4.6250000000000000e+00	9.8138353061996031e-01	1.8310704724658297e-01	5.6374571548319881e-02	1.3154338220274137e-02	1.5115512873129877e-03	2.1820536137778027e-03
4.8750000000000000e+00	9.8067004950481607e-01	1.8474810386294124e-01	6.3790059136239058e-02	8.0852603204068837e-03	4.1196175250612400e-03	1.6964066912491013e-03
5.1250000000000000e+00	9.7630910940578874e-01	1.9117868264502555e-01	9.9829343264973988e-02	1.5985029914448386e-02	7.0127062388815418e-03	7.9823963358941537e-04
5.3750000000000000e+00	9.7445916195958593e-01	2.0679280817791218e-01	8.5378513264439362e-02	1.9017685352869237e-02	3.6254682012287257e-03	1.3301337558821067e-03
5.6250000000000000e+00	9.7564424171119224e-01	2.1665792427819899e-01	3.2237210462949445e-02	1.1591221459281931e-02	1.2239481303466956e-03	1.6016431804067540e-03
5.8750000000000000e+00	9.7442397477863385e-01	2.1770793152477150e-01	5.5206681195314238e-02	6.5935733334735701e-03	2.9255728922741521e-03	1.1670874687356361e-03
6.1250000000000000e+00	9.7046734088256947e-01	2.2328668090808149e-01	8.9634408138614174e-02	1.6502886876886759e-02	5.4172849436614611e-03	4.2312595574216916e-04
6.3750000000000000e+00	9.6854970225343628e-01	2.3669853551915121e-01	7.4056845279810463e-02	1.9832909945954994e-02	2.3503136141062885e-03	1.4117096236979211e-03
6.6250000000000000e+00	9.6883220958813654e-01	2.4566163693779558e-01	2.9088080594326240e-02	1.2682331612754455e-02	1.9382847552299359e-03	1.9480467194526374e-03
6.8750000000000000e+00	9.6590466898249550e-01	2.4653525097965151e-01	7.7891976838202953e-02	1.2204665605563233e-02	5.3439211859267520e-03	1.9669901544368353e-03
7.1250000000000000e+00	9.5924141956044995e-01	2.5435714991334002e-01	1.1988297668297694e-01	2.6509546126094029e-02	9.0117844269255072e-03	1.5629762874591728e-03
7.3750000000000000e+00	9.5576482123549644e-01	2.7418183523678352e-01	1.0146791211052382e-01	3.1908605843195818e-02	3.2008670741647295e-03	3.7129300985188130e-03
7.6250000000000000e+00	9.5597834222284150e-01	2.8713280057477908e-01	5.5769850129731957e-02	2.2587964838842893e-02	4.4776778038278378e-03	4.4296836662658604e-03
7.8750000000000000e+00	9.5199898333229183e-01	2.8851455522139541e-01	9.9878735042870578e-02	1.9885531178313112e-02	8.5723356860942530e-03	3.5505149712047072e-03
8.1250000000000000e+00	9.4414489156447456e-01	2.9879325962552566e-01	1.3409057101602501e-01	3.4931154237055541e-02	1.0244745586815415e-02	2.7550229009774278e-03
8.3750000000000000e+00	9.4048909222836341e-01	3.2125029374492969e-01	1.0341519446715300e-01	3.9415534831576789e-02	1.5826059776607331e-03	5.2654243747834685e-03
8.6250000000000000e+00	9.4008421998026204e-01	3.3454715804160001e-01	5.8925378581408366e-02	2.7880106880668359e-02	6.2186075183313328e-03	5.6290949790845698e-03
8.8750000000000000e+00	9.3448684358752021e-01	3.3589915794211062e-01	1.1431938416097877e-01	2.6614434690480668e-02	1.0431439880710059e-02	4.4755098916480747e-03
9.1250000000000000e+00	9.2515108552895065e-01	3.4757803985020896e-01	1.4550215921034698e-01	4.4594818218857135e-02	1.0311602385950025e-02	4.3669059845707330e-03
9.3750000000000000e+00	9.2114353022933082e-01	3.7163623223460107e-01	1.0496641773579755e-01	4.8069617974062957e-02	6.8991538516677275e-04	7.2107280781897572e-03
9.6250000000000000e+00	9.2073758767510627e-01	3.8469816642945764e-01	5.5974901275300637e-02	3.2066661851613242e-02	7.1052307538529572e-03	6.1376468526777792e-03
9.8750000000000000e+00	9.1549754923549886e-01	3.8639001115265037e-01	1.0853908162028356e-01	2.6430330815365766e-02	8.6199585393667271e-03	3.6603707524746178e-03
1.0125000000000000e+01	9.0806716068129578e-01	3.9765127156834629e-01	1.2430285709423616e-01	4.2242137178693309e-02	6.3877921728493709e-03	3.3310040873698850e-03
1.0375000000000000e+01	9.0526480278728161e-01	4.1648582732719147e-01	7.2147447761509442e-02	4.2357979432987886e-02	3.0696587417139423e-03	5.1300121981616379e-03
1.0625000000000000e+01	9.0389680841440201e-01	4.2503975981818382e-01	4.0355319761605550e-02	2.5335286993839762e-02	5.1153132798677772e-03	3.8945194678780175e-03
1.0875000000000000e+01	8.9788277759312174e-01	4.2607278699617068e-01	1.0725031141151727e-01	2.6606448916814195e-02	7.1442919994643174e-03	2.6314545356685526e-03
1.1125000000000000e+01	8.9017340558576008e-01	4.3658961044517836e-01	1.2145401133822073e-01	4.6771008859113165e-02	5.1076900298636070e-03	4.0158936605952404e-03
1.1375000000000000e+01	8.8662745236998119e-01	4.5469439419535068e-01	6.8911561958153414e-02	4.8332181889039337e-02	4.5016156359359658e-03	6.3008626582945057e-03
1.1625000000000000e+01	8.8406788867094066e-01	4.6327510191144333e-01	5.1996544161029411e-02	3.2076742388089698e-02	6.4708830366224301e-03	5.0712755449019960e-03
1.1875000000000000e+01	8.7627742625399274e-01	4.6443666986321364e-01	1.2282545558759372e-01	3.5549922731693231e-02	8.4333088419210195e-03	3.9295902452344371e-03
1.2125000000000000e+01	8.6694988588662003e-01	4.7654363219671508e-01	1.3392120915093986e-01	5.7495129743219998e-02	4.9389878778429725e-03	6.2520531062119650e-03
1.2375000000000000e+01	8.6305503562401631e-01	4.9669045624920433e-01	7.1327383688972679e-02	5.6995446248353933e-02	6.0039501596774432e-03	7.9039344951630439e-03
1.2625000000000000e+01	8.6070440164781725e-01	5.0543442312670472e-01	5.0280912205303334e-02	3.3750144208090686e-02	5.9003510445118793e-03	4.6819220345238697e-03
1.2875000000000000e+01	8.5410388036540763e-01	5.0732419430961595e-01	1.1037177261762672e-01	3.0124808559879312e-02	5.7812602466425517e-03	2.4224287996386959e-03
1.3125000000000000e+01	8.4794008512581498e-01	5.1822854989362599e-01	1.0100961374926903e-01	4.6940255182523781e-02	4.0596661109255821e-03	3.7378599048494060e-03
1.3375000000000000e+01	8.4596031810652272e-01	5.3093137174855487e-01	2.8622284010696438e-02	4.0116962446145890e-02	4.6636634088786334e-03	3.5585261029191587e-03
1.3625000000000000e+01	8.4339965671100392e-01	5.3399766580369057e-01	5.6927918712826632e-02	1.6541348690817803e-02	2.5034519833822973e-03	1.6853956966943692e-03
1.3875000000000000e+01	8.3773638131119843e-01	5.3514794140379618e-01	1.0426867923309298e-01	3.0329227695280091e-02	4.5286913899147598e-03	1.4517822112286491e-03
1.4125000000000000e+01	8.3296347798210202e-01	5.4412149724972292e-01	8.8226136722893561e-02	4.7815642285945203e-02	4.3429964146299745e-03	3.8199623768576936e-03
1.4375000000000000e+01	8.3091552428381066e-01	5.5447596297474855e-01	1.8939682592807410e-02	4.1703306659142327e-02	4.9265419479567292e-03	3.6945647645858747e-03
1.4625000000000000e+01	8.2746050048242736e-01	5.5726092158542528e-01	6.5266364958163917e-02	2.2217871197365787e-02	3.2919461327651869e-03	2.2839243420380950e-03
1.4875000000000000e+01	8.2017055239325354e-01	5.5847268111441850e-01	1.1800592817109731e-01	3.8299459172963617e-02	5.3676901200206042e-03	2.7330719224980728e-03
1.5125000000000000e+01	8.1305396485934034e-01	5.6898771289034678e-01	1.0703709317888888e-01	6.0620508727751966e-02	5.1451221551330802e-03	6.1623964277883522e-03
1.5375000000000000e+01	8.0930441921286445e-01	5.8343244613560385e-01	3.4754381957005344e-02	5.7771651944858546e-02	6.8097215648755191e-03	6.4136337060116044e-03
1.5625000000000000e+01	8.0450003167006101e-01	5.8878949559323790e-01	6.9013939087390452e-02	3.6123971492259120e-02	4.7755365626149602e-03	3.9947550291747295e-03
1.5875000000000000e+01	7.9515671802355736e-01	5.9054177995360546e-01	1.2973959981877525e-01	4.5836949185066332e-02	5.8032263123511769e-03	4.3741060657232671e-03
1.6125000000000000e+01	7.8654187576111967e-01	6.0277502698578111e-01	1.1480424967723758e-01	6.8823711580942054e-02	6.0773888539781039e-03	7.7775858376250796e-03
1.6375000000000000e+01	7.8250789142667543e-01	6.1858227956846157e-01	3.1807119513855925e-02	6.2699409522770158e-02	7.1132214606378502e-03	6.6224265225763882e-03
1.6625000000000000e+01	7.7771056757526102e-01	6.2378426496477368e-01	7.0312631494422295e-02	3.3081228236621067e-02	3.4627976177132331e-03	3.0395867272010745e-03
1.6875000000000000e+01	7.6956635447550037e-01	6.2624112333087367e-01	1.1802368185346440e-01	4.0358116537322138e-02	4.6143758443721932e-03	3.1657535371712384e-03
1.7125000000000000e+01	7.6358733151290714e-01	6.3713943118560101e-01	8.6296901098425624e-02	5.8972023801353982e-02	6.0182674807203974e-03	5.1631490006027320e-03
1.7375000000000000e+01	7.6074692900369278e-01	6.4723418988912285e-01	8.7250567589700796e-03	4.7352350579868821e-02	4.8308325327132322e-03	3.2101068799415080e-03
1.7625000000000000e+01	7.5582092048032234e-01	6.4884493582387448e-01	8.4590376635441888e-02	2.3870006606603433e-02	2.3794929331520569e-03	2.0035964291943036e-03
1.7875000000000000e+01	7.4817331717998903e-01	6.5088490756334350e-01	1.1976727628657115e-01	4.6912245213862204e-02	5.0464831451093508e-03	3.8856600355142985e-03
1.8125000000000000e+01	7.4228381561070345e-01	6.6108437684150678e-01	8.6477879917549391e-02	6.6465412098102389e-02	6.8270037424197983e-03	6.2849883049972818e-03
1.8375000000000000e+01	7.3888941160809418e-01	6.7148954734554311e-01	5.6265235984981031e-03	5.5382812216286111e-02	5.4537147382278653e-03	3.9457011916513426e-03
1.8625000000000000e+01	7.3338700899960330e-01	6.7387297435840776e-01	8.5298378172182596e-02	2.7434946865572952e-02	2.2787488627261866e-03	2.2421273992781583e-03
1.8875000000000000e+01	7.2547174838486206e-01	6.7646179397651274e-01	1.1774147578504082e-01	4.6754472645753123e-02	5.1165542395430275e-03	3.8689308327091243e-03
1.9125000000000000e+01	7.2005463915018642e-01	6.8660670590080697e-01	7.6301124953923577e-02	6.4770117693567830e-02	6.7436872005737156e-03	5.4809595886486599e-03
1.9375000000000000e+01	7.1676299173691027e-01	6.9520951740355497e-01	1.8575711209138552e-02	5.0607099551941960e-02	4.5663423984671856e-03	2.7483691512829840e-03
1.9625000000000000e+01	7.1085664468358234e-01	6.9641562843987792e-01	9.4453451992031159e-02	2.7488884306951095e-02	2.3043276851260402e-03	2.3874451123907206e-03
1.9875000000000000e+01	7.0265185645639971e-01	6.9890295459493057e-01	1.2204490252003457e-01	5.3488003525271194e-02	5.8927428199246944e-03	4.9375608019846268e-03
2.0125000000000000e+01	6.9641493620583850e-01	7.0908226154875276e-01	8.1371675389506376e-02	7.4043648722926944e-02	7.5830776828937759e-03	6.8752052542287220e-03
2.0375000000000000e+01	6.9194181896745033e-01	7.1907165304447329e-01	1.0783572596888263e-02	6.3170416246680017e-02	5.5118961503823061e-03	3.9126750451435816e-03
2.0625000000000000e+01	6.8458398860401271e-01	7.2155508147713221e-01	9.6219695281839088e-02	3.7746783745831312e-02	2.9035201030954360e-03	3.3980978921946984e-03
2.0875000000000000e+01	6.7422524025308350e-01	7.2422149724828633e-01	1.3169524089606904e-01	5.9110618175802356e-02	6.6654816152728691e-03	6.4356839704887096e-03
2.1125000000000000e+01	6.6599408439734398e-01	7.3551823735772370e-01	9.0944473194465997e-02	8.3948968155175607e-02	8.5557222552181140e-03	8.5600946076666833e-03
2.1375000000000000e+01	6.6028588704630886e-01	7.4728934477642295e-01	6.2803386223408107e-03	7.4054812555136462e-02	5.9703952615898087e-03	4.6881782958907861e-03
2.1625000000000000e+01	6.5182052814083369e-01	7.5058572234630894e-01	9.9151177293184886e-02	4.3498115265301750e-02	3.3693588115473842e-03	4.0838627577098477e-03
2.1875000000000000e+01	6.4058518040538215e-01	7.5374538875402519e-01	1.3304959590730600e-01	6.0955884665978399e-02	7.1800501440056142e-03	7.0105356768285021e-03
2.2125000000000000e+01	6.3206149658619659e-01	7.6522493616702913e-01	8.5866956985584927e-02	8.6110494979819485e-02	8.5379924531883110e-03	8.2469775449691765e-03
2.2375000000000000e+01	6.2583394775914325e-01	7.7612435843857641e-01	1.5553315078086497e-02	7.5326552131545294e-02	5.6512881512783318e-03	3.8623757985216112e-03
2.2625000000000000e+01	6.1641112486537675e-01	7.7877266303027215e-01	1.0661336620463940e-01	4.6314244470735060e-02	3.9718451502226155e-03	4.8238792139798127e-03
2.2875000000000000e+01	6.0409119518920562e-01	7.8180515386598493e-01	1.3836995701734167e-01	6.7565690203514675e-02	8.4172381198245258e-03	8.5036397057915228e-03
2.3125000000000000e+01	5.9432574057481502e-01	7.9332952822416647e-01	8.9111359766603712e-02	9.6376309252600614e-02	9.1262178933000440e-03	9.6259264585913020e-03
2.3375000000000000e+01	5.8692698618679784e-01	8.0475921795951011e-01	1.4777020075219433e-02	8.7207727797762036e-02	5.9970112940767543e-03	4.4499146594290714e-03
2.3625000000000000e+01	5.7628797186970349e-01	8.0781433432844385e-01	1.1135209066351692e-01	5.3525885881811619e-02	5.3180984477398342e-03	5.9652331168553938e-03
2.3875000000000000e+01	5.6302442686054743e-01	8.1143893148343416e-01	1.4016722949657218e-01	6.8980113753510319e-02	9.1161335019061349e-03	9.0632788309895976e-03
2.4125000000000000e+01	5.5312241131235584e-01	8.2322398076770775e-01	8.2860092436522814e-02	9.6679888492428825e-02	8.4596310471798438e-03	8.5740584341324790e-03
2.4375000000000000e+01	5.4564000265393608e-01	8.3344305376704331e-01	2.6261918955494637e-02	8.3155254794134784e-02	6.0661576867301588e-03	2.8949222971155187e-03
2.4625000000000000e+01	5.3503923301452749e-01	8.3578930686582409e-01	1.1441326543789114e-01	4.5211214931249959e-02	4.9802244826060551e-03	5.4773866364139639e-03
2.4875000000000000e+01	5.2304981392350136e-01	8.3999509382240711e-01	1.2888715932478684e-01	6.3954688957950770e-02	8.4211750491529607e-03	7.3563741854978416e-03
2.5125000000000000e+01	5.1484478557665259e-01	8.5038143529937593e-01	6.3429622667990931e-02	8.7684523633138139e-02	6.6753286547006456e-03	5.4597191770444928e-03
2.5375000000000000e+01	5.0806408935542824e-01	8.5729878588966457e-01	4.8534051885464169e-02	6.7197077216016546e-02	5.9911875719035551e-03	1.6664669933958596e-03
2.5625000000000000e+01	4.9843091483607638e-01	8.5842094656131440e-01	1.1689889940782520e-01	3.1348079137598066e-02	3.6207262225220623e-03	4.3516931997162472e-03
2.5875000000000000e+01	4.8898544096288254e-01	8.6287592191151974e-01	1.1097102667702655e-01	6.2742666368047942e-02	7.5060601068273319e-03	5.5524795036986626e-03
2.6125000000000000e+01	4.8299108340364733e-01	8.7086404422283448e-01	4.2634650365385648e-02	8.0362875860836624e-02	5.5921817255677785e-03	2.8726481819059914e-03
2.6375000000000000e+01	4.7677052219189547e-01	8.7438928549811878e-01	7.0269927198058191e-02	5.6158687237495085e-02	5.9656578571747445e-03	2.4488120877772953e-03
2.6625000000000000e+01	4.6758242229875624e-01	8.7454189693640294e-01	1.2375000469725191e-01	3.4419352904360302e-02	4.5327522295171008e-03	4.8833902587726774e-03
2.6875000000000000e+01	4.5844427033609281e-01	8.7865879088660548e-01	1.1283829663495759e-01	7.0338353376906596e-02	8.1702714600295281e-03	6.3923168510515481e-03
2.7125000000000000e+01	4.5165474398846178e-01	8.8639356206957831e-01	4.5671444818407507e-02	9.0469837627198180e-02	5.5298306989679741e-03	3.6323456170795081e-03
2.7375000000000000e+01	4.4435828817607709e-01	8.9093860989863416e-01	6.2074677195464771e-02	6.9693804396434661e-02	7.5817337017082490e-03	2.4759876888574422e-03
2.7625000000000000e+01	4.3388340011964499e-01	8.9178144289632544e-01	1.2309599581700428e-01	3.5638824293602656e-02	4.8387968377675387e-03	4.9889145442282273e-03
2.7875000000000000e+01	4.2361584579550726e-01	8.9624877534501790e-01	1.1338751733227891e-01	6.5854935851489049e-02	7.7840152548433201e-03	5.7926960266228497e-03
2.8125000000000000e+01	4.1649811691003896e-01	9.0390141475835240e-01	4.3447265545380448e-02	8.6996736545749895e-02	5.3473372247426782e-03	2.6191486930977731e-03
2.8375000000000000e+01	4.0895044888192633e-01	9.0744520178430288e-01	7.1279149836807693e-02	6.4466621173671287e-02	7.6306673757509805e-03	2.8011758822213818e-03
2.8625000000000000e+01	3.9842140318736768e-01	9.0782799341637765e-01	1.2596446538170111e-01	3.4541903763302531e-02	4.9225351773037841e-03	4.9293858393898611e-03
2.8875000000000000e+01	3.8826991153799595e-01	9.1202174921506574e-01	1.1216217931909876e-01	6.9198076769296596e-02	7.7732553757366403e-03	5.8011167602932462e-03
2.9125000000000000e+01	3.8073810770732164e-01	9.1908167554809805e-01	4.1584023209096307e-02	9.2549607674947257e-02	5.1381169195470200e-03	2.5111548422570070e-03
2.9375000000000000e+01	3.7243692124591971e-01	9.2245225481453830e-01	7.0012772877583326e-02	7.3334340982492738e-02	9.0974526711441010e-03	3.1780028320892778e-03
2.9625000000000000e+01	3.6079858599002307e-01	9.2268156434463922e-01	1.2980302357926687e-01	3.9615983708325475e-02	5.9080779348360639e-03	5.4730874067830141e-03
2.9875000000000000e+01	3.4927476711280286e-01	9.2681487149208408e-01	1.1870824421335863e-01	6.9475338770173561e-02	8.1333536184602963e-03	6.0588494692795439e-03
3.0125000000000000e+01	3.4078533233783997e-01	9.3412052340648133e-01	4.3458916179550708e-02	9.6790006194866676e-02	4.6187741496481749e-03	2.4267766387485513e-03
3.0375000000000000e+01	3.3188977875366893e-01	9.3741872892689260e-01	6.9336454854184160e-02	7.8565466237912260e-02	1.0139856712541624e-02	3.5225367091103292e-03
3.0625000000000000e+01	3.1972777574020189e-01	9.3750978710309496e-01	1.3133034720613371e-01	3.9230430396965416e-02	5.8936783423753497e-03	5.3034229823471822e-03
3.0875000000000000e+01	3.0820844647296641e-01	9.4196447819853812e-01	1.1565360364820544e-01	6.5234082473620628e-02	7.3181011608523293e-03	5.0674626095006739e-03
3.1125000000000000e+01	3.0018788282268205e-01	9.4881615141242071e-01	3.8881278400077150e-02	8.9984144717307077e-02	4.9713907071706961e-03	1.2373315155271326e-03
3.1375000000000000e+01	2.9169588083160625e-01	9.5092374736154328e-01	7.8079007220654167e-02	6.6863411948672596e-02	8.8651942272291624e-03	3.4497702968884734e-03
3.1625000000000000e+01	2.8064090616063858e-01	9.5112140075539975e-01	1.2619857914750943e-01	2.5605457227747538e-02	3.6613162865977637e-03	3.6927982336528793e-03
3.1875000000000000e+01	2.7137804045144792e-01	9.5578389132721386e-01	9.5798008655623781e-02	6.0134236724569579e-02	5.3078292076678439e-03	3.0910031427608814e-03
3.2125000000000000e+01	2.6510175666638869e-01	9.6043969192804757e-01	3.8475121086610005e-02	7.5860379647480089e-02	6.3383128816347015e-03	1.1620793830942515e-03
3.2375000000000000e+01	2.5745576840816620e-01	9.6028342310191150e-01	9.7444382236967331e-02	4.5095280137081209e-02	5.8419046937513352e-03	3.0256996570572222e-03
3.2625000000000000e+01	2.4839325895439854e-01	9.6073804731273471e-01	1.2089402268505399e-01	2.5363523792100742e-02	4.0363070158880897e-03	2.8685392255708925e-03
3.2875000000000000e+01	2.4192748848239620e-01	9.6504881075627169e-01	7.4859011767998807e-02	6.7278625370327180e-02	4.1015183285130780e-03	2.1853254492455077e-03
3.3125000000000000e+01	2.3698601627217084e-01	9.6754483487124876e-01	4.6830151264911753e-02	7.3747108578944426e-02	7.6996657668507778e-03	1.9070032141421758e-03
3.3375000000000000e+01	2.2975262013322498e-01	9.6629831399163413e-01	1.0823487018642364e-01	4.1569771050623663e-02	5.3139088161189381e-03	3.1986407238084593e-03
3.3625000000000000e+01	2.2129317873467311e-01	9.6680877188493619e-01	1.2420929942575878e-01	2.9191962356032049e-02	4.5326629329918893e-03	3.0760182969448461e-03
3.3875000000000000e+01	2.1455904583782504e-01	9.7082903974033274e-01	8.2420870136338184e-02	6.8121507723073543e-02	3.9567013055068793e-03	2.4487368833626027e-03
3.4125000000000000e+01	2.0866377561344940e-01	9.7393453529612317e-01	3.4755732030342927e-02	8.1520676617801588e-02	7.3930432661814139e-03	1.6465085349766974e-03
3.4375000000000000e+01	2.0048268944915129e-01	9.7334105252032044e-01	9.5880772958520655e-02	5.6136223850372327e-02	7.6707508121479431e-03	3.2631335495680474e-03
3.4625000000000000e+01	1.9045199107237731e-01	9.7345457861069962e-01	1.2527620282073323e-01	2.0099903384883096e-02	3.0712835715163704e-03	2.5800361257330407e-03
3.4875000000000000e+01	1.8268221774137866e-01	9.7772231204454996e-01	8.5244922104926096e-02	5.8314740208929280e-02	3.8696007298262046e-03	2.0020917188492359e-03
3.5125000000000000e+01	1.7678468038059414e-01	9.8059258260479643e-01	4.2854228921006696e-02	7.2766669946690163e-02	7.0887979655372656e-03	1.9077408271973666e-03
3.5375000000000000e+01	1.6889253695507556e-01	9.7920698117743410e-01	1.0294190537817489e-01	4.4647122249335466e-02	5.5953451664134722e-03	2.6999405004635817e-03
3.5625000000000000e+01	1.5994465925026871e-01	9.7931409771028155e-01	1.2222909147209385e-01	2.0130483582809958e-02	3.4325196356686186e-03	2.1528215926803211e-03
3.5875000000000000e+01	1.5318318044944060e-01	9.8308563971994301e-01	7.9516826655383815e-02	6.1160359261688835e-02	3.3051294308375956e-03	1.7604138508004025e-03
3.6125000000000000e+01	1.4738745204219242e-01	9.8537957298312084e-01	3.9135754403640026e-02	7.5584065780503099e-02	7.4144898204292807e-03	2.1220735567892409e-03
3.6375000000000000e+01	1.3924981640884010e-01	9.8377666872990921e-01	1.0038690032067962e-01	5.1588183904901254e-02	6.7638526265550326e-03	2.8869561568763266e-03
3.6625000000000000e+01	1.2956150790602058e-01	9.8332381588178419e-01	1.2633055602549070e-01	1.7781695284111845e-02	2.8720196510573712e-03	2.0596647934201431e-03
3.6875000000000000e+01	1.2188930277102658e-01	9.8705225565424382e-01	8.7484376390143601e-02	5.6595840117534157e-02	3.3969810889253613e-03	1.6424878630414835e-03
3.7125000000000000e+01	1.1567966858076641e-01	9.8973577248067324e-01	3.3884367538653357e-02	7.6415523200617827e-02	6.9954970248400179e-03	2.2125598307336197e-03
3.7375000000000000e+01	1.0731350367303838e-01	9.8782702000977118e-01	9.7295548760253980e-02	5.6120792707186930e-02	7.5146540176899293e-03	3.0254355726063108e-03
3.7625000000000000e+01	9.7102754056610938e-02	9.8655213727152791e-01	1.3008492246500822e-01	1.8783430113160960e-02	2.6471148986458876e-03	2.0060116627750274e-03
3.7875000000000000e+01	8.8859702523963788e-02	9.9007390319021193e-01	9.4376353101126603e-02	5.4184789292289891e-02	3.5605155176163619e-03	1.4334584055254443e-03
3.8125000000000000e+01	8.2716514535900870e-02	9.9312811951510838e-01	2.8663946375524791e-02	7.7355339968814121e-02	6.5861236858737009e-03	2.3809625615772607e-03
3.8375000000000000e+01	7.4987945292966901e-02	9.9117895649345567e-01	9.2388046483506667e-02	5.7770353656727495e-02	7.6742355176561755e-03	3.0373475040045778e-03
3.8625000000000000e+01	6.5697186036764540e-02	9.9000160355059319e-01	1.2423053930987597e-01	1.1950782513548591e-02	1.6413045772657787e-03	1.4009759098627126e-03
3.8875000000000000e+01	5.8908260961024313e-02	9.9365668522371164e-01	8.5019533263183247e-02	4.4011173772548047e-02	3.1406822506123799e-03	1.0199816985453532e-03
3.9125000000000000e+01	5.4462020080299066e-02	9.9561949253686755e-01	4.8815763390016115e-02	5.7951102829269172e-02	5.5489556681210771e-03	1.9011748831686468e-03
3.9375000000000000e+01	4.9077920086507652e-02	9.9381313934962068e-01	9.3670788055894308e-02	3.3735143537585673e-02	3.5854867370486085e-03	1.2921518476569401e-03
3.9625000000000000e+01	4.3752221814333241e-02	9.9385156391798324e-01	1.0103726616777170e-01	1.1397081876398787e-02	2.4970966885656093e-03	3.9225282706315386e-04
3.9875000000000000e+01	4.0783458708937549e-02	9.9571674710604463e-01	7.4891965148676493e-02	3.5559274290972498e-02	3.3027503630884830e-03	8.3212764666401237e-04
