1	9.9286084572552491e-01	1.0000000000000000e+00
51	5.8807262171136010e-01	1.2500000000000000e-01
101	7.5143335218221297e-01	1.2500000000000000e-01
151	2.4547657052609373e-01	3.1250000000000000e-02
201	1.6358095868834011e-01	6.2500000000000000e-02
251	1.1295456397755954e-01	3.1250000000000000e-02
301	7.8996442143923651e-02	3.1250000000000000e-02
351	5.7385159471452729e-02	3.1250000000000000e-02
401	5.9216988622144973e-02	3.1250000000000000e-02
451	2.9636894885830212e-02	3.1250000000000000e-02
501	1.9012558890544429e-02	3.1250000000000000e-02
551	1.3252045875028484e-02	3.1250000000000000e-02
601	9.4647950639730194e-03	1.5625000000000000e-02
651	7.4362099872067322e-03	6.2500000000000000e-02
701	6.1251702103846117e-03	3.1250000000000000e-02
751	5.3205389106276701e-03	3.1250000000000000e-02
801	4.6781779045677041e-03	1.2500000000000000e-01
851	4.7001857841920680e-03	6.2500000000000000e-02
901	4.1142613560852803e-03	3.1250000000000000e-02
951	3.9512934158363322e-03	3.1250000000000000e-02
1001	3.8319049352101286e-03	1.2500000000000000e-01
1051	3.7565605960108162e-03	1.5625000000000000e-02
1101	3.6945944936710440e-03	6.2500000000000000e-02
1151	3.6479035329730625e-03	1.5625000000000000e-02
1201	3.6080171262242722e-03	6.2500000000000000e-02
1251	3.5734053582693326e-03	3.1250000000000000e-02
1301	3.5449601297123934e-03	3.1250000000000000e-02
1351	3.5553204305102115e-03	6.2500000000000000e-02
1401	3.4960968417311333e-03	3.1250000000000000e-02
1451	3.4738845489544756e-03	1.2500000000000000e-01
1501	3.4562389355736745e-03	1.5625000000000000e-02
1551	3.4390830371487935e-03	6.2500000000000000e-02
1601	3.4239100629919195e-03	3.1250000000000000e-02
1651	3.4097400816425205e-03	3.1250000000000000e-02
1701	3.4160137720883332e-03	6.2500000000000000e-02
1751	3.3845661191914678e-03	3.1250000000000000e-02
1801	3.3732289501978707e-03	6.2500000000000000e-02
1851	3.3633150073510976e-03	3.1250000000000000e-02
1901	3.3539071970906109e-03	3.1250000000000000e-02
1951	3.3445770134090669e-03	1.2500000000000000e-01
2001	3.3368979268970644e-03	1.5625000000000000e-02
2051	3.3295970036344436e-03	6.2500000000000000e-02
2101	3.3315608174780964e-03	6.2500000000000000e-02
2151	3.3159217935724294e-03	1.5625000000000000e-02
2201	3.3099990592116990e-03	6.2500000000000000e-02
2251	3.3100213542811563e-03	6.2500000000000000e-02
2301	3.2990234903707005e-03	3.1250000000000000e-02
2351	3.2939969934013824e-03	3.1250000000000000e-02
2401	3.2892881322406087e-03	6.2500000000000000e-02
2451	3.2846104022572487e-03	1.2500000000000000e-01
2501	3.2806707622180520e-03	3.1250000000000000e-02
2551	3.2767240612096016e-03	1.5625000000000000e-02
2601	3.2730764634705256e-03	1.5625000000000000e-02
2651	3.2695258003057059e-03	3.1250000000000000e-02
2701	3.2661586162440193e-03	6.2500000000000000e-02
2751	3.2626874243870674e-03	1.2500000000000000e-01
2801	3.2594694851366679e-03	1.2500000000000000e-01
2851	3.2594617644882140e-03	6.2500000000000000e-02
2901	3.2541086913585593e-03	3.1250000000000000e-02
2951	3.2509377552134566e-03	3.1250000000000000e-02
3001	3.2486844305888996e-03	3.1250000000000000e-02
3051	3.2486852642662489e-03	6.2500000000000000e-02
3101	3.2434546222347427e-03	3.1250000000000000e-02
3151	3.2428085620702651e-03	6.2500000000000000e-02
3201	3.2382135330925044e-03	1.2500000000000000e-01
3251	3.2359811585211951e-03	1.2500000000000000e-01
3301	3.2337837569469396e-03	6.2500000000000000e-02
3351	3.2315850561874804e-03	6.2500000000000000e-02
3401	3.2293835251097081e-03	3.1250000000000000e-02
3451	3.2271989589887085e-03	1.5625000000000000e-02
3501	3.2251581652765760e-03	1.5625000000000000e-02
3551	3.2229610053504665e-03	6.2500000000000000e-02
3601	3.2208321179891808e-03	3.1250000000000000e-02
3651	3.2201279468769828e-03	6.2500000000000000e-02
3701	3.2168116921498235e-03	6.2500000000000000e-02
3751	3.2148967672015472e-03	3.1250000000000000e-02
3801	3.2129063799364310e-03	1.5625000000000000e-02
3851	3.2109843956777961e-03	3.1250000000000000e-02
3901	3.2089545524639496e-03	3.1250000000000000e-02
3951	3.2069462012682681e-03	1.2500000000000000e-01
4001	3.2052417616507123e-03	6.2500000000000000e-02
4051	3.2033555696017180e-03	3.1250000000000000e-02
4101	3.2014790816445871e-03	3.1250000000000000e-02
4151	3.1997435579638189e-03	3.1250000000000000e-02
4201	3.1977215036178563e-03	6.2500000000000000e-02
4251	3.1959559802446913e-03	3.1250000000000000e-02
4301	3.1941392133256752e-03	3.1250000000000000e-02
4351	3.1924038776731667e-03	3.1250000000000000e-02
4401	3.1904872396959494e-03	6.2500000000000000e-02
4451	3.1887056676348502e-03	1.5625000000000000e-02
4501	3.1868749553989328e-03	6.2500000000000000e-02
4551	3.1849769300459352e-03	1.2500000000000000e-01
4601	3.1833899662975229e-03	3.1250000000000000e-02
4651	3.1816062132440370e-03	3.1250000000000000e-02
4701	3.1805804096726176e-03	6.2500000000000000e-02
4751	3.1781190033897122e-03	3.1250000000000000e-02
4801	3.1763511866225169e-03	3.1250000000000000e-02
4851	3.1744568336921075e-03	1.2500000000000000e-01
4901	3.1729018121906538e-03	3.1250000000000000e-02
4951	3.1711043816430307e-03	6.2500000000000000e-02
5001	3.1693888967917472e-03	6.2500000000000000e-02
5051	3.1676993314859736e-03	1.5625000000000000e-02
5101	3.1668656161268904e-03	6.2500000000000000e-02
5151	3.1643480313127137e-03	3.1250000000000000e-02
5201	3.1625855431729466e-03	3.1250000000000000e-02
5251	3.1610144512672633e-03	3.1250000000000000e-02
5301	3.1592714175986414e-03	6.2500000000000000e-02
5351	3.1577298122947850e-03	3.1250000000000000e-02
5401	3.1559856383732710e-03	3.1250000000000000e-02
5451	3.1544600997333028e-03	3.1250000000000000e-02
5501	3.1527117237628577e-03	3.1250000000000000e-02
5551	3.1511883467582047e-03	1.5625000000000000e-02
5601	3.1494253184662924e-03	1.2500000000000000e-01
5651	3.1479955385136371e-03	3.1250000000000000e-02
5701	3.1463714275430377e-03	6.2500000000000000e-02
5751	3.1447160213931014e-03	6.2500000000000000e-02
5801	3.1432148532501980e-03	1.5625000000000000e-02
5851	3.1415674527401904e-03	1.2500000000000000e-01
5901	3.1400287874689958e-03	3.1250000000000000e-02
5951	3.1385245940139805e-03	3.1250000000000000e-02
6001	3.1367711115687369e-03	1.2500000000000000e-01
6051	3.1353333114291226e-03	3.1250000000000000e-02
6101	3.1338293501970149e-03	3.1250000000000000e-02
6151	3.1320839530666333e-03	1.2500000000000000e-01
6201	3.1306439005419628e-03	3.1250000000000000e-02
6251	3.1291438362549551e-03	1.5625000000000000e-02
6301	3.1275400210107884e-03	6.2500000000000000e-02
6351	3.1259473708346031e-03	6.2500000000000000e-02
6401	3.1245311077929827e-03	3.1250000000000000e-02
6451	3.1229669732615317e-03	3.1250000000000000e-02
6501	3.1217272614363356e-03	6.2500000000000000e-02
6551	3.1198185254500688e-03	3.1250000000000000e-02
6601	3.1184292149619708e-03	1.5625000000000000e-02
6651	3.1168172814537431e-03	6.2500000000000000e-02
6701	3.1156174416211435e-03	6.2500000000000000e-02
6751	3.1136860981126890e-03	3.1250000000000000e-02
6801	3.1122677601149729e-03	3.1250000000000000e-02
6851	3.1107095579325783e-03	3.1250000000000000e-02
6901	3.1090920986811543e-03	1.2500000000000000e-01
6951	3.1075547011195637e-03	3.1250000000000000e-02
7001	3.1060983664236153e-03	3.1250000000000000e-02
7051	3.1047030650407370e-03	1.5625000000000000e-02
7101	3.1031286883431708e-03	3.1250000000000000e-02
7151	3.1015553679508701e-03	6.2500000000000000e-02
7201	3.1000218589116724e-03	3.1250000000000000e-02
7251	3.0986834659880724e-03	3.1250000000000000e-02
7301	3.0975126153526267e-03	3.1250000000000000e-02
7351	3.0966754884984571e-03	3.1250000000000000e-02
7401	3.0941418309791135e-03	3.1250000000000000e-02
7451	3.0926754838257464e-03	3.1250000000000000e-02
7501	3.0911810108458226e-03	6.2500000000000000e-02
7551	3.0896586588858854e-03	1.2500000000000000e-01
7601	3.0883630886406888e-03	6.2500000000000000e-02
7651	3.0867392629871926e-03	3.1250000000000000e-02
7701	3.0853231777177026e-03	3.1250000000000000e-02
7751	3.0835939037551219e-03	3.1250000000000000e-02
7801	3.0819559604885471e-03	3.1250000000000000e-02
7851	3.0805371607153242e-03	3.1250000000000000e-02
7901	3.0791169992308021e-03	3.1250000000000000e-02
7951	3.0775841529093739e-03	6.2500000000000000e-02
8001	3.0759797841847236e-03	1.5625000000000000e-02
8051	3.0743077802014573e-03	1.2500000000000000e-01
8101	3.0728822080892115e-03	3.1250000000000000e-02
8151	3.0712497483722512e-03	3.1250000000000000e-02
8201	3.0697658764277103e-03	6.2500000000000000e-02
8251	3.0679962298588714e-03	6.2500000000000000e-02
8301	3.0664382379241850e-03	1.5625000000000000e-02
8351	3.0647631549775012e-03	3.1250000000000000e-02
8401	3.0630622168428268e-03	6.2500000000000000e-02
8451	3.0613054337790269e-03	6.2500000000000000e-02
8501	3.0596403292716401e-03	6.2500000000000000e-02
8551	3.0578357361126240e-03	1.2500000000000000e-01
8601	3.0561771561816720e-03	1.2500000000000000e-01
8651	3.0545212415118428e-03	1.2500000000000000e-01
8701	3.0528679987649188e-03	1.2500000000000000e-01
8751	3.0513598061888692e-03	6.2500000000000000e-02
8801	3.0497126263299146e-03	6.2500000000000000e-02
8851	3.0481556227346385e-03	6.2500000000000000e-02
8901	3.0465577226472806e-03	1.5625000000000000e-02
8951	3.0450205291916443e-03	1.5625000000000000e-02
9001	3.0433424416260735e-03	3.1250000000000000e-02
9051	3.0416835991291524e-03	1.2500000000000000e-01
9101	3.0402802664257766e-03	6.2500000000000000e-02
9151	3.0386960062080970e-03	1.5625000000000000e-02
9201	3.0371136803777343e-03	3.1250000000000000e-02
9251	3.0354533014782525e-03	1.2500000000000000e-01
9301	3.0340597774362044e-03	3.1250000000000000e-02
9351	3.0325442059230268e-03	3.1250000000000000e-02
9401	3.0308554417201039e-03	6.2500000000000000e-02
9451	3.0294326119458814e-03	6.2500000000000000e-02
9501	3.0279496947522855e-03	1.5625000000000000e-02
9551	3.0265004440357401e-03	3.1250000000000000e-02
9601	3.0248286643050903e-03	6.2500000000000000e-02
9651	3.0233089677286218e-03	3.1250000000000000e-02
9701	3.0216837236235472e-03	6.2500000000000000e-02
9751	3.0202477033722808e-03	3.1250000000000000e-02
9801	3.0186603284636515e-03	3.1250000000000000e-02
9851	3.0172204462176611e-03	6.2500000000000000e-02
9901	3.0156996591590435e-03	3.1250000000000000e-02
9951	3.0141191306335413e-03	1.2500000000000000e-01
10001	3.0127477669127378e-03	1.5625000000000000e-02
10051	3.0110816699449039e-03	6.2500000000000000e-02
10101	3.0096475095897635e-03	1.5625000000000000e-02
10151	3.0081099759502461e-03	6.2500000000000000e-02
10201	3.0066682862021077e-03	1.5625000000000000e-02
10251	3.0050741927574176e-03	1.2500000000000000e-01
10301	3.0037844542232239e-03	1.5625000000000000e-02
10351	3.0022322168141713e-03	6.2500000000000000e-02
10401	3.0006984454130636e-03	3.1250000000000000e-02
10451	2.9991245319587190e-03	6.2500000000000000e-02
10501	2.9978450493697295e-03	1.5625000000000000e-02
10551	2.9963872639970912e-03	6.2500000000000000e-02
10601	2.9949152209854946e-03	1.5625000000000000e-02
10651	2.9932110463886108e-03	6.2500000000000000e-02
10701	2.9919601340050450e-03	1.5625000000000000e-02
10751	2.9904973912519006e-03	6.2500000000000000e-02
10801	2.9888740579705475e-03	6.2500000000000000e-02
10851	2.9872535916256604e-03	6.2500000000000000e-02
10901	2.9854789138653581e-03	1.5625000000000000e-02
10951	2.9836281333012193e-03	6.2500000000000000e-02
11001	2.9818145030897636e-03	1.5625000000000000e-02
11051	2.9800709341838427e-03	6.2500000000000000e-02
11101	2.9782642419444727e-03	1.5625000000000000e-02
11151	2.9765543610439371e-03	6.2500000000000000e-02
11201	2.9756174077484321e-03	3.1250000000000000e-02
11251	2.9730512105372586e-03	3.1250000000000000e-02
11301	2.9711923666386753e-03	1.2500000000000000e-01
11351	2.9696004792943986e-03	1.5625000000000000e-02
11401	2.9678414049277846e-03	3.1250000000000000e-02
11451	2.9660714914114816e-03	1.2500000000000000e-01
11501	2.9651021792661547e-03	3.1250000000000000e-02
11551	2.9626477460440448e-03	1.5625000000000000e-02
11601	2.9609803224200926e-03	3.1250000000000000e-02
11651	2.9592499385314719e-03	6.2500000000000000e-02
11701	2.9574601225251795e-03	1.2500000000000000e-01
11751	2.9565186993495418e-03	3.1250000000000000e-02
11801	2.9542271474848336e-03	1.5625000000000000e-02
11851	2.9526095495622240e-03	1.5625000000000000e-02
11901	2.9508557503263866e-03	1.5625000000000000e-02
11951	2.9493498448073252e-03	1.5625000000000000e-02
12001	2.9477054158023597e-03	1.5625000000000000e-02
12051	2.9460546806939769e-03	6.2500000000000000e-02
12101	2.9444099792086398e-03	3.1250000000000000e-02
12151	2.9453506918024619e-03	6.2500000000000000e-02
12201	2.9413072566800702e-03	6.2500000000000000e-02
12251	2.9397943375544244e-03	3.1250000000000000e-02
12301	2.9392829546239785e-03	3.1250000000000000e-02
12351	2.9395718729868792e-03	6.2500000000000000e-02
12401	2.9351804621158273e-03	6.2500000000000000e-02
12451	2.9336390730161366e-03	1.5625000000000000e-02
12501	2.9320740403376844e-03	3.1250000000000000e-02
12551	2.9305895995632714e-03	6.2500000000000000e-02
12601	2.9290690890952931e-03	1.5625000000000000e-02
12651	2.9278941208777942e-03	3.1250000000000000e-02
12701	2.9260978805147886e-03	6.2500000000000000e-02
12751	2.9253688478080297e-03	3.1250000000000000e-02
12801	2.9230351808353650e-03	1.2500000000000000e-01
12851	2.9215523142978039e-03	1.5625000000000000e-02
12901	2.9199463180807905e-03	1.2500000000000000e-01
12951	2.9185926617120161e-03	1.5625000000000000e-02
13001	2.9188495616441212e-03	6.2500000000000000e-02
13051	2.9156302520733091e-03	1.5625000000000000e-02
13101	2.9140841606251078e-03	1.2500000000000000e-01
13151	2.9127729286360093e-03	6.2500000000000000e-02
13201	2.9113359256305316e-03	6.2500000000000000e-02
13251	2.9098005437997454e-03	3.1250000000000000e-02
13301	2.9085499421718231e-03	1.5625000000000000e-02
13351	2.9070988966439781e-03	6.2500000000000000e-02
13401	2.9071857316735894e-03	6.2500000000000000e-02
13451	2.9042809186006213e-03	3.1250000000000000e-02
13501	2.9029064419523465e-03	1.5625000000000000e-02
13551	2.9015663579241568e-03	6.2500000000000000e-02
13601	2.9000101638181341e-03	1.2500000000000000e-01
13651	2.8987210052924262e-03	6.2500000000000000e-02
13701	2.8974400169125003e-03	6.2500000000000000e-02
13751	2.8960544192913051e-03	1.5625000000000000e-02
13801	2.8947123113898243e-03	3.1250000000000000e-02
13851	2.8932861569923585e-03	1.2500000000000000e-01
13901	2.8930268768282419e-03	6.2500000000000000e-02
13951	2.8905243605499287e-03	3.1250000000000000e-02
14001	2.8892161573257358e-03	3.1250000000000000e-02
14051	2.8879016216523112e-03	6.2500000000000000e-02
14101	2.8866015169090042e-03	3.1250000000000000e-02
14151	2.8853017879271192e-03	1.5625000000000000e-02
14201	2.8839991412217270e-03	1.5625000000000000e-02
14251	2.8826895561071542e-03	1.5625000000000000e-02
14301	2.8813724961173071e-03	1.5625000000000000e-02
14351	2.8800490033329407e-03	1.5625000000000000e-02
14401	2.8787218724500852e-03	6.2500000000000000e-02
14451	2.8774020268831357e-03	3.1250000000000000e-02
14501	2.8760805867384942e-03	3.1250000000000000e-02
14551	2.8750127226655486e-03	3.1250000000000000e-02
14601	2.8734705241859615e-03	3.1250000000000000e-02
14651	2.8722014160372789e-03	1.2500000000000000e-01
14701	2.8710489611230017e-03	6.2500000000000000e-02
14751	2.8698024324477212e-03	3.1250000000000000e-02
14801	2.8685828141785663e-03	3.1250000000000000e-02
14851	2.8676763939725625e-03	3.1250000000000000e-02
14901	2.8658990248316973e-03	6.2500000000000000e-02
14951	2.8645738943480215e-03	1.2500000000000000e-01
15001	2.8635114615562784e-03	6.2500000000000000e-02
15051	2.8623295723266828e-03	1.5625000000000000e-02
15101	2.8609582955786417e-03	3.1250000000000000e-02
15151	2.8596452707947417e-03	3.1250000000000000e-02
15201	2.8585635695624889e-03	6.2500000000000000e-02
15251	2.8573690347729608e-03	6.2500000000000000e-02
15301	2.8560258713642428e-03	3.1250000000000000e-02
15351	2.8548904539305031e-03	6.2500000000000000e-02
15401	2.8537723025725548e-03	6.2500000000000000e-02
15451	2.8524290279758890e-03	3.1250000000000000e-02
15501	2.8513256896602890e-03	6.2500000000000000e-02
15551	2.8501428599015943e-03	3.1250000000000000e-02
15601	2.8488182852930422e-03	3.1250000000000000e-02
15651	2.8477627977820941e-03	1.5625000000000000e-02
15701	2.8467638658477012e-03	3.1250000000000000e-02
15751	2.8453328446154114e-03	1.2500000000000000e-01
15801	2.8442078039916385e-03	3.1250000000000000e-02
15851	2.8428848471705459e-03	3.1250000000000000e-02
15901	2.8419364016010196e-03	1.5625000000000000e-02
15951	2.8405559374593548e-03	3.1250000000000000e-02
16001	2.8395057293555404e-03	1.5625000000000000e-02
16051	2.8382320712250220e-03	6.2500000000000000e-02
16101	2.8372012059797447e-03	1.5625000000000000e-02
16151	2.8359481562454381e-03	3.1250000000000000e-02
16201	2.8350401425117910e-03	1.5625000000000000e-02
16251	2.8336477123608317e-03	6.2500000000000000e-02
16301	2.8326960549192037e-03	6.2500000000000000e-02
16351	2.8313910795421116e-03	3.1250000000000000e-02
16401	2.8303594437514290e-03	6.2500000000000000e-02
16451	2.8292198841610716e-03	6.2500000000000000e-02
16501	2.8280437760517252e-03	3.1250000000000000e-02
16551	2.8269976954138354e-03	1.5625000000000000e-02
16601	2.8257289111334183e-03	6.2500000000000000e-02
16651	2.8247480873637709e-03	3.1250000000000000e-02
16701	2.8236286465781468e-03	6.2500000000000000e-02
16751	2.8225523529215035e-03	3.1250000000000000e-02
16801	2.8214679554958710e-03	3.1250000000000000e-02
16851	2.8201068679969410e-03	1.2500000000000000e-01
16901	2.8191136929347493e-03	3.1250000000000000e-02
16951	2.8181645453976278e-03	3.1250000000000000e-02
17001	2.8169944947611381e-03	6.2500000000000000e-02
17051	2.8158216428774141e-03	6.2500000000000000e-02
17101	2.8148396782705642e-03	3.1250000000000000e-02
17151	2.8135514947058571e-03	6.2500000000000000e-02
17201	2.8125655230026858e-03	3.1250000000000000e-02
17251	2.8113465787733549e-03	3.1250000000000000e-02
17301	2.8101501891985015e-03	1.5625000000000000e-02
17351	2.8087670255296793e-03	3.1250000000000000e-02
17401	2.8074662337971290e-03	6.2500000000000000e-02
17451	2.8060777862023434e-03	1.2500000000000000e-01
17501	2.8048922900444362e-03	6.2500000000000000e-02
17551	2.8038421890737020e-03	3.1250000000000000e-02
17601	2.8022634878432928e-03	3.1250000000000000e-02
17651	2.8010012040993182e-03	3.1250000000000000e-02
17701	2.7997370969443658e-03	6.2500000000000000e-02
17751	2.7984702257363159e-03	6.2500000000000000e-02
17801	2.7972007316963143e-03	6.2500000000000000e-02
17851	2.7959448457424152e-03	3.1250000000000000e-02
17901	2.7946700572244465e-03	1.2500000000000000e-01
17951	2.7935615592792340e-03	1.2500000000000000e-01
18001	2.7924138432008361e-03	3.1250000000000000e-02
18051	2.7912956010726075e-03	3.1250000000000000e-02
18101	2.7906218047313303e-03	3.1250000000000000e-02
18151	2.7887012746079520e-03	3.1250000000000000e-02
18201	2.7874966877535767e-03	1.2500000000000000e-01
18251	2.7864219868066753e-03	3.1250000000000000e-02
18301	2.7852416192523100e-03	6.2500000000000000e-02
18351	2.7839345782536551e-03	6.2500000000000000e-02
18401	2.7828012708814853e-03	1.2500000000000000e-01
18451	2.7817736684940808e-03	3.1250000000000000e-02
18501	2.7807582743066828e-03	3.1250000000000000e-02
18551	2.7794118439805615e-03	6.2500000000000000e-02
18601	2.7782535706182276e-03	6.2500000000000000e-02
18651	2.7769660148511122e-03	6.2500000000000000e-02
18701	2.7760851135506526e-03	3.1250000000000000e-02
18751	2.7747353435577660e-03	6.2500000000000000e-02
18801	2.7737281949535841e-03	3.1250000000000000e-02
18851	2.7725064419101830e-03	3.1250000000000000e-02
18901	2.7714706636082775e-03	3.1250000000000000e-02
18951	2.7706129003262081e-03	3.1250000000000000e-02
19001	2.7692399856387162e-03	3.1250000000000000e-02
19051	2.7680204422049215e-03	6.2500000000000000e-02
19101	2.7670147047058613e-03	1.5625000000000000e-02
19151	2.7666744791468023e-03	3.1250000000000000e-02
19201	2.7645673730820608e-03	3.1250000000000000e-02
19251	2.7632994361873608e-03	6.2500000000000000e-02
19301	2.7621195320322034e-03	1.2500000000000000e-01
19351	2.7608561257838060e-03	3.1250000000000000e-02
19401	2.7595057407802104e-03	1.5625000000000000e-02
19451	2.7582065367333097e-03	6.2500000000000000e-02
19501	2.7567618525863313e-03	1.2500000000000000e-01
19551	2.7725867547704341e-03	1.2500000000000000e-01
19601	2.7548817128766334e-03	3.1250000000000000e-02
19651	2.7530843464831367e-03	3.1250000000000000e-02
19701	2.7518403204672692e-03	3.1250000000000000e-02
19751	2.7505910171015113e-03	3.1250000000000000e-02
19801	2.7493370308361298e-03	3.1250000000000000e-02
19851	2.7485339163725309e-03	3.1250000000000000e-02
19901	2.7596315174651664e-03	1.2500000000000000e-01
19951	2.7456903241868114e-03	1.2500000000000000e-01
20001	2.7445357227295908e-03	3.1250000000000000e-02
20051	2.7447798511704979e-03	3.1250000000000000e-02
20101	2.7421357222365828e-03	3.1250000000000000e-02
20151	2.7516201860946499e-03	1.2500000000000000e-01
20201	2.7398371386270215e-03	3.1250000000000000e-02
20251	2.7387016648300344e-03	6.2500000000000000e-02
20301	2.7373931015576281e-03	3.1250000000000000e-02
20351	2.7363463463258020e-03	6.2500000000000000e-02
20401	2.7352012690962102e-03	6.2500000000000000e-02
20451	2.7338799275775649e-03	2.5000000000000000e-01
20501	2.7330372254150692e-03	6.2500000000000000e-02
20551	2.7319738968789586e-03	3.1250000000000000e-02
20601	2.7308440205374707e-03	3.1250000000000000e-02
20651	2.7294895645207928e-03	3.1250000000000000e-02
20701	2.7286101132609764e-03	3.1250000000000000e-02
20751	2.7287773870442456e-03	6.2500000000000000e-02
20801	2.7263402346752175e-03	6.2500000000000000e-02
20851	2.7252082356904461e-03	6.2500000000000000e-02
20901	2.7240837565190024e-03	6.2500000000000000e-02
20951	2.7232233251277549e-03	3.1250000000000000e-02
21001	2.7218255922121237e-03	2.5000000000000000e-01
21051	2.7209079833584449e-03	3.1250000000000000e-02
21101	2.7200280164945134e-03	3.1250000000000000e-02
21151	2.7186703551261848e-03	1.2500000000000000e-01
21201	2.7176988559002302e-03	3.1250000000000000e-02
21251	2.7174846811734987e-03	3.1250000000000000e-02
21301	2.7159018303830607e-03	1.5625000000000000e-02
21351	2.7146641669136828e-03	1.2500000000000000e-01
21401	2.7135418460459970e-03	6.2500000000000000e-02
21451	2.7125822567608537e-03	6.2500000000000000e-02
21501	2.7116432703622184e-03	6.2500000000000000e-02
21551	2.7107375924749766e-03	3.1250000000000000e-02
21601	2.7096420099907981e-03	1.5625000000000000e-02
21651	2.7086103413298535e-03	6.2500000000000000e-02
21701	2.7074249130312200e-03	2.5000000000000000e-01
21751	2.7064886914018871e-03	3.1250000000000000e-02
21801	2.7055173663290688e-03	3.1250000000000000e-02
21851	2.7045475180056400e-03	3.1250000000000000e-02
21901	2.7038649006437820e-03	3.1250000000000000e-02
21951	2.7026249808166369e-03	3.1250000000000000e-02
22001	2.7016547634842736e-03	6.2500000000000000e-02
22051	2.7006833010223552e-03	6.2500000000000000e-02
22101	2.7000438266470139e-03	3.1250000000000000e-02
22151	2.6987517099720248e-03	3.1250000000000000e-02
22201	2.6980182526408214e-03	3.1250000000000000e-02
22251	2.6968191620332371e-03	3.1250000000000000e-02
22301	2.6958454364225393e-03	6.2500000000000000e-02
22351	2.6949695053180012e-03	3.1250000000000000e-02
22401	2.6939642837200406e-03	3.1250000000000000e-02
22451	2.6931049184935052e-03	1.2500000000000000e-01
22501	2.6922395863996362e-03	3.1250000000000000e-02
22551	2.6914052379172215e-03	3.1250000000000000e-02
22601	2.6903757223726288e-03	6.2500000000000000e-02
22651	2.6893718773761677e-03	6.2500000000000000e-02
22701	2.6883862464497366e-03	6.2500000000000000e-02
22751	2.6874312014710799e-03	3.1250000000000000e-02
22801	2.6866185326478442e-03	1.2500000000000000e-01
22851	2.6874654410697918e-03	3.1250000000000000e-02
22901	2.6848496057985116e-03	3.1250000000000000e-02
22951	2.6838459444021856e-03	3.1250000000000000e-02
23001	2.6828708221681152e-03	6.2500000000000000e-02
23051	2.6821209777644350e-03	6.2500000000000000e-02
23101	2.6813028302740127e-03	3.1250000000000000e-02
23151	2.6802638797513989e-03	3.1250000000000000e-02
23201	2.6792833676637651e-03	3.1250000000000000e-02
23251	2.6785356206001643e-03	6.2500000000000000e-02
23301	2.6776931380424474e-03	3.1250000000000000e-02
23351	2.6766702603975290e-03	3.1250000000000000e-02
23401	2.6757022481016524e-03	3.1250000000000000e-02
23451	2.6765132330168750e-03	3.1250000000000000e-02
23501	2.6740619554682654e-03	3.1250000000000000e-02
23551	2.6731245119456792e-03	3.1250000000000000e-02
23601	2.6722038776780810e-03	3.1250000000000000e-02
23651	2.6713043145709658e-03	3.1250000000000000e-02
23701	2.6701873656407304e-03	1.5625000000000000e-02
23751	2.6691960924948299e-03	6.2500000000000000e-02
23801	2.6680603267421610e-03	1.2500000000000000e-01
23851	2.6670749612627276e-03	6.2500000000000000e-02
23901	2.6661204395709293e-03	3.1250000000000000e-02
23951	2.6651650096801704e-03	6.2500000000000000e-02
24001	2.6645031228850202e-03	3.1250000000000000e-02
24051	2.6635271162889218e-03	3.1250000000000000e-02
24101	2.6622896576100619e-03	6.2500000000000000e-02
24151	2.6615296649969977e-03	3.1250000000000000e-02
24201	2.6603502444946248e-03	2.5000000000000000e-01
24251	2.6596064586519308e-03	6.2500000000000000e-02
24301	2.6587121256392843e-03	3.1250000000000000e-02
24351	2.6579322689616047e-03	3.1250000000000000e-02
24401	2.6569062647119335e-03	3.1250000000000000e-02
24451	2.6559046405387754e-03	3.1250000000000000e-02
24501	2.6552130659208695e-03	3.1250000000000000e-02
24551	2.6539560439524656e-03	3.1250000000000000e-02
24601	2.6532385327628916e-03	3.1250000000000000e-02
24651	2.6524213852906486e-03	3.1250000000000000e-02
24701	2.6513852298366558e-03	3.1250000000000000e-02
24751	2.6504005724227175e-03	3.1250000000000000e-02
24801	2.6496218474258981e-03	6.2500000000000000e-02
24851	2.6488585748805082e-03	3.1250000000000000e-02
24901	2.6478151869054889e-03	3.1250000000000000e-02
24951	2.6468672582935504e-03	3.1250000000000000e-02
25001	2.6459312527369327e-03	3.1250000000000000e-02
25051	2.6450059569466111e-03	3.1250000000000000e-02
25101	2.6440862646281982e-03	3.1250000000000000e-02
25151	2.6431651849490034e-03	1.5625000000000000e-02
25201	2.6419354851565657e-03	3.1250000000000000e-02
25251	2.6409622624579132e-03	3.1250000000000000e-02
25301	2.6399899753508649e-03	3.1250000000000000e-02
25351	2.6390091955833528e-03	1.5625000000000000e-02
25401	2.6405793216610629e-03	3.1250000000000000e-02
25451	2.6372683310167400e-03	3.1250000000000000e-02
25501	2.6375358093402301e-03	3.1250000000000000e-02
25551	2.6352212666341801e-03	3.1250000000000000e-02
25601	2.6347300231954751e-03	3.1250000000000000e-02
25651	2.6332192564006984e-03	3.1250000000000000e-02
25701	2.6324979344151123e-03	3.1250000000000000e-02
25751	2.6329271902856277e-03	3.1250000000000000e-02
25801	2.6300751009983303e-03	6.2500000000000000e-02
25851	2.6288336347052299e-03	6.2500000000000000e-02
25901	2.6298408778896443e-03	3.1250000000000000e-02
25951	2.6266518197362032e-03	1.5625000000000000e-02
26001	2.6254791760367269e-03	1.2500000000000000e-01
26051	2.6243215949453003e-03	3.1250000000000000e-02
26101	2.6233027391197039e-03	3.1250000000000000e-02
26151	2.6231722119743894e-03	3.1250000000000000e-02
26201	2.6220747138480105e-03	3.1250000000000000e-02
26251	2.6201966349763683e-03	3.1250000000000000e-02
26301	2.6196822553379295e-03	3.1250000000000000e-02
26351	2.6183328794491256e-03	1.2500000000000000e-01
26401	2.6177154794010393e-03	1.5625000000000000e-02
26451	2.6165516894823826e-03	3.1250000000000000e-02
26501	2.6154293206082091e-03	3.1250000000000000e-02
26551	2.6143457835816619e-03	3.1250000000000000e-02
26601	2.6136147029448553e-03	1.5625000000000000e-02
26651	2.6127436852534380e-03	6.2500000000000000e-02
26701	2.6121214405970816e-03	3.1250000000000000e-02
26751	2.6108968341456151e-03	1.5625000000000000e-02
26801	2.6099854162412450e-03	6.2500000000000000e-02
26851	2.6088736964398063e-03	6.2500000000000000e-02
26901	2.6083774763902001e-03	3.1250000000000000e-02
26951	2.6071973999231002e-03	3.1250000000000000e-02
27001	2.6067585693990702e-03	6.2500000000000000e-02
27051	2.6059809281715474e-03	3.1250000000000000e-02
27101	2.6050983186772791e-03	3.1250000000000000e-02
27151	2.6038081790917822e-03	6.2500000000000000e-02
27201	2.6033691402722603e-03	3.1250000000000000e-02
27251	2.6021090054175744e-03	3.1250000000000000e-02
27301	2.6032376675644286e-03	3.1250000000000000e-02
27351	2.6003933839474636e-03	6.2500000000000000e-02
27401	2.5998128556600220e-03	3.1250000000000000e-02
27451	2.5990353612206363e-03	6.2500000000000000e-02
27501	2.5984315200117125e-03	3.1250000000000000e-02
27551	2.5975558970253720e-03	3.1250000000000000e-02
27601	2.5963446239618548e-03	3.1250000000000000e-02
27651	2.5957131073209849e-03	6.2500000000000000e-02
27701	2.5952729473043279e-03	3.1250000000000000e-02
27751	2.5939876209510881e-03	3.1250000000000000e-02
27801	2.5933539326958854e-03	6.2500000000000000e-02
27851	2.5928879918680758e-03	3.1250000000000000e-02
27901	2.5916838869770586e-03	3.1250000000000000e-02
27951	2.5909786791358247e-03	3.1250000000000000e-02
28001	2.5917124167827987e-03	3.1250000000000000e-02
28051	2.5896144443617874e-03	3.1250000000000000e-02
28101	2.5886081233557068e-03	6.2500000000000000e-02
28151	2.5879879304222531e-03	3.1250000000000000e-02
28201	2.5874647055847966e-03	6.2500000000000000e-02
28251	2.5863587096792706e-03	2.5000000000000000e-01
28301	2.5856027814363802e-03	3.1250000000000000e-02
28351	2.5853120372372196e-03	3.1250000000000000e-02
28401	2.5844002608381711e-03	3.1250000000000000e-02
28451	2.5880170283895110e-03	3.1250000000000000e-02
28501	2.5826126574529651e-03	3.1250000000000000e-02
28551	2.5833478361354523e-03	3.1250000000000000e-02
28601	2.5817223011970203e-03	3.1250000000000000e-02
28651	2.5802524416236317e-03	3.1250000000000000e-02
28701	2.5804928407532346e-03	3.1250000000000000e-02
28751	2.5791902475353901e-03	3.1250000000000000e-02
28801	2.5781283350667650e-03	1.2500000000000000e-01
28851	2.5772439567622873e-03	6.2500000000000000e-02
28901	2.5766575863208629e-03	3.1250000000000000e-02
28951	2.5761749885424567e-03	6.2500000000000000e-02
29001	2.5752243723321522e-03	6.2500000000000000e-02
29051	2.5742812334470511e-03	6.2500000000000000e-02
29101	2.5738042847257558e-03	3.1250000000000000e-02
29151	2.5735805112760968e-03	6.2500000000000000e-02
29201	2.5718733826654017e-03	6.2500000000000000e-02
29251	2.5713176175382602e-03	3.1250000000000000e-02
29301	2.5708786652918203e-03	6.2500000000000000e-02
29351	2.5698157771325558e-03	6.2500000000000000e-02
29401	2.5707860470814969e-03	3.1250000000000000e-02
29451	2.5685651754476790e-03	3.1250000000000000e-02
29501	2.5849945533050755e-03	1.2500000000000000e-01
29551	2.5677602063892691e-03	3.1250000000000000e-02
29601	2.5659789192805649e-03	3.1250000000000000e-02
29651	2.5712406307597524e-03	3.1250000000000000e-02
29701	2.5639287001107958e-03	3.1250000000000000e-02
29751	2.5641589836826739e-03	3.1250000000000000e-02
29801	2.5627655046379649e-03	3.1250000000000000e-02
29851	2.5653813940531567e-03	3.1250000000000000e-02
29901	2.5619678194627182e-03	3.1250000000000000e-02
29951	2.5601414890006335e-03	2.5000000000000000e-01
30001	2.5595286783882676e-03	6.2500000000000000e-02
30051	2.5589104132350826e-03	3.1250000000000000e-02
30101	2.5582950776595892e-03	6.2500000000000000e-02
30151	2.5577264087820462e-03	3.1250000000000000e-02
30201	2.5571916688368335e-03	6.2500000000000000e-02
30251	2.5567450343558784e-03	3.1250000000000000e-02
30301	2.5564020151107592e-03	6.2500000000000000e-02
30351	2.5562356491686256e-03	3.1250000000000000e-02
30401	2.5538624241903118e-03	3.1250000000000000e-02
30451	2.5531907914243535e-03	3.1250000000000000e-02
30501	2.5526315881516659e-03	3.1250000000000000e-02
30551	2.5519012251022932e-03	3.1250000000000000e-02
30601	2.5514731903482080e-03	3.1250000000000000e-02
30651	2.5506236714124553e-03	3.1250000000000000e-02
30701	2.5504383078134296e-03	3.1250000000000000e-02
30751	2.5493648707535232e-03	3.1250000000000000e-02
30801	2.5495968721760409e-03	3.1250000000000000e-02
30851	2.5481334105337261e-03	3.1250000000000000e-02
30901	2.5490306138131746e-03	3.1250000000000000e-02
30951	2.5469383512490840e-03	3.1250000000000000e-02
31001	2.5488152266314179e-03	3.1250000000000000e-02
31051	2.5457865892849485e-03	3.1250000000000000e-02
31101	2.5489901633014567e-03	3.1250000000000000e-02
31151	2.5446790607863701e-03	3.1250000000000000e-02
31201	2.5495254434684256e-03	3.1250000000000000e-02
31251	2.5436073243585433e-03	3.1250000000000000e-02
31301	2.5502926268199388e-03	3.1250000000000000e-02
31351	2.5425513927921362e-03	3.1250000000000000e-02
31401	2.5510667164798662e-03	3.1250000000000000e-02
31451	2.5414819114601972e-03	3.1250000000000000e-02
31501	2.5515524512731425e-03	3.1250000000000000e-02
31551	2.5403649176261034e-03	3.1250000000000000e-02
31601	2.5514589249480135e-03	3.1250000000000000e-02
31651	2.5391713781337533e-03	3.1250000000000000e-02
31701	2.5505669074016302e-03	3.1250000000000000e-02
31751	2.5378841359314785e-03	3.1250000000000000e-02
31801	2.5488066809216114e-03	3.1250000000000000e-02
31851	2.5365045998700930e-03	3.1250000000000000e-02
31901	2.5462653234897825e-03	3.1250000000000000e-02
31951	2.5350507406596279e-03	3.1250000000000000e-02
32001	2.5431737014808276e-03	3.1250000000000000e-02
32051	2.5335531157911761e-03	3.1250000000000000e-02
32101	2.5398257449918971e-03	3.1250000000000000e-02
32151	2.5320449678313262e-03	3.1250000000000000e-02
32201	2.5365113992588117e-03	3.1250000000000000e-02
32251	2.5305551779628566e-03	3.1250000000000000e-02
32301	2.5334456246819403e-03	3.1250000000000000e-02
32351	2.5291022765249194e-03	3.1250000000000000e-02
32401	2.5307459782832886e-03	3.1250000000000000e-02
32451	2.5276937899811891e-03	3.1250000000000000e-02
32501	2.5284340549938111e-03	3.1250000000000000e-02
32551	2.5263279689768936e-03	3.1250000000000000e-02
32601	2.5264656825167986e-03	3.1250000000000000e-02
32651	2.5249976333657775e-03	3.1250000000000000e-02
32701	2.5247638885971257e-03	3.1250000000000000e-02
32751	2.5236936857849779e-03	3.1250000000000000e-02
32801	2.5232478798309366e-03	3.1250000000000000e-02
32851	2.5224076964309727e-03	3.1250000000000000e-02
32901	2.5218496267856993e-03	3.1250000000000000e-02
32951	2.5211331225468703e-03	3.1250000000000000e-02
33001	2.5205199900255604e-03	3.1250000000000000e-02
33051	2.5198790907599022e-03	3.1250000000000000e-02
33101	2.5192274568186512e-03	6.2500000000000000e-02
33151	2.5185975369685920e-03	3.1250000000000000e-02
33201	2.5179538814823488e-03	6.2500000000000000e-02
33251	2.5173294156630721e-03	3.1250000000000000e-02
33301	2.5166973389183500e-03	3.1250000000000000e-02
33351	2.5161606080518206e-03	3.1250000000000000e-02
33401	2.5154218443236287e-03	3.1250000000000000e-02
33451	2.5148068126749079e-03	3.1250000000000000e-02
33501	2.5141666735980506e-03	3.1250000000000000e-02
33551	2.5135187366253087e-03	6.2500000000000000e-02
33601	2.5128934171203543e-03	3.1250000000000000e-02
33651	2.5122546202471785e-03	6.2500000000000000e-02
33701	2.5117614169887226e-03	3.1250000000000000e-02
33751	2.5109917291457062e-03	3.1250000000000000e-02
33801	2.5103775905055414e-03	3.1250000000000000e-02
33851	2.5097374846509979e-03	3.1250000000000000e-02
33901	2.5090922003780936e-03	6.2500000000000000e-02
33951	2.5084701690257782e-03	3.1250000000000000e-02
34001	2.5078391870391181e-03	3.1250000000000000e-02
34051	2.5072659546576670e-03	3.1250000000000000e-02
34101	2.5065733821464375e-03	3.1250000000000000e-02
34151	2.5059408932875948e-03	6.2500000000000000e-02
34201	2.5053151675875629e-03	3.1250000000000000e-02
34251	2.5046792822123187e-03	6.2500000000000000e-02
34301	2.5041514917600871e-03	3.1250000000000000e-02
34351	2.5034216797903408e-03	3.1250000000000000e-02
34401	2.5027935512162980e-03	6.2500000000000000e-02
34451	2.5021665233927459e-03	3.1250000000000000e-02
34501	2.5015315629595136e-03	6.2500000000000000e-02
34551	2.5009964028428477e-03	3.1250000000000000e-02
34601	2.5002765997164111e-03	3.1250000000000000e-02
34651	2.4996461344779508e-03	6.2500000000000000e-02
34701	2.4990232204713525e-03	3.1250000000000000e-02
34751	2.4983969678656903e-03	3.1250000000000000e-02
34801	2.4978098750076949e-03	3.1250000000000000e-02
34851	2.4971486603625470e-03	3.1250000000000000e-02
34901	2.4965035460929874e-03	6.2500000000000000e-02
34951	2.4961238945155895e-03	3.1250000000000000e-02
35001	2.4952534953370797e-03	3.1250000000000000e-02
35051	2.4946343143932292e-03	6.2500000000000000e-02
35101	2.4940041743184427e-03	3.1250000000000000e-02
35151	2.4933848393482450e-03	3.1250000000000000e-02
35201	2.4928049536956376e-03	3.1250000000000000e-02
35251	2.4921347926364357e-03	3.1250000000000000e-02
35301	2.4914910776097088e-03	6.2500000000000000e-02
35351	2.4910501608839120e-03	3.1250000000000000e-02
35401	2.4902443618839420e-03	3.1250000000000000e-02
35451	2.4896181708380372e-03	6.2500000000000000e-02
35501	2.4889989207029783e-03	3.1250000000000000e-02
35551	2.4883702127094232e-03	3.1250000000000000e-02
35601	2.4877552053175211e-03	3.1250000000000000e-02
35651	2.4871241693219526e-03	3.1250000000000000e-02
35701	2.4865024055827911e-03	3.1250000000000000e-02
35751	2.4859011909047490e-03	3.1250000000000000e-02
35801	2.4852536924933055e-03	3.1250000000000000e-02
35851	2.4846224123840077e-03	6.2500000000000000e-02
35901	2.4840513244932527e-03	3.1250000000000000e-02
35951	2.4833860697101029e-03	3.1250000000000000e-02
36001	2.4827515540308820e-03	6.2500000000000000e-02
36051	2.4821979897178270e-03	3.1250000000000000e-02
36101	2.4815194482278313e-03	3.1250000000000000e-02
36151	2.4808832380653900e-03	6.2500000000000000e-02
36201	2.4803344542536632e-03	3.1250000000000000e-02
36251	2.4796525359086496e-03	3.1250000000000000e-02
36301	2.4790172537556554e-03	6.2500000000000000e-02
36351	2.4784589865357587e-03	3.1250000000000000e-02
36401	2.4777854076207806e-03	3.1250000000000000e-02
36451	2.4771537201053739e-03	6.2500000000000000e-02
36501	2.4765759573966983e-03	3.1250000000000000e-02
36551	2.4759194457377731e-03	3.1250000000000000e-02
36601	2.4753015519296540e-03	3.1250000000000000e-02
36651	2.4746930559613745e-03	3.1250000000000000e-02
36701	2.4740564723911840e-03	3.1250000000000000e-02
36751	2.4734342654986197e-03	3.1250000000000000e-02
36801	2.4728169103129805e-03	6.2500000000000000e-02
36851	2.4721977863787492e-03	3.1250000000000000e-02
36901	2.4715730197857333e-03	3.1250000000000000e-02
36951	2.4709504919453451e-03	6.2500000000000000e-02
37001	2.4704943444209260e-03	3.1250000000000000e-02
37051	2.4697180707288213e-03	3.1250000000000000e-02
37101	2.4690933781382762e-03	6.2500000000000000e-02
37151	2.4685267270493361e-03	3.1250000000000000e-02
37201	2.4678648579108398e-03	3.1250000000000000e-02
37251	2.4672453859186927e-03	3.1250000000000000e-02
37301	2.4666285866514759e-03	6.2500000000000000e-02
37351	2.4660116241825847e-03	3.1250000000000000e-02
37401	2.4653887021095500e-03	3.1250000000000000e-02
37451	2.4647666466081075e-03	6.2500000000000000e-02
37501	2.4642234103244842e-03	3.1250000000000000e-02
37551	2.4635422967673737e-03	3.1250000000000000e-02
37601	2.4629236289872569e-03	3.1250000000000000e-02
37651	2.4623062106170490e-03	6.2500000000000000e-02
37701	2.4619394319713717e-03	3.1250000000000000e-02
37751	2.4610718068386328e-03	3.1250000000000000e-02
37801	2.4604508316926621e-03	6.2500000000000000e-02
37851	2.4598681143852552e-03	3.1250000000000000e-02
37901	2.4592265049031559e-03	3.1250000000000000e-02
37951	2.4586068056597910e-03	3.1250000000000000e-02
38001	2.4579874499967014e-03	6.2500000000000000e-02
38051	2.4574480807632026e-03	3.1250000000000000e-02
38101	2.4567662229162401e-03	3.1250000000000000e-02
38151	2.4561476829383366e-03	3.1250000000000000e-02
38201	2.4555292989860700e-03	6.2500000000000000e-02
38251	2.4550255426960543e-03	3.1250000000000000e-02
38301	2.4543096790118346e-03	3.1250000000000000e-02
38351	2.4536915708273099e-03	3.1250000000000000e-02
38401	2.4530735108947432e-03	6.2500000000000000e-02
38451	2.4525760825462317e-03	3.1250000000000000e-02
38501	2.4518543911461466e-03	3.1250000000000000e-02
38551	2.4512365259161673e-03	3.1250000000000000e-02
38601	2.4506188082682456e-03	6.2500000000000000e-02
38651	2.4500949271857309e-03	3.1250000000000000e-02
38701	2.4494005715560707e-03	3.1250000000000000e-02
38751	2.4487835202462449e-03	3.1250000000000000e-02
38801	2.4481668249138888e-03	6.2500000000000000e-02
38851	2.4476020860062508e-03	3.1250000000000000e-02
38901	2.4469508670029727e-03	3.1250000000000000e-02
38951	2.4463353767034679e-03	3.1250000000000000e-02
39001	2.4457203669846495e-03	6.2500000000000000e-02
39051	2.4451218613656955e-03	3.1250000000000000e-02
39101	2.4447136153552540e-03	3.1250000000000000e-02
39151	2.4438987891195474e-03	3.1250000000000000e-02
39201	2.4432806880136937e-03	3.1250000000000000e-02
39251	2.4426640537261735e-03	6.2500000000000000e-02
39301	2.4421102949231388e-03	3.1250000000000000e-02
39351	2.4414506874164132e-03	3.1250000000000000e-02
39401	2.4408373478963519e-03	3.1250000000000000e-02
39451	2.4402248958026451e-03	6.2500000000000000e-02
39501	2.4396175763452543e-03	6.2500000000000000e-02
39551	2.4391084335790847e-03	3.1250000000000000e-02
39601	2.4384013329712406e-03	3.1250000000000000e-02
39651	2.4377880072816716e-03	3.1250000000000000e-02
39701	2.4371762400263730e-03	6.2500000000000000e-02
39751	2.4365731001294577e-03	6.2500000000000000e-02
39801	2.4360705202366439e-03	3.1250000000000000e-02
39851	2.4353564174276476e-03	3.1250000000000000e-02
39901	2.4347442627191684e-03	3.1250000000000000e-02
39951	2.4341340560123381e-03	6.2500000000000000e-02
40001	2.4335271357621702e-03	6.2500000000000000e-02
40051	2.4329880172631047e-03	3.1250000000000000e-02
40101	2.4323161471164756e-03	3.1250000000000000e-02
40151	2.4317067811114867e-03	3.1250000000000000e-02
40201	2.4311000068615307e-03	3.1250000000000000e-02
40251	2.4304856682295650e-03	6.2500000000000000e-02
40301	2.4299024269759384e-03	3.1250000000000000e-02
40351	2.4294599036331910e-03	3.1250000000000000e-02
40401	2.4286740266584728e-03	3.1250000000000000e-02
40451	2.4280629182016344e-03	3.1250000000000000e-02
40501	2.4274666805998990e-03	3.1250000000000000e-02
40551	2.4268473626053444e-03	6.2500000000000000e-02
40601	2.4262770270514489e-03	3.1250000000000000e-02
40651	2.4258662132567999e-03	3.1250000000000000e-02
40701	2.4250380678738637e-03	3.1250000000000000e-02
40751	2.4244275978911878e-03	3.1250000000000000e-02
40801	2.4238301265633311e-03	3.1250000000000000e-02
40851	2.4232132060084677e-03	6.2500000000000000e-02
40901	2.4226304983070435e-03	3.1250000000000000e-02
40951	2.4221463061289139e-03	3.1250000000000000e-02
41001	2.4214065959407005e-03	3.1250000000000000e-02
41051	2.4208008743080711e-03	3.1250000000000000e-02
41101	2.4201946952573383e-03	3.1250000000000000e-02
41151	2.4195868478031901e-03	6.2500000000000000e-02
41201	2.4189850040456928e-03	6.2500000000000000e-02
41251	2.4184163580738272e-03	3.1250000000000000e-02
41301	2.4179602568796810e-03	3.1250000000000000e-02
41351	2.4171793025635768e-03	3.1250000000000000e-02
41401	2.4165747756680345e-03	3.1250000000000000e-02
41451	2.4159693264040882e-03	3.1250000000000000e-02
41501	2.4153641291575489e-03	6.2500000000000000e-02
41551	2.4147600823736237e-03	6.2500000000000000e-02
41601	2.4141747236350319e-03	3.1250000000000000e-02
41651	2.4136453087756360e-03	3.1250000000000000e-02
41701	2.4129616168294676e-03	3.1250000000000000e-02
41751	2.4123594448700603e-03	3.1250000000000000e-02
41801	2.4117539575344571e-03	3.1250000000000000e-02
41851	2.4111514315278137e-03	3.1250000000000000e-02
41901	2.4105473053983584e-03	6.2500000000000000e-02
41951	2.4099440384062198e-03	6.2500000000000000e-02
42001	2.4093529882490694e-03	6.2500000000000000e-02
42051	2.4087936563013113e-03	3.1250000000000000e-02
42101	2.4083161306602818e-03	3.1250000000000000e-02
42151	2.4075482438508100e-03	3.1250000000000000e-02
42201	2.4069505619812581e-03	3.1250000000000000e-02
42251	2.4063443699366971e-03	3.1250000000000000e-02
42301	2.4057435647881764e-03	3.1250000000000000e-02
42351	2.4051421752513402e-03	6.2500000000000000e-02
42401	2.4045392190296111e-03	6.2500000000000000e-02
42451	2.4039424345171367e-03	6.2500000000000000e-02
42501	2.4033591816658983e-03	3.1250000000000000e-02
42551	2.4028055553773076e-03	3.1250000000000000e-02
42601	2.4023161371853341e-03	3.1250000000000000e-02
42651	2.4015509116011025e-03	3.1250000000000000e-02
42701	2.4009523204178151e-03	3.1250000000000000e-02
42751	2.4003616302528119e-03	3.1250000000000000e-02
42801	2.3997507443667132e-03	3.1250000000000000e-02
42851	2.3991527072200203e-03	3.1250000000000000e-02
42901	2.3985614527568533e-03	3.1250000000000000e-02
42951	2.3979524744580649e-03	6.2500000000000000e-02
43001	2.3973541175185131e-03	6.2500000000000000e-02
43051	2.3967607638271105e-03	6.2500000000000000e-02
43101	2.3961762692175093e-03	3.1250000000000000e-02
43151	2.3956073810953438e-03	3.1250000000000000e-02
43201	2.3950656807552040e-03	3.1250000000000000e-02
43251	2.3945706552179757e-03	3.1250000000000000e-02
43301	2.3937788065222509e-03	3.1250000000000000e-02
43351	2.3931813853279582e-03	3.1250000000000000e-02
43401	2.3925869902123864e-03	3.1250000000000000e-02
43451	2.3919972507266962e-03	3.1250000000000000e-02
43501	2.3913892725367925e-03	3.1250000000000000e-02
43551	2.3907920965591245e-03	3.1250000000000000e-02
43601	2.3901969283962599e-03	3.1250000000000000e-02
43651	2.3896045832825230e-03	3.1250000000000000e-02
43701	2.3890036630739298e-03	6.2500000000000000e-02
43751	2.3884063889336726e-03	6.2500000000000000e-02
43801	2.3878101939391883e-03	6.2500000000000000e-02
43851	2.3872153566102394e-03	6.2500000000000000e-02
43901	2.3866222272154181e-03	6.2500000000000000e-02
43951	2.3860312288606078e-03	6.2500000000000000e-02
44001	2.3854428590891485e-03	6.2500000000000000e-02
44051	2.3848576787908193e-03	3.1250000000000000e-02
44101	2.3842762959596087e-03	3.1250000000000000e-02
44151	2.3836993379844351e-03	3.1250000000000000e-02
44201	2.3831273952908960e-03	3.1250000000000000e-02
44251	2.3825609869333464e-03	3.1250000000000000e-02
44301	2.3820004826375918e-03	3.1250000000000000e-02
44351	2.3814460238407165e-03	3.1250000000000000e-02
44401	2.3808974797813187e-03	3.1250000000000000e-02
44451	2.3800959898432339e-03	3.1250000000000000e-02
44501	2.3795022515680220e-03	3.1250000000000000e-02
44551	2.3789088528032298e-03	3.1250000000000000e-02
44601	2.3783157730902227e-03	3.1250000000000000e-02
44651	2.3777229859335280e-03	3.1250000000000000e-02
44701	2.3771304632621559e-03	3.1250000000000000e-02
44751	2.3765381754916604e-03	3.1250000000000000e-02
44801	2.3759460927972320e-03	3.1250000000000000e-02
44851	2.3753541885913609e-03	3.1250000000000000e-02
44901	2.3747624410059842e-03	3.1250000000000000e-02
44951	2.3741708345634827e-03	3.1250000000000000e-02
45001	2.3735793614010348e-03	3.1250000000000000e-02
45051	2.3729880218941179e-03	3.1250000000000000e-02
45101	2.3723968245996652e-03	3.1250000000000000e-02
45151	2.3718057855194319e-03	3.1250000000000000e-02
45201	2.3712149267667293e-03	3.1250000000000000e-02
45251	2.3706242747740802e-03	3.1250000000000000e-02
45301	2.3700338578723779e-03	3.1250000000000000e-02
45351	2.3694437050378880e-03	3.1250000000000000e-02
45401	2.3688538443660256e-03	3.1250000000000000e-02
45451	2.3682642995437320e-03	3.1250000000000000e-02
45501	2.3676750907630773e-03	3.1250000000000000e-02
45551	2.3672847360007854e-03	3.1250000000000000e-02
45601	2.3666513638587183e-03	3.1250000000000000e-02
45651	2.3660239528240368e-03	3.1250000000000000e-02
45701	2.3654025879522589e-03	3.1250000000000000e-02
45751	2.3647870737241172e-03	3.1250000000000000e-02
45801	2.3641770004649842e-03	3.1250000000000000e-02
45851	2.3635718344743317e-03	3.1250000000000000e-02
45901	2.3629709655471620e-03	3.1250000000000000e-02
45951	2.3623737664733024e-03	6.2500000000000000e-02
46001	2.3617796299514326e-03	6.2500000000000000e-02
46051	2.3611880053937551e-03	6.2500000000000000e-02
46101	2.3605984059866802e-03	6.2500000000000000e-02
46151	2.3600104214311912e-03	6.2500000000000000e-02
46201	2.3594237148623076e-03	6.2500000000000000e-02
46251	2.3588380194003999e-03	6.2500000000000000e-02
46301	2.3582547004954435e-03	3.1250000000000000e-02
46351	2.3576645158096543e-03	3.1250000000000000e-02
46401	2.3570769481062737e-03	3.1250000000000000e-02
46451	2.3564912332948440e-03	3.1250000000000000e-02
46501	2.3559141813183082e-03	3.1250000000000000e-02
46551	2.3553217708387475e-03	3.1250000000000000e-02
46601	2.3547336144562614e-03	3.1250000000000000e-02
46651	2.3541482091922195e-03	3.1250000000000000e-02
46701	2.3537271428912820e-03	3.1250000000000000e-02
46751	2.3530522723104186e-03	3.1250000000000000e-02
46801	2.3524186241778988e-03	3.1250000000000000e-02
46851	2.3518088248545288e-03	3.1250000000000000e-02
46901	2.3512126283156132e-03	6.2500000000000000e-02
46951	2.3506241004489503e-03	6.2500000000000000e-02
47001	2.3500398787944521e-03	6.2500000000000000e-02
47051	2.3494627170301818e-03	3.1250000000000000e-02
47101	2.3488725925441267e-03	3.1250000000000000e-02
47151	2.3482882339482813e-03	3.1250000000000000e-02
47201	2.3477125757378481e-03	3.1250000000000000e-02
47251	2.3471221901740780e-03	3.1250000000000000e-02
47301	2.3465384347469698e-03	3.1250000000000000e-02
47351	2.3460792986393919e-03	3.1250000000000000e-02
47401	2.3454087420972103e-03	3.1250000000000000e-02
47451	2.3447898461148586e-03	6.2500000000000000e-02
47501	2.3441945640554351e-03	6.2500000000000000e-02
47551	2.3436099739183591e-03	6.2500000000000000e-02
47601	2.3430358481643099e-03	3.1250000000000000e-02
47651	2.3424464509218534e-03	3.1250000000000000e-02
47701	2.3418651770086285e-03	3.1250000000000000e-02
47751	2.3412850809235719e-03	3.1250000000000000e-02
47801	2.3407015731380376e-03	3.1250000000000000e-02
47851	2.3402304646480410e-03	3.1250000000000000e-02
47901	2.3395603359548378e-03	3.1250000000000000e-02
47951	2.3389500135223562e-03	6.2500000000000000e-02
48001	2.3383626052115858e-03	6.2500000000000000e-02
48051	2.3377839334688399e-03	6.2500000000000000e-02
48101	2.3372021039409496e-03	3.1250000000000000e-02
48151	2.3366230877378547e-03	3.1250000000000000e-02
48201	2.3360422724947316e-03	3.1250000000000000e-02
48251	2.3356598289075992e-03	3.1250000000000000e-02
48301	2.3349235681873193e-03	3.1250000000000000e-02
48351	2.3342977332589943e-03	6.2500000000000000e-02
48401	2.3337085654446810e-03	6.2500000000000000e-02
48451	2.3331379050622880e-03	3.1250000000000000e-02
48501	2.3325504588339596e-03	3.1250000000000000e-02
48551	2.3319779704913390e-03	3.1250000000000000e-02
48601	2.3313931628377027e-03	3.1250000000000000e-02
48651	2.3309037854253312e-03	3.1250000000000000e-02
48701	2.3302406210754523e-03	3.1250000000000000e-02
48751	2.3296441626092790e-03	6.2500000000000000e-02
48801	2.3290670624875887e-03	6.2500000000000000e-02
48851	2.3284877957021610e-03	3.1250000000000000e-02
48901	2.3279152736812581e-03	3.1250000000000000e-02
48951	2.3273331383442120e-03	3.1250000000000000e-02
49001	2.3268095386038690e-03	3.1250000000000000e-02
49051	2.3261721841800753e-03	6.2500000000000000e-02
49101	2.3255867148050946e-03	6.2500000000000000e-02
49151	2.3250122707927368e-03	3.1250000000000000e-02
49201	2.3244347536123255e-03	3.1250000000000000e-02
49251	2.3238572627251042e-03	3.1250000000000000e-02
49301	2.3233658382947331e-03	3.1250000000000000e-02
49351	2.3227025343000030e-03	6.2500000000000000e-02
49401	2.3221141421436720e-03	6.2500000000000000e-02
49451	2.3215407381578235e-03	3.1250000000000000e-02
49501	2.3209745533200321e-03	3.1250000000000000e-02
49551	2.3203877819557572e-03	3.1250000000000000e-02
49601	2.3198658118617210e-03	3.1250000000000000e-02
49651	2.3192281223316513e-03	6.2500000000000000e-02
49701	2.3186484631155801e-03	6.2500000000000000e-02
49751	2.3180732027903161e-03	3.1250000000000000e-02
49801	2.3175009067610830e-03	3.1250000000000000e-02
49851	2.3170735361959238e-03	3.1250000000000000e-02
49901	2.3163540386672565e-03	3.1250000000000000e-02
49951	2.3157613054790582e-03	6.2500000000000000e-02
50001	2.3151889555765859e-03	3.1250000000000000e-02
50051	2.3146200531621863e-03	3.1250000000000000e-02
50101	2.3140414435234291e-03	3.1250000000000000e-02
50151	2.3134787403334967e-03	3.1250000000000000e-02
50201	2.3128792090783001e-03	6.2500000000000000e-02
50251	2.3123078904665473e-03	3.1250000000000000e-02
50301	2.3117391406684007e-03	3.1250000000000000e-02
50351	2.3113502152647403e-03	3.1250000000000000e-02
50401	2.3105928896426375e-03	3.1250000000000000e-02
50451	2.3100010962303630e-03	6.2500000000000000e-02
50501	2.3094292876775224e-03	3.1250000000000000e-02
50551	2.3088587355379886e-03	3.1250000000000000e-02
50601	2.3083798876327721e-03	3.1250000000000000e-02
50651	2.3077049353282808e-03	6.2500000000000000e-02
50701	2.3071288383413879e-03	6.2500000000000000e-02
50751	2.3065567305138313e-03	3.1250000000000000e-02
50801	2.3059851259403796e-03	3.1250000000000000e-02
50851	2.3054305509263573e-03	3.1250000000000000e-02
50901	2.3048283057240937e-03	6.2500000000000000e-02
50951	2.3042580289942549e-03	3.1250000000000000e-02
51001	2.3036882602927022e-03	3.1250000000000000e-02
51051	2.3031785996534548e-03	3.1250000000000000e-02
51101	2.3025338763531522e-03	6.2500000000000000e-02
51151	2.3019650674234171e-03	3.1250000000000000e-02
51201	2.3013965827398675e-03	3.1250000000000000e-02
51251	2.3009313081329141e-03	3.1250000000000000e-02
51301	2.3002430764947901e-03	6.2500000000000000e-02
51351	2.2996748259869193e-03	3.1250000000000000e-02
51401	2.2991066333741816e-03	3.1250000000000000e-02
51451	2.2986589588738227e-03	3.1250000000000000e-02
51501	2.2979527563488089e-03	6.2500000000000000e-02
51551	2.2973843569531471e-03	3.1250000000000000e-02
51601	2.2968159120276832e-03	3.1250000000000000e-02
51651	2.2963472621080339e-03	3.1250000000000000e-02
51701	2.2956621670102706e-03	6.2500000000000000e-02
51751	2.2950938001302656e-03	3.1250000000000000e-02
51801	2.2945255149572352e-03	3.1250000000000000e-02
51851	2.2940129073938387e-03	3.1250000000000000e-02
51901	2.2933737723891401e-03	6.2500000000000000e-02
51951	2.2928062131341020e-03	3.1250000000000000e-02
52001	2.2922389183147596e-03	3.1250000000000000e-02
52051	2.2916854719192692e-03	3.1250000000000000e-02
52101	2.2910906234189232e-03	6.2500000000000000e-02
52151	2.2905244425258653e-03	3.1250000000000000e-02
52201	2.2901263613870348e-03	3.1250000000000000e-02
52251	2.2893809887154504e-03	6.2500000000000000e-02
52301	2.2888125355945421e-03	3.1250000000000000e-02
52351	2.2882449784447090e-03	3.1250000000000000e-02
52401	2.2877071976439289e-03	3.1250000000000000e-02
52451	2.2870975636825053e-03	6.2500000000000000e-02
52501	2.2865326267281771e-03	3.1250000000000000e-02
52551	2.2861264937767967e-03	3.1250000000000000e-02
52601	2.2853899881085660e-03	6.2500000000000000e-02
52651	2.2848226593474852e-03	3.1250000000000000e-02
52701	2.2842568497715154e-03	3.1250000000000000e-02
52751	2.2836979521578815e-03	3.1250000000000000e-02
52801	2.2831143809027843e-03	6.2500000000000000e-02
52851	2.2825525903665822e-03	3.1250000000000000e-02
52901	2.2820298894290492e-03	3.1250000000000000e-02
52951	2.2814053419619729e-03	6.2500000000000000e-02
53001	2.2808423332218997e-03	3.1250000000000000e-02
53051	2.2803906645760819e-03	3.1250000000000000e-02
53101	2.2797000719685379e-03	6.2500000000000000e-02
53151	2.2791359807525780e-03	3.1250000000000000e-02
53201	2.2787736459048968e-03	3.1250000000000000e-02
53251	2.2779979464735423e-03	6.2500000000000000e-02
53301	2.2774322111596135e-03	3.1250000000000000e-02
53351	2.2768694885813012e-03	3.1250000000000000e-02
53401	2.2762975675696406e-03	6.2500000000000000e-02
53451	2.2757302391405165e-03	3.1250000000000000e-02
53501	2.2751672140559620e-03	3.1250000000000000e-02
53551	2.2745973421487431e-03	6.2500000000000000e-02
53601	2.2740293354763796e-03	3.1250000000000000e-02
53651	2.2734665959400768e-03	3.1250000000000000e-02
53701	2.2728964334230994e-03	6.2500000000000000e-02
53751	2.2723292857461663e-03	3.1250000000000000e-02
53801	2.2717676366561523e-03	3.1250000000000000e-02
53851	2.2711953230392101e-03	6.2500000000000000e-02
53901	2.2706305312649722e-03	3.1250000000000000e-02
53951	2.2702652972661497e-03	3.1250000000000000e-02
54001	2.2694954762065844e-03	6.2500000000000000e-02
54051	2.2689338683785643e-03	3.1250000000000000e-02
54101	2.2684817530920220e-03	3.1250000000000000e-02
54151	2.2677984166750154e-03	6.2500000000000000e-02
54201	2.2672488664425838e-03	3.1250000000000000e-02
54251	2.2667212494219546e-03	3.1250000000000000e-02
54301	2.2661049881731454e-03	6.2500000000000000e-02
54351	2.2655463562901712e-03	3.1250000000000000e-02
54401	2.2649895592974367e-03	3.1250000000000000e-02
54451	2.2644137378846629e-03	3.1250000000000000e-02
54501	2.2638521553655089e-03	3.1250000000000000e-02
54551	2.2632813301824983e-03	6.2500000000000000e-02
54601	2.2627197498774620e-03	3.1250000000000000e-02
54651	2.2622524176392211e-03	3.1250000000000000e-02
54701	2.2615880669976107e-03	6.2500000000000000e-02
54751	2.2610331684851381e-03	3.1250000000000000e-02
54801	2.2604786318656256e-03	3.1250000000000000e-02
54851	2.2599010285642152e-03	3.1250000000000000e-02
54901	2.2593413577838284e-03	3.1250000000000000e-02
54951	2.2587695866767010e-03	6.2500000000000000e-02
55001	2.2582121656242737e-03	3.1250000000000000e-02
55051	2.2576889991728910e-03	3.1250000000000000e-02
55101	2.2570841007101272e-03	6.2500000000000000e-02
55151	2.2565248823471773e-03	3.1250000000000000e-02
55201	2.2559562443040804e-03	6.2500000000000000e-02
55251	2.2553970559242575e-03	3.1250000000000000e-02
55301	2.2548862747111542e-03	3.1250000000000000e-02
55351	2.2542709159660834e-03	6.2500000000000000e-02
55401	2.2537127395191314e-03	3.1250000000000000e-02
55451	2.2531441451363321e-03	6.2500000000000000e-02
55501	2.2525869462306503e-03	3.1250000000000000e-02
55551	2.2520579795040074e-03	3.1250000000000000e-02
55601	2.2514639593416153e-03	3.1250000000000000e-02
55651	2.2509050177069723e-03	3.1250000000000000e-02
55701	2.2503347403965979e-03	6.2500000000000000e-02
55751	2.2497840659860824e-03	3.1250000000000000e-02
55801	2.2492245524947663e-03	6.2500000000000000e-02
55851	2.2486550644271741e-03	3.1250000000000000e-02
55901	2.2481802937662776e-03	3.1250000000000000e-02
55951	2.2475325291226866e-03	6.2500000000000000e-02
56001	2.2469767573283228e-03	3.1250000000000000e-02
56051	2.2464087419460377e-03	6.2500000000000000e-02
56101	2.2458603550358225e-03	3.1250000000000000e-02
56151	2.2453008336813518e-03	3.1250000000000000e-02
56201	2.2447316123870298e-03	3.1250000000000000e-02
56251	2.2442363456489645e-03	3.1250000000000000e-02
56301	2.2436159715321091e-03	3.1250000000000000e-02
56351	2.2430572424514406e-03	3.1250000000000000e-02
56401	2.2424889747041377e-03	6.2500000000000000e-02
56451	2.2419367895130105e-03	3.1250000000000000e-02
56501	2.2413713599700458e-03	6.2500000000000000e-02
56551	2.2408255222293727e-03	3.1250000000000000e-02
56601	2.2402653567290542e-03	3.1250000000000000e-02
56651	2.2396964304194356e-03	3.1250000000000000e-02
56701	2.2391813381184011e-03	3.1250000000000000e-02
56751	2.2385796157222693e-03	3.1250000000000000e-02
56801	2.2381363161021461e-03	3.1250000000000000e-02
56851	2.2374610007924733e-03	6.2500000000000000e-02
56901	2.2369082208000268e-03	3.1250000000000000e-02
56951	2.2363419555914144e-03	6.2500000000000000e-02
57001	2.2357906234270475e-03	3.1250000000000000e-02
57051	2.2352252361905744e-03	6.2500000000000000e-02
57101	2.2346757040974108e-03	3.1250000000000000e-02
57151	2.2341111505854716e-03	6.2500000000000000e-02
57201	2.2335637144249576e-03	3.1250000000000000e-02
57251	2.2329997954907421e-03	6.2500000000000000e-02
57301	2.2324437064105140e-03	3.1250000000000000e-02
57351	2.2318908861516107e-03	6.2500000000000000e-02
57401	2.2313281288350861e-03	3.1250000000000000e-02
57451	2.2307836526795910e-03	3.1250000000000000e-02
57501	2.2302135933438549e-03	3.1250000000000000e-02
57551	2.2296769167988728e-03	3.1250000000000000e-02
57601	2.2290999449087190e-03	3.1250000000000000e-02
57651	2.2285693002367379e-03	3.1250000000000000e-02
57701	2.2279870279998670e-03	3.1250000000000000e-02
57751	2.2274595960781740e-03	3.1250000000000000e-02
57801	2.2268747297229385e-03	3.1250000000000000e-02
57851	2.2263471537091739e-03	3.1250000000000000e-02
57901	2.2257630144797425e-03	3.1250000000000000e-02
57951	2.2252320680007376e-03	3.1250000000000000e-02
58001	2.2246519369450990e-03	3.1250000000000000e-02
58051	2.2241151699072814e-03	3.1250000000000000e-02
58101	2.2235416213476356e-03	3.1250000000000000e-02
58151	2.2229977435312964e-03	3.1250000000000000e-02
58201	2.2224322243052930e-03	3.1250000000000000e-02
58251	2.2218811449561393e-03	6.2500000000000000e-02
58301	2.2213238894618348e-03	3.1250000000000000e-02
58351	2.2207664633864255e-03	6.2500000000000000e-02
58401	2.2202184378443679e-03	3.1250000000000000e-02
58451	2.2196543308421468e-03	6.2500000000000000e-02
58501	2.2191069644879047e-03	3.1250000000000000e-02
58551	2.2185449159983772e-03	6.2500000000000000e-02
58601	2.2179983629353472e-03	3.1250000000000000e-02
58651	2.2174380438770847e-03	6.2500000000000000e-02
58701	2.2168923182113165e-03	3.1250000000000000e-02
58751	2.2163333696514353e-03	6.2500000000000000e-02
58801	2.2158711906016260e-03	3.1250000000000000e-02
58851	2.2152264087155205e-03	3.1250000000000000e-02
58901	2.2147046714874330e-03	3.1250000000000000e-02
58951	2.2141202565921780e-03	3.1250000000000000e-02
59001	2.2135718170732677e-03	6.2500000000000000e-02
59051	2.2130216611548903e-03	3.1250000000000000e-02
59101	2.2124574991320145e-03	6.2500000000000000e-02
59151	2.2119116397790739e-03	3.1250000000000000e-02
59201	2.2113528003446792e-03	6.2500000000000000e-02
59251	2.2109698200089012e-03	3.1250000000000000e-02
59301	2.2102524428850856e-03	3.1250000000000000e-02
59351	2.2097401589369348e-03	3.1250000000000000e-02
59401	2.2091469753038329e-03	3.1250000000000000e-02
59451	2.2085973486548616e-03	6.2500000000000000e-02
59501	2.2080480150086235e-03	3.1250000000000000e-02
59551	2.2074871367598892e-03	6.2500000000000000e-02
59601	2.2069439779985878e-03	3.1250000000000000e-02
59651	2.2063917145174194e-03	3.1250000000000000e-02
59701	2.2058866658278831e-03	3.1250000000000000e-02
59751	2.2052858173653433e-03	3.1250000000000000e-02
59801	2.2047354615800652e-03	6.2500000000000000e-02
59851	2.2041874041428544e-03	3.1250000000000000e-02
59901	2.2036292518683442e-03	6.2500000000000000e-02
59951	2.2032267579584763e-03	3.1250000000000000e-02
60001	2.2025312054996249e-03	3.1250000000000000e-02
60051	2.2019949387481752e-03	3.1250000000000000e-02
60101	2.2014384139976695e-03	3.1250000000000000e-02
60151	2.2008761548194533e-03	6.2500000000000000e-02
60201	2.2003348591819183e-03	3.1250000000000000e-02
60251	2.1997811676259804e-03	3.1250000000000000e-02
60301	2.1992513326949403e-03	3.1250000000000000e-02
60351	2.1986899442982821e-03	3.1250000000000000e-02
60401	2.1981268285762301e-03	6.2500000000000000e-02
60451	2.1975863640415483e-03	3.1250000000000000e-02
60501	2.1970323578205386e-03	3.1250000000000000e-02
60551	2.1964957801159368e-03	3.1250000000000000e-02
60601	2.1959395080269895e-03	3.1250000000000000e-02
60651	2.1953810521631034e-03	6.2500000000000000e-02
60701	2.1949506311049749e-03	3.1250000000000000e-02
60751	2.1942866804074423e-03	3.1250000000000000e-02
60801	2.1937384961352446e-03	6.2500000000000000e-02
60851	2.1931930782226328e-03	3.1250000000000000e-02
60901	2.1926412494118752e-03	6.2500000000000000e-02
60951	2.1921238770032936e-03	3.1250000000000000e-02
61001	2.1915543133794735e-03	3.1250000000000000e-02
61051	2.1909930716328407e-03	6.2500000000000000e-02
61101	2.1905686489491760e-03	3.1250000000000000e-02
61151	2.1899011401992352e-03	3.1250000000000000e-02
61201	2.1893515929582996e-03	6.2500000000000000e-02
61251	2.1888098796309929e-03	3.1250000000000000e-02
61301	2.1882593035493780e-03	3.1250000000000000e-02
61351	2.1877189335981484e-03	6.2500000000000000e-02
61401	2.1871676865516942e-03	3.1250000000000000e-02
61451	2.1866165688293471e-03	6.2500000000000000e-02
61501	2.1860953140000472e-03	3.1250000000000000e-02
61551	2.1855293302652790e-03	3.1250000000000000e-02
61601	2.1849741733455108e-03	6.2500000000000000e-02
61651	2.1844770213508280e-03	3.1250000000000000e-02
61701	2.1838934570590496e-03	3.1250000000000000e-02
61751	2.1833339379403460e-03	6.2500000000000000e-02
61801	2.1828564304308129e-03	3.1250000000000000e-02
61851	2.1822473367383299e-03	3.1250000000000000e-02
61901	2.1816954235636121e-03	6.2500000000000000e-02
61951	2.1812255385483814e-03	3.1250000000000000e-02
62001	2.1806097278576075e-03	3.1250000000000000e-02
62051	2.1800583494937520e-03	6.2500000000000000e-02
62101	2.1795810161080453e-03	3.1250000000000000e-02
62151	2.1789739510653661e-03	3.1250000000000000e-02
62201	2.1784227837180481e-03	6.2500000000000000e-02
62251	2.1779265573551587e-03	3.1250000000000000e-02
62301	2.1773428742959400e-03	3.1250000000000000e-02
62351	2.1767890915023180e-03	6.2500000000000000e-02
62401	2.1762702827331504e-03	3.1250000000000000e-02
62451	2.1757056287201593e-03	3.1250000000000000e-02
62501	2.1751576913573434e-03	6.2500000000000000e-02
62551	2.1746196567549170e-03	6.2500000000000000e-02
62601	2.1740719262806074e-03	3.1250000000000000e-02
62651	2.1735242146545541e-03	3.1250000000000000e-02
62701	2.1729781371189194e-03	6.2500000000000000e-02
62751	2.1725961775727054e-03	3.1250000000000000e-02
62801	2.1718934549155300e-03	3.1250000000000000e-02
62851	2.1713453053888720e-03	6.2500000000000000e-02
62901	2.1708530100501555e-03	3.1250000000000000e-02
62951	2.1702674471448802e-03	3.1250000000000000e-02
63001	2.1697189750087276e-03	6.2500000000000000e-02
63051	2.1691805840362566e-03	6.2500000000000000e-02
63101	2.1686366083766284e-03	3.1250000000000000e-02
63151	2.1680895469919914e-03	3.1250000000000000e-02
63201	2.1675429439493854e-03	6.2500000000000000e-02
63251	2.1670606541659421e-03	3.1250000000000000e-02
63301	2.1664669854873919e-03	3.1250000000000000e-02
63351	2.1659200315697902e-03	6.2500000000000000e-02
63401	2.1653780540834555e-03	6.2500000000000000e-02
63451	2.1648399777161043e-03	3.1250000000000000e-02
63501	2.1642938303807480e-03	3.1250000000000000e-02
63551	2.1637479126249692e-03	6.2500000000000000e-02
63601	2.1632254082264435e-03	3.1250000000000000e-02
63651	2.1626705464170559e-03	3.1250000000000000e-02
63701	2.1621252903993859e-03	3.1250000000000000e-02
63751	2.1615801840410009e-03	6.2500000000000000e-02
63801	2.1610780778528182e-03	3.1250000000000000e-02
63851	2.1605048632999946e-03	3.1250000000000000e-02
63901	2.1599601164536963e-03	3.1250000000000000e-02
63951	2.1594154844040148e-03	6.2500000000000000e-02
64001	2.1589228021428042e-03	3.1250000000000000e-02
64051	2.1583412767927079e-03	3.1250000000000000e-02
64101	2.1577968977770645e-03	3.1250000000000000e-02
64151	2.1572527155104826e-03	6.2500000000000000e-02
64201	2.1567522464799316e-03	3.1250000000000000e-02
64251	2.1561792729736240e-03	3.1250000000000000e-02
64301	2.1556355865561816e-03	3.1250000000000000e-02
64351	2.1550922371422754e-03	6.2500000000000000e-02
64401	2.1545732569723253e-03	3.1250000000000000e-02
64451	2.1540200575499435e-03	3.1250000000000000e-02
64501	2.1534775488951663e-03	3.1250000000000000e-02
64551	2.1529354458349470e-03	6.2500000000000000e-02
64601	2.1523991345593352e-03	6.2500000000000000e-02
64651	2.1519719607185905e-03	3.1250000000000000e-02
64701	2.1513246983271284e-03	3.1250000000000000e-02
64751	2.1507802718765401e-03	3.1250000000000000e-02
64801	2.1502371335200277e-03	6.2500000000000000e-02
64851	2.1497271935706497e-03	3.1250000000000000e-02
64901	2.1491673302365122e-03	3.1250000000000000e-02
64951	2.1486264643759689e-03	3.1250000000000000e-02
65001	2.1480863200242784e-03	6.2500000000000000e-02
65051	2.1475457633031159e-03	6.2500000000000000e-02
65101	2.1470610338117924e-03	3.1250000000000000e-02
65151	2.1464751200581667e-03	3.1250000000000000e-02
65201	2.1459344067957797e-03	3.1250000000000000e-02
65251	2.1453949193166455e-03	6.2500000000000000e-02
65301	2.1448565511312800e-03	6.2500000000000000e-02
65351	2.1443726673211483e-03	3.1250000000000000e-02
65401	2.1437864871373113e-03	3.1250000000000000e-02
65451	2.1432468708560970e-03	3.1250000000000000e-02
65501	2.1427086840559717e-03	6.2500000000000000e-02
65551	2.1421680015434319e-03	6.2500000000000000e-02
65601	2.1416610103336398e-03	3.1250000000000000e-02
65651	2.1411019487376226e-03	3.1250000000000000e-02
65701	2.1405685997986090e-03	3.1250000000000000e-02
65751	2.1400240483342436e-03	3.1250000000000000e-02
65801	2.1394842710504847e-03	6.2500000000000000e-02
65851	2.1389536398634945e-03	6.2500000000000000e-02
65901	2.1384839006154399e-03	3.1250000000000000e-02
65951	2.1378819858336451e-03	3.1250000000000000e-02
66001	2.1373444101788763e-03	3.1250000000000000e-02
66051	2.1368078856085493e-03	3.1250000000000000e-02
66101	2.1362671933554678e-03	6.2500000000000000e-02
66151	2.1357392974954426e-03	6.2500000000000000e-02
66201	2.1352682285584734e-03	3.1250000000000000e-02
66251	2.1346676008218157e-03	3.1250000000000000e-02
66301	2.1341315892680068e-03	3.1250000000000000e-02
66351	2.1335936110710163e-03	3.1250000000000000e-02
66401	2.1330559532228843e-03	6.2500000000000000e-02
66451	2.1325216668872660e-03	6.2500000000000000e-02
66501	2.1320147191059569e-03	3.1250000000000000e-02
66551	2.1316072836067290e-03	3.1250000000000000e-02
66601	2.1309230451980188e-03	3.1250000000000000e-02
66651	2.1303860434618294e-03	3.1250000000000000e-02
66701	2.1298514298486726e-03	3.1250000000000000e-02
66751	2.1293132809581117e-03	6.2500000000000000e-02
66801	2.1287803498415414e-03	6.2500000000000000e-02
66851	2.1282694110806855e-03	3.1250000000000000e-02
66901	2.1278286572371519e-03	3.1250000000000000e-02
66951	2.1271838130529908e-03	3.1250000000000000e-02
67001	2.1266561099518855e-03	3.1250000000000000e-02
67051	2.1261131039003178e-03	3.1250000000000000e-02
67101	2.1255799390182961e-03	6.2500000000000000e-02
67151	2.1250429616962441e-03	6.2500000000000000e-02
67201	2.1245132053807625e-03	6.2500000000000000e-02
67251	2.1240033587126561e-03	3.1250000000000000e-02
67301	2.1235481753743013e-03	3.1250000000000000e-02
67351	2.1229182974071836e-03	3.1250000000000000e-02
67401	2.1223874162095147e-03	3.1250000000000000e-02
67451	2.1218503200393091e-03	3.1250000000000000e-02
67501	2.1213171929896912e-03	3.1250000000000000e-02
67551	2.1207835241533468e-03	6.2500000000000000e-02
67601	2.1202487458449326e-03	6.2500000000000000e-02
67651	2.1197195163863425e-03	6.2500000000000000e-02
67701	2.1192031352126328e-03	3.1250000000000000e-02
67751	2.1187163910896256e-03	3.1250000000000000e-02
67801	2.1181301386419271e-03	3.1250000000000000e-02
67851	2.1175966093209819e-03	3.1250000000000000e-02
67901	2.1170678561355238e-03	3.1250000000000000e-02
67951	2.1165316373515930e-03	3.1250000000000000e-02
68001	2.1159989973057458e-03	3.1250000000000000e-02
68051	2.1154691523390667e-03	6.2500000000000000e-02
68101	2.1149348322148098e-03	6.2500000000000000e-02
68151	2.1144024610790790e-03	6.2500000000000000e-02
68201	2.1138736694249483e-03	6.2500000000000000e-02
68251	2.1133515213026532e-03	6.2500000000000000e-02
68301	2.1128416455482579e-03	3.1250000000000000e-02
68351	2.1123542119371175e-03	3.1250000000000000e-02
68401	2.1119071436015435e-03	3.1250000000000000e-02
68451	2.1112271574710295e-03	3.1250000000000000e-02
68501	2.1106969989912461e-03	3.1250000000000000e-02
68551	2.1101699522468875e-03	3.1250000000000000e-02
68601	2.1096356590897258e-03	3.1250000000000000e-02
68651	2.1091042829466389e-03	3.1250000000000000e-02
68701	2.1085743775881571e-03	3.1250000000000000e-02
68751	2.1080466351772742e-03	3.1250000000000000e-02
68801	2.1075152685010590e-03	6.2500000000000000e-02
68851	2.1069841882915830e-03	6.2500000000000000e-02
68901	2.1064539855968345e-03	6.2500000000000000e-02
68951	2.1059249337405106e-03	6.2500000000000000e-02
69001	2.1053973942701809e-03	6.2500000000000000e-02
69051	2.1048718297472790e-03	6.2500000000000000e-02
69101	2.1043488208573047e-03	6.2500000000000000e-02
69151	2.1038290560280171e-03	3.1250000000000000e-02
69201	2.1033133422516670e-03	3.1250000000000000e-02
69251	2.1028025652403137e-03	3.1250000000000000e-02
69301	2.1022976439207808e-03	3.1250000000000000e-02
69351	2.1017994836015630e-03	3.1250000000000000e-02
69401	2.1013088836641103e-03	3.1250000000000000e-02
69451	2.1006506985898898e-03	3.1250000000000000e-02
69501	2.1001223197207874e-03	3.1250000000000000e-02
69551	2.0995942942250156e-03	3.1250000000000000e-02
69601	2.0990666118092527e-03	3.1250000000000000e-02
69651	2.0985392546730708e-03	3.1250000000000000e-02
69701	2.0980121960553211e-03	3.1250000000000000e-02
69751	2.0974854010821220e-03	3.1250000000000000e-02
69801	2.0969588290701280e-03	3.1250000000000000e-02
69851	2.0964324344496799e-03	3.1250000000000000e-02
69901	2.0959061705054793e-03	3.1250000000000000e-02
69951	2.0953799913308035e-03	3.1250000000000000e-02
70001	2.0948538581606613e-03	3.1250000000000000e-02
70051	2.0943277409861683e-03	3.1250000000000000e-02
70101	2.0938016205958032e-03	3.1250000000000000e-02
70151	2.0932754914579910e-03	3.1250000000000000e-02
70201	2.0927493614457671e-03	3.1250000000000000e-02
70251	2.0922232522877504e-03	3.1250000000000000e-02
70301	2.0916971970432741e-03	3.1250000000000000e-02
70351	2.0911712359694690e-03	3.1250000000000000e-02
70401	2.0906454143604369e-03	3.1250000000000000e-02
70451	2.0901197795795134e-03	3.1250000000000000e-02
70501	2.0895943757874846e-03	3.1250000000000000e-02
70551	2.0890692422961266e-03	3.1250000000000000e-02
70601	2.0885444125484653e-03	3.1250000000000000e-02
70651	2.0880199107813358e-03	3.1250000000000000e-02
70701	2.0874957526764160e-03	3.1250000000000000e-02
70751	2.0869719461863445e-03	3.1250000000000000e-02
70801	2.0865674487091646e-03	3.1250000000000000e-02
70851	2.0860077850828329e-03	3.1250000000000000e-02
70901	2.0854555123486218e-03	3.1250000000000000e-02
70951	2.0849097914719117e-03	3.1250000000000000e-02
71001	2.0843696963406266e-03	3.1250000000000000e-02
71051	2.0838343057518749e-03	3.1250000000000000e-02
71101	2.0833027472676457e-03	6.2500000000000000e-02
71151	2.0827742392810489e-03	6.2500000000000000e-02
71201	2.0822481176989704e-03	6.2500000000000000e-02
71251	2.0817238315121722e-03	6.2500000000000000e-02
71301	2.0812009439068468e-03	6.2500000000000000e-02
71351	2.0806791173239025e-03	6.2500000000000000e-02
71401	2.0801580995977176e-03	6.2500000000000000e-02
71451	2.0796360755364063e-03	3.1250000000000000e-02
71501	2.0791122002248308e-03	3.1250000000000000e-02
71551	2.0785902624292918e-03	3.1250000000000000e-02
71601	2.0780696407221022e-03	3.1250000000000000e-02
71651	2.0775500791035961e-03	3.1250000000000000e-02
71701	2.0770258234485972e-03	3.1250000000000000e-02
71751	2.0765042884907103e-03	3.1250000000000000e-02
71801	2.0761000780483707e-03	3.1250000000000000e-02
71851	2.0755099969282931e-03	3.1250000000000000e-02
71901	2.0749537101321103e-03	3.1250000000000000e-02
71951	2.0744160497887520e-03	6.2500000000000000e-02
72001	2.0738884923201528e-03	6.2500000000000000e-02
72051	2.0733663622474197e-03	6.2500000000000000e-02
72101	2.0728471445631280e-03	6.2500000000000000e-02
72151	2.0723285608919007e-03	3.1250000000000000e-02
72201	2.0718061719630088e-03	3.1250000000000000e-02
72251	2.0712873615362781e-03	3.1250000000000000e-02
72301	2.0707689372831961e-03	3.1250000000000000e-02
72351	2.0702472860012477e-03	3.1250000000000000e-02
72401	2.0698427976122424e-03	3.1250000000000000e-02
72451	2.0692409257132560e-03	3.1250000000000000e-02
72501	2.0686892813179814e-03	6.2500000000000000e-02
72551	2.0681594264373437e-03	6.2500000000000000e-02
72601	2.0676389204257184e-03	6.2500000000000000e-02
72651	2.0671224290129686e-03	6.2500000000000000e-02
72701	2.0666020416214570e-03	3.1250000000000000e-02
72751	2.0660845841209419e-03	3.1250000000000000e-02
72801	2.0655666092735947e-03	3.1250000000000000e-02
72851	2.0650478186473586e-03	3.1250000000000000e-02
72901	2.0645816177526921e-03	3.1250000000000000e-02
72951	2.0640143081469553e-03	3.1250000000000000e-02
73001	2.0634827778693854e-03	6.2500000000000000e-02
73051	2.0629640963789608e-03	6.2500000000000000e-02
73101	2.0624489207046182e-03	3.1250000000000000e-02
73151	2.0619296610970839e-03	3.1250000000000000e-02
73201	2.0614152860806145e-03	3.1250000000000000e-02
73251	2.0608959284711403e-03	3.1250000000000000e-02
73301	2.0604295153420216e-03	3.1250000000000000e-02
73351	2.0598612874939137e-03	6.2500000000000000e-02
73401	2.0593335274531333e-03	6.2500000000000000e-02
73451	2.0588182385516962e-03	6.2500000000000000e-02
73501	2.0583010136678848e-03	3.1250000000000000e-02
73551	2.0577914405714992e-03	3.1250000000000000e-02
73601	2.0572692637293999e-03	3.1250000000000000e-02
73651	2.0568136466287967e-03	3.1250000000000000e-02
73701	2.0562366203983329e-03	6.2500000000000000e-02
73751	2.0557099241911292e-03	6.2500000000000000e-02
73801	2.0551967829627316e-03	6.2500000000000000e-02
73851	2.0546797139149309e-03	3.1250000000000000e-02
73901	2.0541665740749782e-03	3.1250000000000000e-02
73951	2.0537908119798720e-03	3.1250000000000000e-02
74001	2.0531484891455065e-03	3.1250000000000000e-02
74051	2.0526094295280073e-03	6.2500000000000000e-02
74101	2.0520950255029646e-03	6.2500000000000000e-02
74151	2.0515797165769900e-03	3.1250000000000000e-02
74201	2.0510680423513339e-03	3.1250000000000000e-02
74251	2.0506875315327022e-03	3.1250000000000000e-02
74301	2.0500464721145972e-03	3.1250000000000000e-02
74351	2.0495122221105833e-03	6.2500000000000000e-02
74401	2.0490007290501211e-03	6.2500000000000000e-02
74451	2.0484856512157368e-03	3.1250000000000000e-02
74501	2.0479723399676741e-03	3.1250000000000000e-02
74551	2.0475116225696643e-03	3.1250000000000000e-02
74601	2.0469386469701423e-03	6.2500000000000000e-02
74651	2.0464213809712195e-03	6.2500000000000000e-02
74701	2.0459084593829058e-03	3.1250000000000000e-02
74751	2.0453977703145387e-03	3.1250000000000000e-02
74801	2.0449738587107191e-03	3.1250000000000000e-02
74851	2.0443680306948542e-03	6.2500000000000000e-02
74901	2.0438473001938018e-03	6.2500000000000000e-02
74951	2.0433355403997044e-03	3.1250000000000000e-02
75001	2.0428255607088941e-03	3.1250000000000000e-02
75051	2.0423924752384082e-03	3.1250000000000000e-02
75101	2.0417946912543172e-03	6.2500000000000000e-02
75151	2.0412777890514988e-03	6.2500000000000000e-02
75201	2.0407662366357382e-03	3.1250000000000000e-02
75251	2.0402556096259516e-03	3.1250000000000000e-02
75301	2.0397790546355932e-03	3.1250000000000000e-02
75351	2.0392224805743098e-03	6.2500000000000000e-02
75401	2.0387137468731442e-03	6.2500000000000000e-02
75451	2.0382024539826737e-03	3.1250000000000000e-02
75501	2.0378318942626539e-03	3.1250000000000000e-02
75551	2.0371785257187192e-03	6.2500000000000000e-02
75601	2.0366585331268450e-03	6.2500000000000000e-02
75651	2.0361485987419048e-03	3.1250000000000000e-02
75701	2.0356390915594602e-03	3.1250000000000000e-02
75751	2.0351445442614580e-03	3.1250000000000000e-02
75801	2.0346076670567648e-03	6.2500000000000000e-02
75851	2.0340988790774617e-03	3.1250000000000000e-02
75901	2.0335904259839443e-03	3.1250000000000000e-02
75951	2.0331108365752026e-03	3.1250000000000000e-02
76001	2.0325599461779031e-03	6.2500000000000000e-02
76051	2.0320518523686548e-03	3.1250000000000000e-02
76101	2.0315439482095909e-03	3.1250000000000000e-02
76151	2.0310658126116987e-03	3.1250000000000000e-02
76201	2.0305143080829868e-03	6.2500000000000000e-02
76251	2.0300066254008708e-03	3.1250000000000000e-02
76301	2.0294990691447357e-03	3.1250000000000000e-02
76351	2.0290085069959440e-03	3.1250000000000000e-02
76401	2.0284710223295033e-03	6.2500000000000000e-02
76451	2.0279638889476592e-03	3.1250000000000000e-02
76501	2.0274569224596473e-03	3.1250000000000000e-02
76551	2.0269497531800740e-03	6.2500000000000000e-02
76601	2.0264313642365250e-03	6.2500000000000000e-02
76651	2.0259250966107034e-03	3.1250000000000000e-02
76701	2.0255101630473060e-03	3.1250000000000000e-02
76751	2.0249001477755657e-03	6.2500000000000000e-02
76801	2.0243932574203205e-03	3.1250000000000000e-02
76851	2.0238867026398655e-03	3.1250000000000000e-02
76901	2.0233936435719579e-03	3.1250000000000000e-02
76951	2.0228620775921691e-03	6.2500000000000000e-02
77001	2.0223570421971093e-03	3.1250000000000000e-02
77051	2.0219544712114512e-03	3.1250000000000000e-02
77101	2.0213345324522347e-03	6.2500000000000000e-02
77151	2.0208283521108150e-03	3.1250000000000000e-02
77201	2.0203229568138692e-03	3.1250000000000000e-02
77251	2.0198187748354801e-03	3.1250000000000000e-02
77301	2.0193023062446969e-03	6.2500000000000000e-02
77351	2.0187996364566807e-03	3.1250000000000000e-02
77401	2.0183212530362482e-03	3.1250000000000000e-02
77451	2.0177750485244061e-03	6.2500000000000000e-02
77501	2.0172717807552809e-03	3.1250000000000000e-02
77551	2.0168452858937425e-03	3.1250000000000000e-02
77601	2.0162509081980140e-03	6.2500000000000000e-02
77651	2.0157471168226193e-03	3.1250000000000000e-02
77701	2.0152444889489640e-03	3.1250000000000000e-02
77751	2.0147293464105598e-03	6.2500000000000000e-02
77801	2.0142246761950533e-03	3.1250000000000000e-02
77851	2.0137219068789847e-03	3.1250000000000000e-02
77901	2.0132092653861733e-03	6.2500000000000000e-02
77951	2.0127038312318657e-03	3.1250000000000000e-02
78001	2.0122010904506382e-03	3.1250000000000000e-02
78051	2.0116895589604722e-03	6.2500000000000000e-02
78101	2.0111840884868837e-03	3.1250000000000000e-02
78151	2.0106818468126342e-03	3.1250000000000000e-02
78201	2.0101698579243488e-03	6.2500000000000000e-02
78251	2.0096654329919694e-03	3.1250000000000000e-02
78301	2.0091642630006845e-03	3.1250000000000000e-02
78351	2.0086508044273588e-03	6.2500000000000000e-02
78401	2.0081483388847410e-03	3.1250000000000000e-02
78451	2.0077479435887113e-03	3.1250000000000000e-02
78501	2.0071335804279222e-03	6.2500000000000000e-02
78551	2.0066334320342216e-03	3.1250000000000000e-02
78601	2.0061773685531303e-03	3.1250000000000000e-02
78651	2.0056191490007702e-03	6.2500000000000000e-02
78701	2.0051222136568958e-03	3.1250000000000000e-02
78751	2.0046274402787390e-03	3.1250000000000000e-02
78801	2.0041078532003764e-03	6.2500000000000000e-02
78851	2.0036057480006253e-03	3.1250000000000000e-02
78901	2.0030977232567970e-03	6.2500000000000000e-02
78951	2.0025936648147002e-03	3.1250000000000000e-02
79001	2.0022030610261643e-03	3.1250000000000000e-02
79051	2.0015821701044878e-03	6.2500000000000000e-02
79101	2.0010846789895176e-03	3.1250000000000000e-02
79151	2.0005992286988850e-03	3.1250000000000000e-02
79201	2.0000748401739488e-03	6.2500000000000000e-02
79251	1.9995739502997045e-03	3.1250000000000000e-02
79301	1.9990649854738640e-03	6.2500000000000000e-02
79309	1.9989867080117962e-03	3.1250000000000000e-02
