2.5000000000000001e-02	0.0000000000000000e+00
7.5000000000000011e-02	0.0000000000000000e+00
1.2500000000000000e-01	0.0000000000000000e+00
1.7500000000000002e-01	0.0000000000000000e+00
2.2500000000000001e-01	0.0000000000000000e+00
2.7500000000000002e-01	0.0000000000000000e+00
3.2500000000000001e-01	0.0000000000000000e+00
3.7500000000000000e-01	0.0000000000000000e+00
4.2500000000000004e-01	0.0000000000000000e+00
4.7500000000000003e-01	0.0000000000000000e+00
5.2500000000000002e-01	0.0000000000000000e+00
5.7500000000000007e-01	0.0000000000000000e+00
6.2500000000000000e-01	0.0000000000000000e+00
6.7500000000000004e-01	0.0000000000000000e+00
7.2500000000000009e-01	0.0000000000000000e+00
7.7500000000000002e-01	0.0000000000000000e+00
8.2500000000000007e-01	0.0000000000000000e+00
8.7500000000000000e-01	0.0000000000000000e+00
9.2500000000000004e-01	0.0000000000000000e+00
9.7500000000000009e-01	1.3178251631241904e-02
1.0250000000000001e+00	1.3178251631241904e-02
1.0750000000000000e+00	0.0000000000000000e+00
1.1250000000000000e+00	0.0000000000000000e+00
1.1750000000000000e+00	0.0000000000000000e+00
1.2250000000000001e+00	0.0000000000000000e+00
1.2750000000000001e+00	0.0000000000000000e+00
1.3250000000000002e+00	0.0000000000000000e+00
1.3750000000000000e+00	0.0000000000000000e+00
1.4250000000000000e+00	0.0000000000000000e+00
1.4750000000000001e+00	0.0000000000000000e+00
1.5250000000000001e+00	0.0000000000000000e+00
1.5750000000000002e+00	0.0000000000000000e+00
1.6250000000000000e+00	0.0000000000000000e+00
1.6750000000000000e+00	0.0000000000000000e+00
1.7250000000000001e+00	0.0000000000000000e+00
1.7750000000000001e+00	0.0000000000000000e+00
1.8250000000000002e+00	0.0000000000000000e+00
1.8750000000000000e+00	0.0000000000000000e+00
1.9250000000000000e+00	0.0000000000000000e+00
1.9750000000000001e+00	1.2898213714410498e-02
2.0249999999999999e+00	1.2898213714410498e-02
2.0750000000000002e+00	0.0000000000000000e+00
2.1250000000000000e+00	0.0000000000000000e+00
2.1750000000000003e+00	0.0000000000000000e+00
2.2250000000000001e+00	0.0000000000000000e+00
2.2749999999999999e+00	0.0000000000000000e+00
2.3250000000000002e+00	0.0000000000000000e+00
2.3750000000000000e+00	0.0000000000000000e+00
2.4250000000000003e+00	0.0000000000000000e+00
2.4750000000000001e+00	0.0000000000000000e+00
2.5250000000000004e+00	0.0000000000000000e+00
2.5750000000000002e+00	0.0000000000000000e+00
2.6250000000000000e+00	0.0000000000000000e+00
2.6750000000000003e+00	0.0000000000000000e+00
2.7250000000000001e+00	0.0000000000000000e+00
2.7750000000000004e+00	0.0000000000000000e+00
2.8250000000000002e+00	0.0000000000000000e+00
2.8750000000000000e+00	0.0000000000000000e+00
2.9250000000000003e+00	0.0000000000000000e+00
2.9750000000000001e+00	1.2588876269893643e-02
3.0250000000000004e+00	1.2588876269893643e-02
3.0750000000000002e+00	0.0000000000000000e+00
3.1250000000000000e+00	0.0000000000000000e+00
3.1750000000000003e+00	0.0000000000000000e+00
3.2250000000000001e+00	0.0000000000000000e+00
3.2750000000000004e+00	0.0000000000000000e+00
3.3250000000000002e+00	0.0000000000000000e+00
3.3750000000000000e+00	0.0000000000000000e+00
3.4250000000000003e+00	0.0000000000000000e+00
3.4750000000000001e+00	0.0000000000000000e+00
3.5250000000000004e+00	0.0000000000000000e+00
3.5750000000000002e+00	0.0000000000000000e+00
3.6250000000000000e+00	0.0000000000000000e+00
3.6750000000000003e+00	0.0000000000000000e+00
3.7250000000000001e+00	0.0000000000000000e+00
3.7750000000000004e+00	0.0000000000000000e+00
3.8250000000000002e+00	0.0000000000000000e+00
3.8750000000000000e+00	0.0000000000000000e+00
3.9250000000000003e+00	0.0000000000000000e+00
3.9750000000000001e+00	1.2250484013720385e-02
4.0250000000000004e+00	1.2250484013720385e-02
4.0750000000000002e+00	0.0000000000000000e+00
4.1250000000000000e+00	0.0000000000000000e+00
4.1749999999999998e+00	0.0000000000000000e+00
4.2250000000000005e+00	0.0000000000000000e+00
4.2750000000000004e+00	0.0000000000000000e+00
4.3250000000000002e+00	0.0000000000000000e+00
4.3750000000000000e+00	0.0000000000000000e+00
4.4249999999999998e+00	0.0000000000000000e+00
4.4750000000000005e+00	0.0000000000000000e+00
4.5250000000000004e+00	0.0000000000000000e+00
4.5750000000000002e+00	0.0000000000000000e+00
4.6250000000000000e+00	0.0000000000000000e+00
4.6749999999999998e+00	0.0000000000000000e+00
4.7250000000000005e+00	0.0000000000000000e+00
4.7750000000000004e+00	0.0000000000000000e+00
4.8250000000000002e+00	0.0000000000000000e+00
4.8750000000000000e+00	0.0000000000000000e+00
4.9250000000000007e+00	0.0000000000000000e+00
4.9750000000000005e+00	1.1883392115414879e-02
5.0250000000000004e+00	1.1883392115414879e-02
5.0750000000000002e+00	0.0000000000000000e+00
5.1250000000000000e+00	0.0000000000000000e+00
5.1750000000000007e+00	0.0000000000000000e+00
5.2250000000000005e+00	0.0000000000000000e+00
5.2750000000000004e+00	0.0000000000000000e+00
5.3250000000000002e+00	0.0000000000000000e+00
5.3750000000000000e+00	0.0000000000000000e+00
5.4250000000000007e+00	0.0000000000000000e+00
5.4750000000000005e+00	0.0000000000000000e+00
5.5250000000000004e+00	0.0000000000000000e+00
5.5750000000000002e+00	0.0000000000000000e+00
5.6250000000000000e+00	0.0000000000000000e+00
5.6750000000000007e+00	0.0000000000000000e+00
5.7250000000000005e+00	0.0000000000000000e+00
5.7750000000000004e+00	0.0000000000000000e+00
5.8250000000000002e+00	0.0000000000000000e+00
5.8750000000000000e+00	0.0000000000000000e+00
5.9250000000000007e+00	0.0000000000000000e+00
5.9750000000000005e+00	1.1488066740263009e-02
6.0250000000000004e+00	1.1488066740263009e-02
6.0750000000000002e+00	0.0000000000000000e+00
6.1250000000000000e+00	0.0000000000000000e+00
6.1750000000000007e+00	0.0000000000000000e+00
6.2250000000000005e+00	0.0000000000000000e+00
6.2750000000000004e+00	0.0000000000000000e+00
6.3250000000000002e+00	0.0000000000000000e+00
6.3750000000000000e+00	0.0000000000000000e+00
6.4250000000000007e+00	0.0000000000000000e+00
6.4750000000000005e+00	0.0000000000000000e+00
6.5250000000000004e+00	0.0000000000000000e+00
6.5750000000000002e+00	0.0000000000000000e+00
6.6250000000000000e+00	0.0000000000000000e+00
6.6750000000000007e+00	0.0000000000000000e+00
6.7250000000000005e+00	0.0000000000000000e+00
6.7750000000000004e+00	0.0000000000000000e+00
6.8250000000000002e+00	0.0000000000000000e+00
6.8750000000000000e+00	0.0000000000000000e+00
6.9250000000000007e+00	0.0000000000000000e+00
6.9750000000000005e+00	1.1065084997428976e-02
7.0250000000000004e+00	1.1065084997428976e-02
7.0750000000000002e+00	0.0000000000000000e+00
7.1250000000000000e+00	0.0000000000000000e+00
7.1750000000000007e+00	0.0000000000000000e+00
7.2250000000000005e+00	0.0000000000000000e+00
7.2750000000000004e+00	0.0000000000000000e+00
7.3250000000000002e+00	0.0000000000000000e+00
7.3750000000000000e+00	0.0000000000000000e+00
7.4250000000000007e+00	0.0000000000000000e+00
7.4750000000000005e+00	0.0000000000000000e+00
7.5250000000000004e+00	0.0000000000000000e+00
7.5750000000000002e+00	0.0000000000000000e+00
7.6250000000000000e+00	0.0000000000000000e+00
7.6750000000000007e+00	0.0000000000000000e+00
7.7250000000000005e+00	0.0000000000000000e+00
7.7750000000000004e+00	0.0000000000000000e+00
7.8250000000000002e+00	0.0000000000000000e+00
7.8750000000000000e+00	0.0000000000000000e+00
7.9250000000000007e+00	0.0000000000000000e+00
7.9750000000000005e+00	1.0615134283208094e-02
8.0250000000000004e+00	1.0615134283208094e-02
8.0750000000000011e+00	0.0000000000000000e+00
8.1250000000000000e+00	0.0000000000000000e+00
8.1750000000000007e+00	0.0000000000000000e+00
8.2249999999999996e+00	0.0000000000000000e+00
8.2750000000000004e+00	0.0000000000000000e+00
8.3250000000000011e+00	0.0000000000000000e+00
8.3750000000000000e+00	0.0000000000000000e+00
8.4250000000000007e+00	0.0000000000000000e+00
8.4749999999999996e+00	0.0000000000000000e+00
8.5250000000000004e+00	0.0000000000000000e+00
8.5750000000000011e+00	0.0000000000000000e+00
8.6250000000000000e+00	0.0000000000000000e+00
8.6750000000000007e+00	0.0000000000000000e+00
8.7249999999999996e+00	0.0000000000000000e+00
8.7750000000000004e+00	0.0000000000000000e+00
8.8250000000000011e+00	0.0000000000000000e+00
8.8750000000000000e+00	0.0000000000000000e+00
8.9250000000000007e+00	0.0000000000000000e+00
8.9749999999999996e+00	1.0139011012896090e-02
9.0250000000000004e+00	1.0139011012896090e-02
9.0750000000000011e+00	0.0000000000000000e+00
9.1250000000000000e+00	0.0000000000000000e+00
9.1750000000000007e+00	0.0000000000000000e+00
9.2249999999999996e+00	0.0000000000000000e+00
9.2750000000000004e+00	0.0000000000000000e+00
9.3250000000000011e+00	0.0000000000000000e+00
9.3750000000000000e+00	0.0000000000000000e+00
9.4250000000000007e+00	0.0000000000000000e+00
9.4749999999999996e+00	0.0000000000000000e+00
9.5250000000000004e+00	0.0000000000000000e+00
9.5750000000000011e+00	0.0000000000000000e+00
9.6250000000000000e+00	0.0000000000000000e+00
9.6750000000000007e+00	0.0000000000000000e+00
9.7250000000000014e+00	0.0000000000000000e+00
9.7750000000000004e+00	0.0000000000000000e+00
9.8250000000000011e+00	0.0000000000000000e+00
9.8750000000000000e+00	0.0000000000000000e+00
9.9250000000000007e+00	0.0000000000000000e+00
9.9750000000000014e+00	9.6376187390754681e-03
1.0025000000000000e+01	9.6376187390754681e-03
1.0075000000000001e+01	0.0000000000000000e+00
1.0125000000000000e+01	0.0000000000000000e+00
1.0175000000000001e+01	0.0000000000000000e+00
1.0225000000000001e+01	0.0000000000000000e+00
1.0275000000000000e+01	0.0000000000000000e+00
1.0325000000000001e+01	0.0000000000000000e+00
1.0375000000000000e+01	0.0000000000000000e+00
1.0425000000000001e+01	0.0000000000000000e+00
1.0475000000000001e+01	0.0000000000000000e+00
1.0525000000000000e+01	0.0000000000000000e+00
1.0575000000000001e+01	0.0000000000000000e+00
1.0625000000000000e+01	0.0000000000000000e+00
1.0675000000000001e+01	0.0000000000000000e+00
1.0725000000000001e+01	0.0000000000000000e+00
1.0775000000000000e+01	0.0000000000000000e+00
1.0825000000000001e+01	0.0000000000000000e+00
1.0875000000000000e+01	0.0000000000000000e+00
1.0925000000000001e+01	0.0000000000000000e+00
1.0975000000000001e+01	9.1119656585334080e-03
1.1025000000000000e+01	9.1119656585334080e-03
1.1075000000000001e+01	0.0000000000000000e+00
1.1125000000000000e+01	0.0000000000000000e+00
1.1175000000000001e+01	0.0000000000000000e+00
1.1225000000000001e+01	0.0000000000000000e+00
1.1275000000000000e+01	0.0000000000000000e+00
1.1325000000000001e+01	0.0000000000000000e+00
1.1375000000000000e+01	0.0000000000000000e+00
1.1425000000000001e+01	0.0000000000000000e+00
1.1475000000000001e+01	0.0000000000000000e+00
1.1525000000000000e+01	0.0000000000000000e+00
1.1575000000000001e+01	0.0000000000000000e+00
1.1625000000000000e+01	0.0000000000000000e+00
1.1675000000000001e+01	0.0000000000000000e+00
1.1725000000000001e+01	0.0000000000000000e+00
1.1775000000000000e+01	0.0000000000000000e+00
1.1825000000000001e+01	0.0000000000000000e+00
1.1875000000000000e+01	0.0000000000000000e+00
1.1925000000000001e+01	0.0000000000000000e+00
1.1975000000000001e+01	8.5631615144878548e-03
1.2025000000000000e+01	8.5631615144878548e-03
1.2075000000000001e+01	0.0000000000000000e+00
1.2125000000000000e+01	0.0000000000000000e+00
1.2175000000000001e+01	0.0000000000000000e+00
1.2225000000000001e+01	0.0000000000000000e+00
1.2275000000000000e+01	0.0000000000000000e+00
1.2325000000000001e+01	0.0000000000000000e+00
1.2375000000000000e+01	0.0000000000000000e+00
1.2425000000000001e+01	0.0000000000000000e+00
1.2475000000000001e+01	0.0000000000000000e+00
1.2525000000000000e+01	0.0000000000000000e+00
1.2575000000000001e+01	0.0000000000000000e+00
1.2625000000000000e+01	0.0000000000000000e+00
1.2675000000000001e+01	0.0000000000000000e+00
1.2725000000000001e+01	0.0000000000000000e+00
1.2775000000000000e+01	0.0000000000000000e+00
1.2825000000000001e+01	0.0000000000000000e+00
1.2875000000000000e+01	0.0000000000000000e+00
1.2925000000000001e+01	0.0000000000000000e+00
1.2975000000000001e+01	7.9924139052783005e-03
1.3025000000000000e+01	7.9924139052783005e-03
1.3075000000000001e+01	0.0000000000000000e+00
1.3125000000000000e+01	0.0000000000000000e+00
1.3175000000000001e+01	0.0000000000000000e+00
1.3225000000000001e+01	0.0000000000000000e+00
1.3275000000000000e+01	0.0000000000000000e+00
1.3325000000000001e+01	0.0000000000000000e+00
1.3375000000000000e+01	0.0000000000000000e+00
1.3425000000000001e+01	0.0000000000000000e+00
1.3475000000000001e+01	0.0000000000000000e+00
1.3525000000000000e+01	0.0000000000000000e+00
1.3575000000000001e+01	0.0000000000000000e+00
1.3625000000000000e+01	0.0000000000000000e+00
1.3675000000000001e+01	0.0000000000000000e+00
1.3725000000000001e+01	0.0000000000000000e+00
1.3775000000000000e+01	0.0000000000000000e+00
1.3825000000000001e+01	0.0000000000000000e+00
1.3875000000000000e+01	0.0000000000000000e+00
1.3925000000000001e+01	0.0000000000000000e+00
1.3975000000000001e+01	7.4010240151199946e-03
1.4025000000000000e+01	7.4010240151199946e-03
1.4075000000000001e+01	0.0000000000000000e+00
1.4125000000000000e+01	0.0000000000000000e+00
1.4175000000000001e+01	0.0000000000000000e+00
1.4225000000000001e+01	0.0000000000000000e+00
1.4275000000000000e+01	0.0000000000000000e+00
1.4325000000000001e+01	0.0000000000000000e+00
1.4375000000000000e+01	0.0000000000000000e+00
1.4425000000000001e+01	0.0000000000000000e+00
1.4475000000000001e+01	0.0000000000000000e+00
1.4525000000000000e+01	0.0000000000000000e+00
1.4575000000000001e+01	0.0000000000000000e+00
1.4625000000000000e+01	0.0000000000000000e+00
1.4675000000000001e+01	0.0000000000000000e+00
1.4725000000000001e+01	0.0000000000000000e+00
1.4775000000000000e+01	0.0000000000000000e+00
1.4825000000000001e+01	0.0000000000000000e+00
1.4875000000000000e+01	0.0000000000000000e+00
1.4925000000000001e+01	0.0000000000000000e+00
1.4975000000000001e+01	6.7903817869074679e-03
1.5025000000000000e+01	6.7903817869074679e-03
1.5075000000000001e+01	0.0000000000000000e+00
1.5125000000000000e+01	0.0000000000000000e+00
1.5175000000000001e+01	0.0000000000000000e+00
1.5225000000000001e+01	0.0000000000000000e+00
1.5275000000000000e+01	0.0000000000000000e+00
1.5325000000000001e+01	0.0000000000000000e+00
1.5375000000000000e+01	0.0000000000000000e+00
1.5425000000000001e+01	0.0000000000000000e+00
1.5475000000000001e+01	0.0000000000000000e+00
1.5525000000000000e+01	0.0000000000000000e+00
1.5575000000000001e+01	0.0000000000000000e+00
1.5625000000000000e+01	0.0000000000000000e+00
1.5675000000000001e+01	0.0000000000000000e+00
1.5725000000000001e+01	0.0000000000000000e+00
1.5775000000000000e+01	0.0000000000000000e+00
1.5825000000000001e+01	0.0000000000000000e+00
1.5875000000000000e+01	0.0000000000000000e+00
1.5925000000000001e+01	0.0000000000000000e+00
1.5975000000000001e+01	6.1619605613144057e-03
1.6025000000000002e+01	6.1619605613144057e-03
1.6074999999999999e+01	0.0000000000000000e+00
1.6125000000000000e+01	0.0000000000000000e+00
1.6175000000000001e+01	0.0000000000000000e+00
1.6225000000000001e+01	0.0000000000000000e+00
1.6275000000000002e+01	0.0000000000000000e+00
1.6324999999999999e+01	0.0000000000000000e+00
1.6375000000000000e+01	0.0000000000000000e+00
1.6425000000000001e+01	0.0000000000000000e+00
1.6475000000000001e+01	0.0000000000000000e+00
1.6525000000000002e+01	0.0000000000000000e+00
1.6574999999999999e+01	0.0000000000000000e+00
1.6625000000000000e+01	0.0000000000000000e+00
1.6675000000000001e+01	0.0000000000000000e+00
1.6725000000000001e+01	0.0000000000000000e+00
1.6775000000000002e+01	0.0000000000000000e+00
1.6824999999999999e+01	0.0000000000000000e+00
1.6875000000000000e+01	0.0000000000000000e+00
1.6925000000000001e+01	0.0000000000000000e+00
1.6975000000000001e+01	5.5173112105675604e-03
1.7025000000000002e+01	5.5173112105675604e-03
1.7074999999999999e+01	0.0000000000000000e+00
1.7125000000000000e+01	0.0000000000000000e+00
1.7175000000000001e+01	0.0000000000000000e+00
1.7225000000000001e+01	0.0000000000000000e+00
1.7275000000000002e+01	0.0000000000000000e+00
1.7324999999999999e+01	0.0000000000000000e+00
1.7375000000000000e+01	0.0000000000000000e+00
1.7425000000000001e+01	0.0000000000000000e+00
1.7475000000000001e+01	0.0000000000000000e+00
1.7525000000000002e+01	0.0000000000000000e+00
1.7574999999999999e+01	0.0000000000000000e+00
1.7625000000000000e+01	0.0000000000000000e+00
1.7675000000000001e+01	0.0000000000000000e+00
1.7725000000000001e+01	0.0000000000000000e+00
1.7775000000000002e+01	0.0000000000000000e+00
1.7824999999999999e+01	0.0000000000000000e+00
1.7875000000000000e+01	0.0000000000000000e+00
1.7925000000000001e+01	0.0000000000000000e+00
1.7975000000000001e+01	4.8580557991968198e-03
1.8025000000000002e+01	4.8580557991968198e-03
1.8074999999999999e+01	0.0000000000000000e+00
1.8125000000000000e+01	0.0000000000000000e+00
1.8175000000000001e+01	0.0000000000000000e+00
1.8225000000000001e+01	0.0000000000000000e+00
1.8275000000000002e+01	0.0000000000000000e+00
1.8324999999999999e+01	0.0000000000000000e+00
1.8375000000000000e+01	0.0000000000000000e+00
1.8425000000000001e+01	0.0000000000000000e+00
1.8475000000000001e+01	0.0000000000000000e+00
1.8525000000000002e+01	0.0000000000000000e+00
1.8574999999999999e+01	0.0000000000000000e+00
1.8625000000000000e+01	0.0000000000000000e+00
1.8675000000000001e+01	0.0000000000000000e+00
1.8725000000000001e+01	0.0000000000000000e+00
1.8775000000000002e+01	0.0000000000000000e+00
1.8824999999999999e+01	0.0000000000000000e+00
1.8875000000000000e+01	0.0000000000000000e+00
1.8925000000000001e+01	0.0000000000000000e+00
1.8975000000000001e+01	4.1858808077794851e-03
1.9025000000000002e+01	4.1858808077794851e-03
1.9074999999999999e+01	0.0000000000000000e+00
1.9125000000000000e+01	0.0000000000000000e+00
1.9175000000000001e+01	0.0000000000000000e+00
1.9225000000000001e+01	0.0000000000000000e+00
1.9275000000000002e+01	0.0000000000000000e+00
1.9325000000000003e+01	0.0000000000000000e+00
1.9375000000000000e+01	0.0000000000000000e+00
1.9425000000000001e+01	0.0000000000000000e+00
1.9475000000000001e+01	0.0000000000000000e+00
1.9525000000000002e+01	0.0000000000000000e+00
1.9575000000000003e+01	0.0000000000000000e+00
1.9625000000000000e+01	0.0000000000000000e+00
1.9675000000000001e+01	0.0000000000000000e+00
1.9725000000000001e+01	0.0000000000000000e+00
1.9775000000000002e+01	0.0000000000000000e+00
1.9825000000000003e+01	0.0000000000000000e+00
1.9875000000000000e+01	0.0000000000000000e+00
1.9925000000000001e+01	0.0000000000000000e+00
1.9975000000000001e+01	3.5025299591348036e-03
2.0025000000000002e+01	3.5025299591348036e-03
2.0075000000000003e+01	0.0000000000000000e+00
2.0125000000000000e+01	0.0000000000000000e+00
2.0175000000000001e+01	0.0000000000000000e+00
2.0225000000000001e+01	0.0000000000000000e+00
2.0275000000000002e+01	0.0000000000000000e+00
2.0325000000000003e+01	0.0000000000000000e+00
2.0375000000000000e+01	0.0000000000000000e+00
2.0425000000000001e+01	0.0000000000000000e+00
2.0475000000000001e+01	0.0000000000000000e+00
2.0525000000000002e+01	0.0000000000000000e+00
2.0575000000000003e+01	0.0000000000000000e+00
2.0625000000000000e+01	0.0000000000000000e+00
2.0675000000000001e+01	0.0000000000000000e+00
2.0725000000000001e+01	0.0000000000000000e+00
2.0775000000000002e+01	0.0000000000000000e+00
2.0825000000000003e+01	0.0000000000000000e+00
2.0875000000000000e+01	0.0000000000000000e+00
2.0925000000000001e+01	0.0000000000000000e+00
2.0975000000000001e+01	2.8097966895895554e-03
2.1025000000000002e+01	2.8097966895895554e-03
2.1075000000000003e+01	0.0000000000000000e+00
2.1125000000000000e+01	0.0000000000000000e+00
2.1175000000000001e+01	0.0000000000000000e+00
2.1225000000000001e+01	0.0000000000000000e+00
2.1275000000000002e+01	0.0000000000000000e+00
2.1325000000000003e+01	0.0000000000000000e+00
2.1375000000000000e+01	0.0000000000000000e+00
2.1425000000000001e+01	0.0000000000000000e+00
2.1475000000000001e+01	0.0000000000000000e+00
2.1525000000000002e+01	0.0000000000000000e+00
2.1575000000000003e+01	0.0000000000000000e+00
2.1625000000000000e+01	0.0000000000000000e+00
2.1675000000000001e+01	0.0000000000000000e+00
2.1725000000000001e+01	0.0000000000000000e+00
2.1775000000000002e+01	0.0000000000000000e+00
2.1825000000000003e+01	0.0000000000000000e+00
2.1875000000000000e+01	0.0000000000000000e+00
2.1925000000000001e+01	0.0000000000000000e+00
2.1975000000000001e+01	2.1095163107495152e-03
2.2025000000000002e+01	2.1095163107495152e-03
2.2075000000000003e+01	0.0000000000000000e+00
2.2125000000000000e+01	0.0000000000000000e+00
2.2175000000000001e+01	0.0000000000000000e+00
2.2225000000000001e+01	0.0000000000000000e+00
2.2275000000000002e+01	0.0000000000000000e+00
2.2325000000000003e+01	0.0000000000000000e+00
2.2375000000000000e+01	0.0000000000000000e+00
2.2425000000000001e+01	0.0000000000000000e+00
2.2475000000000001e+01	0.0000000000000000e+00
2.2525000000000002e+01	0.0000000000000000e+00
2.2575000000000003e+01	0.0000000000000000e+00
2.2625000000000000e+01	0.0000000000000000e+00
2.2675000000000001e+01	0.0000000000000000e+00
2.2725000000000001e+01	0.0000000000000000e+00
2.2775000000000002e+01	0.0000000000000000e+00
2.2825000000000003e+01	0.0000000000000000e+00
2.2875000000000000e+01	0.0000000000000000e+00
2.2925000000000001e+01	0.0000000000000000e+00
2.2975000000000001e+01	1.4035579097040338e-03
2.3025000000000002e+01	1.4035579097040338e-03
2.3075000000000003e+01	0.0000000000000000e+00
2.3125000000000000e+01	0.0000000000000000e+00
2.3175000000000001e+01	0.0000000000000000e+00
2.3225000000000001e+01	0.0000000000000000e+00
2.3275000000000002e+01	0.0000000000000000e+00
2.3325000000000003e+01	0.0000000000000000e+00
2.3375000000000000e+01	0.0000000000000000e+00
2.3425000000000001e+01	0.0000000000000000e+00
2.3475000000000001e+01	0.0000000000000000e+00
2.3525000000000002e+01	0.0000000000000000e+00
2.3575000000000003e+01	0.0000000000000000e+00
2.3625000000000000e+01	0.0000000000000000e+00
2.3675000000000001e+01	0.0000000000000000e+00
2.3725000000000001e+01	0.0000000000000000e+00
2.3775000000000002e+01	0.0000000000000000e+00
2.3825000000000003e+01	0.0000000000000000e+00
2.3875000000000000e+01	0.0000000000000000e+00
2.3925000000000001e+01	0.0000000000000000e+00
2.3975000000000001e+01	6.9381603767568179e-04
2.4025000000000002e+01	6.9381603767568179e-04
2.4075000000000003e+01	0.0000000000000000e+00
2.4125000000000000e+01	0.0000000000000000e+00
2.4175000000000001e+01	0.0000000000000000e+00
2.4225000000000001e+01	0.0000000000000000e+00
2.4275000000000002e+01	0.0000000000000000e+00
2.4325000000000003e+01	0.0000000000000000e+00
2.4375000000000000e+01	0.0000000000000000e+00
2.4425000000000001e+01	0.0000000000000000e+00
2.4475000000000001e+01	0.0000000000000000e+00
2.4525000000000002e+01	0.0000000000000000e+00
2.4575000000000003e+01	0.0000000000000000e+00
2.4625000000000000e+01	0.0000000000000000e+00
2.4675000000000001e+01	0.0000000000000000e+00
2.4725000000000001e+01	0.0000000000000000e+00
2.4775000000000002e+01	0.0000000000000000e+00
2.4825000000000003e+01	0.0000000000000000e+00
2.4875000000000000e+01	0.0000000000000000e+00
2.4925000000000001e+01	0.0000000000000000e+00
2.4975000000000001e+01	-1.7797761158788727e-05
2.5025000000000002e+01	-1.7797761158788727e-05
2.5075000000000003e+01	0.0000000000000000e+00
2.5125000000000000e+01	0.0000000000000000e+00
2.5175000000000001e+01	0.0000000000000000e+00
2.5225000000000001e+01	0.0000000000000000e+00
2.5275000000000002e+01	0.0000000000000000e+00
2.5325000000000003e+01	0.0000000000000000e+00
2.5375000000000000e+01	0.0000000000000000e+00
2.5425000000000001e+01	0.0000000000000000e+00
2.5475000000000001e+01	0.0000000000000000e+00
2.5525000000000002e+01	0.0000000000000000e+00
2.5575000000000003e+01	0.0000000000000000e+00
2.5625000000000000e+01	0.0000000000000000e+00
2.5675000000000001e+01	0.0000000000000000e+00
2.5725000000000001e+01	0.0000000000000000e+00
2.5775000000000002e+01	0.0000000000000000e+00
2.5825000000000003e+01	0.0000000000000000e+00
2.5875000000000000e+01	0.0000000000000000e+00
2.5925000000000001e+01	0.0000000000000000e+00
2.5975000000000001e+01	-7.2936352766478363e-04
2.6025000000000002e+01	-7.2936352766478363e-04
2.6075000000000003e+01	0.0000000000000000e+00
2.6125000000000000e+01	0.0000000000000000e+00
2.6175000000000001e+01	0.0000000000000000e+00
2.6225000000000001e+01	0.0000000000000000e+00
2.6275000000000002e+01	0.0000000000000000e+00
2.6325000000000003e+01	0.0000000000000000e+00
2.6375000000000000e+01	0.0000000000000000e+00
2.6425000000000001e+01	0.0000000000000000e+00
2.6475000000000001e+01	0.0000000000000000e+00
2.6525000000000002e+01	0.0000000000000000e+00
2.6575000000000003e+01	0.0000000000000000e+00
2.6625000000000000e+01	0.0000000000000000e+00
2.6675000000000001e+01	0.0000000000000000e+00
2.6725000000000001e+01	0.0000000000000000e+00
2.6775000000000002e+01	0.0000000000000000e+00
2.6825000000000003e+01	0.0000000000000000e+00
2.6875000000000000e+01	0.0000000000000000e+00
2.6925000000000001e+01	0.0000000000000000e+00
2.6975000000000001e+01	-1.4389615186917448e-03
2.7025000000000002e+01	-1.4389615186917448e-03
2.7075000000000003e+01	0.0000000000000000e+00
2.7125000000000000e+01	0.0000000000000000e+00
2.7175000000000001e+01	0.0000000000000000e+00
2.7225000000000001e+01	0.0000000000000000e+00
2.7275000000000002e+01	0.0000000000000000e+00
2.7325000000000003e+01	0.0000000000000000e+00
2.7375000000000000e+01	0.0000000000000000e+00
2.7425000000000001e+01	0.0000000000000000e+00
2.7475000000000001e+01	0.0000000000000000e+00
2.7525000000000002e+01	0.0000000000000000e+00
2.7575000000000003e+01	0.0000000000000000e+00
2.7625000000000000e+01	0.0000000000000000e+00
2.7675000000000001e+01	0.0000000000000000e+00
2.7725000000000001e+01	0.0000000000000000e+00
2.7775000000000002e+01	0.0000000000000000e+00
2.7825000000000003e+01	0.0000000000000000e+00
2.7875000000000000e+01	0.0000000000000000e+00
2.7925000000000001e+01	0.0000000000000000e+00
2.7975000000000001e+01	-2.1446808366532566e-03
2.8025000000000002e+01	-2.1446808366532566e-03
2.8075000000000003e+01	0.0000000000000000e+00
2.8125000000000000e+01	0.0000000000000000e+00
2.8175000000000001e+01	0.0000000000000000e+00
2.8225000000000001e+01	0.0000000000000000e+00
2.8275000000000002e+01	0.0000000000000000e+00
2.8325000000000003e+01	0.0000000000000000e+00
2.8375000000000000e+01	0.0000000000000000e+00
2.8425000000000001e+01	0.0000000000000000e+00
2.8475000000000001e+01	0.0000000000000000e+00
2.8525000000000002e+01	0.0000000000000000e+00
2.8575000000000003e+01	0.0000000000000000e+00
2.8625000000000000e+01	0.0000000000000000e+00
2.8675000000000001e+01	0.0000000000000000e+00
2.8725000000000001e+01	0.0000000000000000e+00
2.8775000000000002e+01	0.0000000000000000e+00
2.8825000000000003e+01	0.0000000000000000e+00
2.8875000000000000e+01	0.0000000000000000e+00
2.8925000000000001e+01	0.0000000000000000e+00
2.8975000000000001e+01	-2.8446280034588323e-03
2.9025000000000002e+01	-2.8446280034588323e-03
2.9075000000000003e+01	0.0000000000000000e+00
2.9125000000000000e+01	0.0000000000000000e+00
2.9175000000000001e+01	0.0000000000000000e+00
2.9225000000000001e+01	0.0000000000000000e+00
2.9275000000000002e+01	0.0000000000000000e+00
2.9325000000000003e+01	0.0000000000000000e+00
2.9375000000000000e+01	0.0000000000000000e+00
2.9425000000000001e+01	0.0000000000000000e+00
2.9475000000000001e+01	0.0000000000000000e+00
2.9525000000000002e+01	0.0000000000000000e+00
2.9575000000000003e+01	0.0000000000000000e+00
2.9625000000000000e+01	0.0000000000000000e+00
2.9675000000000001e+01	0.0000000000000000e+00
2.9725000000000001e+01	0.0000000000000000e+00
2.9775000000000002e+01	0.0000000000000000e+00
2.9825000000000003e+01	0.0000000000000000e+00
2.9875000000000000e+01	0.0000000000000000e+00
2.9925000000000001e+01	0.0000000000000000e+00
2.9975000000000001e+01	-3.5369354249503997e-03
3.0025000000000002e+01	-3.5369354249503997e-03
3.0075000000000003e+01	0.0000000000000000e+00
3.0125000000000000e+01	0.0000000000000000e+00
3.0175000000000001e+01	0.0000000000000000e+00
3.0225000000000001e+01	0.0000000000000000e+00
3.0275000000000002e+01	0.0000000000000000e+00
3.0325000000000003e+01	0.0000000000000000e+00
3.0375000000000000e+01	0.0000000000000000e+00
3.0425000000000001e+01	0.0000000000000000e+00
3.0475000000000001e+01	0.0000000000000000e+00
3.0525000000000002e+01	0.0000000000000000e+00
3.0575000000000003e+01	0.0000000000000000e+00
3.0625000000000000e+01	0.0000000000000000e+00
3.0675000000000001e+01	0.0000000000000000e+00
3.0725000000000001e+01	0.0000000000000000e+00
3.0775000000000002e+01	0.0000000000000000e+00
3.0825000000000003e+01	0.0000000000000000e+00
3.0875000000000000e+01	0.0000000000000000e+00
3.0925000000000001e+01	0.0000000000000000e+00
3.0975000000000001e+01	-4.2197696928900075e-03
3.1025000000000002e+01	-4.2197696928900075e-03
3.1075000000000003e+01	0.0000000000000000e+00
3.1125000000000000e+01	0.0000000000000000e+00
3.1175000000000001e+01	0.0000000000000000e+00
3.1225000000000001e+01	0.0000000000000000e+00
3.1275000000000002e+01	0.0000000000000000e+00
3.1325000000000003e+01	0.0000000000000000e+00
3.1375000000000000e+01	0.0000000000000000e+00
3.1425000000000001e+01	0.0000000000000000e+00
3.1475000000000001e+01	0.0000000000000000e+00
3.1525000000000002e+01	0.0000000000000000e+00
3.1575000000000003e+01	0.0000000000000000e+00
3.1625000000000000e+01	0.0000000000000000e+00
3.1675000000000001e+01	0.0000000000000000e+00
3.1725000000000001e+01	0.0000000000000000e+00
3.1775000000000002e+01	0.0000000000000000e+00
3.1825000000000003e+01	0.0000000000000000e+00
3.1875000000000000e+01	0.0000000000000000e+00
3.1925000000000001e+01	0.0000000000000000e+00
3.1975000000000001e+01	-4.8913396728512970e-03
3.2024999999999999e+01	-4.8913396728512970e-03
3.2075000000000003e+01	0.0000000000000000e+00
3.2125000000000000e+01	0.0000000000000000e+00
3.2175000000000004e+01	0.0000000000000000e+00
3.2225000000000001e+01	0.0000000000000000e+00
3.2274999999999999e+01	0.0000000000000000e+00
3.2325000000000003e+01	0.0000000000000000e+00
3.2375000000000000e+01	0.0000000000000000e+00
3.2425000000000004e+01	0.0000000000000000e+00
3.2475000000000001e+01	0.0000000000000000e+00
3.2524999999999999e+01	0.0000000000000000e+00
3.2575000000000003e+01	0.0000000000000000e+00
3.2625000000000000e+01	0.0000000000000000e+00
3.2675000000000004e+01	0.0000000000000000e+00
3.2725000000000001e+01	0.0000000000000000e+00
3.2774999999999999e+01	0.0000000000000000e+00
3.2825000000000003e+01	0.0000000000000000e+00
3.2875000000000000e+01	0.0000000000000000e+00
3.2925000000000004e+01	0.0000000000000000e+00
3.2975000000000001e+01	-5.5499043280897720e-03
3.3024999999999999e+01	-5.5499043280897720e-03
3.3075000000000003e+01	0.0000000000000000e+00
3.3125000000000000e+01	0.0000000000000000e+00
3.3175000000000004e+01	0.0000000000000000e+00
3.3225000000000001e+01	0.0000000000000000e+00
3.3274999999999999e+01	0.0000000000000000e+00
3.3325000000000003e+01	0.0000000000000000e+00
3.3375000000000000e+01	0.0000000000000000e+00
3.3425000000000004e+01	0.0000000000000000e+00
3.3475000000000001e+01	0.0000000000000000e+00
3.3524999999999999e+01	0.0000000000000000e+00
3.3575000000000003e+01	0.0000000000000000e+00
3.3625000000000000e+01	0.0000000000000000e+00
3.3675000000000004e+01	0.0000000000000000e+00
3.3725000000000001e+01	0.0000000000000000e+00
3.3774999999999999e+01	0.0000000000000000e+00
3.3825000000000003e+01	0.0000000000000000e+00
3.3875000000000000e+01	0.0000000000000000e+00
3.3925000000000004e+01	0.0000000000000000e+00
3.3975000000000001e+01	-6.1937802315901189e-03
3.4024999999999999e+01	-6.1937802315901189e-03
3.4075000000000003e+01	0.0000000000000000e+00
3.4125000000000000e+01	0.0000000000000000e+00
3.4175000000000004e+01	0.0000000000000000e+00
3.4225000000000001e+01	0.0000000000000000e+00
3.4274999999999999e+01	0.0000000000000000e+00
3.4325000000000003e+01	0.0000000000000000e+00
3.4375000000000000e+01	0.0000000000000000e+00
3.4425000000000004e+01	0.0000000000000000e+00
3.4475000000000001e+01	0.0000000000000000e+00
3.4524999999999999e+01	0.0000000000000000e+00
3.4575000000000003e+01	0.0000000000000000e+00
3.4625000000000000e+01	0.0000000000000000e+00
3.4675000000000004e+01	0.0000000000000000e+00
3.4725000000000001e+01	0.0000000000000000e+00
3.4774999999999999e+01	0.0000000000000000e+00
3.4825000000000003e+01	0.0000000000000000e+00
3.4875000000000000e+01	0.0000000000000000e+00
3.4925000000000004e+01	0.0000000000000000e+00
3.4975000000000001e+01	-6.8213487209794208e-03
3.5024999999999999e+01	-6.8213487209794208e-03
3.5075000000000003e+01	0.0000000000000000e+00
3.5125000000000000e+01	0.0000000000000000e+00
3.5175000000000004e+01	0.0000000000000000e+00
3.5225000000000001e+01	0.0000000000000000e+00
3.5274999999999999e+01	0.0000000000000000e+00
3.5325000000000003e+01	0.0000000000000000e+00
3.5375000000000000e+01	0.0000000000000000e+00
3.5425000000000004e+01	0.0000000000000000e+00
3.5475000000000001e+01	0.0000000000000000e+00
3.5524999999999999e+01	0.0000000000000000e+00
3.5575000000000003e+01	0.0000000000000000e+00
3.5625000000000000e+01	0.0000000000000000e+00
3.5675000000000004e+01	0.0000000000000000e+00
3.5725000000000001e+01	0.0000000000000000e+00
3.5774999999999999e+01	0.0000000000000000e+00
3.5825000000000003e+01	0.0000000000000000e+00
3.5875000000000000e+01	0.0000000000000000e+00
3.5925000000000004e+01	0.0000000000000000e+00
3.5975000000000001e+01	-7.4310626538436628e-03
3.6024999999999999e+01	-7.4310626538436628e-03
3.6075000000000003e+01	0.0000000000000000e+00
3.6125000000000000e+01	0.0000000000000000e+00
3.6175000000000004e+01	0.0000000000000000e+00
3.6225000000000001e+01	0.0000000000000000e+00
3.6274999999999999e+01	0.0000000000000000e+00
3.6325000000000003e+01	0.0000000000000000e+00
3.6375000000000000e+01	0.0000000000000000e+00
3.6425000000000004e+01	0.0000000000000000e+00
3.6475000000000001e+01	0.0000000000000000e+00
3.6524999999999999e+01	0.0000000000000000e+00
3.6575000000000003e+01	0.0000000000000000e+00
3.6625000000000000e+01	0.0000000000000000e+00
3.6675000000000004e+01	0.0000000000000000e+00
3.6725000000000001e+01	0.0000000000000000e+00
3.6774999999999999e+01	0.0000000000000000e+00
3.6825000000000003e+01	0.0000000000000000e+00
3.6875000000000000e+01	0.0000000000000000e+00
3.6925000000000004e+01	0.0000000000000000e+00
3.6975000000000001e+01	-8.0214527241506683e-03
3.7024999999999999e+01	-8.0214527241506683e-03
3.7075000000000003e+01	0.0000000000000000e+00
3.7125000000000000e+01	0.0000000000000000e+00
3.7175000000000004e+01	0.0000000000000000e+00
3.7225000000000001e+01	0.0000000000000000e+00
3.7274999999999999e+01	0.0000000000000000e+00
3.7325000000000003e+01	0.0000000000000000e+00
3.7375000000000000e+01	0.0000000000000000e+00
3.7425000000000004e+01	0.0000000000000000e+00
3.7475000000000001e+01	0.0000000000000000e+00
3.7524999999999999e+01	0.0000000000000000e+00
3.7575000000000003e+01	0.0000000000000000e+00
3.7625000000000000e+01	0.0000000000000000e+00
3.7675000000000004e+01	0.0000000000000000e+00
3.7725000000000001e+01	0.0000000000000000e+00
3.7774999999999999e+01	0.0000000000000000e+00
3.7825000000000003e+01	0.0000000000000000e+00
3.7875000000000000e+01	0.0000000000000000e+00
3.7925000000000004e+01	0.0000000000000000e+00
3.7975000000000001e+01	-8.5911333039474236e-03
3.8024999999999999e+01	-8.5911333039474236e-03
3.8075000000000003e+01	0.0000000000000000e+00
3.8125000000000000e+01	0.0000000000000000e+00
3.8175000000000004e+01	0.0000000000000000e+00
3.8225000000000001e+01	0.0000000000000000e+00
3.8274999999999999e+01	0.0000000000000000e+00
3.8325000000000003e+01	0.0000000000000000e+00
3.8375000000000000e+01	0.0000000000000000e+00
3.8425000000000004e+01	0.0000000000000000e+00
3.8475000000000001e+01	0.0000000000000000e+00
3.8525000000000006e+01	0.0000000000000000e+00
3.8575000000000003e+01	0.0000000000000000e+00
3.8625000000000000e+01	0.0000000000000000e+00
3.8675000000000004e+01	0.0000000000000000e+00
3.8725000000000001e+01	0.0000000000000000e+00
3.8775000000000006e+01	0.0000000000000000e+00
3.8825000000000003e+01	0.0000000000000000e+00
3.8875000000000000e+01	0.0000000000000000e+00
3.8925000000000004e+01	0.0000000000000000e+00
3.8975000000000001e+01	-9.1388077782125071e-03
3.9025000000000006e+01	-9.1388077782125071e-03
3.9075000000000003e+01	0.0000000000000000e+00
3.9125000000000000e+01	0.0000000000000000e+00
3.9175000000000004e+01	0.0000000000000000e+00
3.9225000000000001e+01	0.0000000000000000e+00
3.9275000000000006e+01	0.0000000000000000e+00
3.9325000000000003e+01	0.0000000000000000e+00
3.9375000000000000e+01	0.0000000000000000e+00
3.9425000000000004e+01	0.0000000000000000e+00
3.9475000000000001e+01	0.0000000000000000e+00
3.9525000000000006e+01	0.0000000000000000e+00
3.9575000000000003e+01	0.0000000000000000e+00
3.9625000000000000e+01	0.0000000000000000e+00
3.9675000000000004e+01	0.0000000000000000e+00
3.9725000000000001e+01	0.0000000000000000e+00
3.9775000000000006e+01	0.0000000000000000e+00
3.9825000000000003e+01	0.0000000000000000e+00
3.9875000000000000e+01	0.0000000000000000e+00
3.9925000000000004e+01	0.0000000000000000e+00
3.9975000000000001e+01	-9.6632733446987140e-03
4.0025000000000006e+01	-9.6632733446987140e-03
4.0075000000000003e+01	0.0000000000000000e+00
4.0125000000000000e+01	0.0000000000000000e+00
4.0175000000000004e+01	0.0000000000000000e+00
4.0225000000000001e+01	0.0000000000000000e+00
4.0275000000000006e+01	0.0000000000000000e+00
4.0325000000000003e+01	0.0000000000000000e+00
4.0375000000000000e+01	0.0000000000000000e+00
4.0425000000000004e+01	0.0000000000000000e+00
4.0475000000000001e+01	0.0000000000000000e+00
4.0525000000000006e+01	0.0000000000000000e+00
4.0575000000000003e+01	0.0000000000000000e+00
4.0625000000000000e+01	0.0000000000000000e+00
4.0675000000000004e+01	0.0000000000000000e+00
4.0725000000000001e+01	0.0000000000000000e+00
4.0775000000000006e+01	0.0000000000000000e+00
4.0825000000000003e+01	0.0000000000000000e+00
4.0875000000000000e+01	0.0000000000000000e+00
4.0925000000000004e+01	0.0000000000000000e+00
4.0975000000000001e+01	-1.0163425254718653e-02
4.1025000000000006e+01	-1.0163425254718653e-02
4.1075000000000003e+01	0.0000000000000000e+00
4.1125000000000000e+01	0.0000000000000000e+00
4.1175000000000004e+01	0.0000000000000000e+00
4.1225000000000001e+01	0.0000000000000000e+00
4.1275000000000006e+01	0.0000000000000000e+00
4.1325000000000003e+01	0.0000000000000000e+00
4.1375000000000000e+01	0.0000000000000000e+00
4.1425000000000004e+01	0.0000000000000000e+00
4.1475000000000001e+01	0.0000000000000000e+00
4.1525000000000006e+01	0.0000000000000000e+00
4.1575000000000003e+01	0.0000000000000000e+00
4.1625000000000000e+01	0.0000000000000000e+00
4.1675000000000004e+01	0.0000000000000000e+00
4.1725000000000001e+01	0.0000000000000000e+00
4.1775000000000006e+01	0.0000000000000000e+00
4.1825000000000003e+01	0.0000000000000000e+00
4.1875000000000000e+01	0.0000000000000000e+00
4.1925000000000004e+01	0.0000000000000000e+00
4.1975000000000001e+01	-1.0638260475112111e-02
4.2025000000000006e+01	-1.0638260475112111e-02
4.2075000000000003e+01	0.0000000000000000e+00
4.2125000000000000e+01	0.0000000000000000e+00
4.2175000000000004e+01	0.0000000000000000e+00
4.2225000000000001e+01	0.0000000000000000e+00
4.2275000000000006e+01	0.0000000000000000e+00
4.2325000000000003e+01	0.0000000000000000e+00
4.2375000000000000e+01	0.0000000000000000e+00
4.2425000000000004e+01	0.0000000000000000e+00
4.2475000000000001e+01	0.0000000000000000e+00
4.2525000000000006e+01	0.0000000000000000e+00
4.2575000000000003e+01	0.0000000000000000e+00
4.2625000000000000e+01	0.0000000000000000e+00
4.2675000000000004e+01	0.0000000000000000e+00
4.2725000000000001e+01	0.0000000000000000e+00
4.2775000000000006e+01	0.0000000000000000e+00
4.2825000000000003e+01	0.0000000000000000e+00
4.2875000000000000e+01	0.0000000000000000e+00
4.2925000000000004e+01	0.0000000000000000e+00
4.2975000000000001e+01	-1.1086880756012607e-02
4.3025000000000006e+01	-1.1086880756012607e-02
4.3075000000000003e+01	0.0000000000000000e+00
4.3125000000000000e+01	0.0000000000000000e+00
4.3175000000000004e+01	0.0000000000000000e+00
4.3225000000000001e+01	0.0000000000000000e+00
4.3275000000000006e+01	0.0000000000000000e+00
4.3325000000000003e+01	0.0000000000000000e+00
4.3375000000000000e+01	0.0000000000000000e+00
4.3425000000000004e+01	0.0000000000000000e+00
4.3475000000000001e+01	0.0000000000000000e+00
4.3525000000000006e+01	0.0000000000000000e+00
4.3575000000000003e+01	0.0000000000000000e+00
4.3625000000000000e+01	0.0000000000000000e+00
4.3675000000000004e+01	0.0000000000000000e+00
4.3725000000000001e+01	0.0000000000000000e+00
4.3775000000000006e+01	0.0000000000000000e+00
4.3825000000000003e+01	0.0000000000000000e+00
4.3875000000000000e+01	0.0000000000000000e+00
4.3925000000000004e+01	0.0000000000000000e+00
4.3975000000000001e+01	-1.1508495093482701e-02
4.4025000000000006e+01	-1.1508495093482701e-02
4.4075000000000003e+01	0.0000000000000000e+00
4.4125000000000000e+01	0.0000000000000000e+00
4.4175000000000004e+01	0.0000000000000000e+00
4.4225000000000001e+01	0.0000000000000000e+00
4.4275000000000006e+01	0.0000000000000000e+00
4.4325000000000003e+01	0.0000000000000000e+00
4.4375000000000000e+01	0.0000000000000000e+00
4.4425000000000004e+01	0.0000000000000000e+00
4.4475000000000001e+01	0.0000000000000000e+00
4.4525000000000006e+01	0.0000000000000000e+00
4.4575000000000003e+01	0.0000000000000000e+00
4.4625000000000000e+01	0.0000000000000000e+00
4.4675000000000004e+01	0.0000000000000000e+00
4.4725000000000001e+01	0.0000000000000000e+00
4.4775000000000006e+01	0.0000000000000000e+00
4.4825000000000003e+01	0.0000000000000000e+00
4.4875000000000000e+01	0.0000000000000000e+00
4.4925000000000004e+01	0.0000000000000000e+00
4.4975000000000001e+01	-1.1902421580563392e-02
4.5025000000000006e+01	-1.1902421580563392e-02
4.5075000000000003e+01	0.0000000000000000e+00
4.5125000000000000e+01	0.0000000000000000e+00
4.5175000000000004e+01	0.0000000000000000e+00
4.5225000000000001e+01	0.0000000000000000e+00
4.5275000000000006e+01	0.0000000000000000e+00
4.5325000000000003e+01	0.0000000000000000e+00
4.5375000000000000e+01	0.0000000000000000e+00
4.5425000000000004e+01	0.0000000000000000e+00
4.5475000000000001e+01	0.0000000000000000e+00
4.5525000000000006e+01	0.0000000000000000e+00
4.5575000000000003e+01	0.0000000000000000e+00
4.5625000000000000e+01	0.0000000000000000e+00
4.5675000000000004e+01	0.0000000000000000e+00
4.5725000000000001e+01	0.0000000000000000e+00
4.5775000000000006e+01	0.0000000000000000e+00
4.5825000000000003e+01	0.0000000000000000e+00
4.5875000000000000e+01	0.0000000000000000e+00
4.5925000000000004e+01	0.0000000000000000e+00
4.5975000000000001e+01	-1.2268088644748307e-02
4.6025000000000006e+01	-1.2268088644748307e-02
4.6075000000000003e+01	0.0000000000000000e+00
4.6125000000000000e+01	0.0000000000000000e+00
4.6175000000000004e+01	0.0000000000000000e+00
4.6225000000000001e+01	0.0000000000000000e+00
4.6275000000000006e+01	0.0000000000000000e+00
4.6325000000000003e+01	0.0000000000000000e+00
4.6375000000000000e+01	0.0000000000000000e+00
4.6425000000000004e+01	0.0000000000000000e+00
4.6475000000000001e+01	0.0000000000000000e+00
4.6525000000000006e+01	0.0000000000000000e+00
4.6575000000000003e+01	0.0000000000000000e+00
4.6625000000000000e+01	0.0000000000000000e+00
4.6675000000000004e+01	0.0000000000000000e+00
4.6725000000000001e+01	0.0000000000000000e+00
4.6775000000000006e+01	0.0000000000000000e+00
4.6825000000000003e+01	0.0000000000000000e+00
4.6875000000000000e+01	0.0000000000000000e+00
4.6925000000000004e+01	0.0000000000000000e+00
4.6975000000000001e+01	-1.2605035674296737e-02
4.7025000000000006e+01	-1.2605035674296737e-02
4.7075000000000003e+01	0.0000000000000000e+00
4.7125000000000000e+01	0.0000000000000000e+00
4.7175000000000004e+01	0.0000000000000000e+00
4.7225000000000001e+01	0.0000000000000000e+00
4.7275000000000006e+01	0.0000000000000000e+00
4.7325000000000003e+01	0.0000000000000000e+00
4.7375000000000000e+01	0.0000000000000000e+00
4.7425000000000004e+01	0.0000000000000000e+00
4.7475000000000001e+01	0.0000000000000000e+00
4.7525000000000006e+01	0.0000000000000000e+00
4.7575000000000003e+01	0.0000000000000000e+00
4.7625000000000000e+01	0.0000000000000000e+00
4.7675000000000004e+01	0.0000000000000000e+00
4.7725000000000001e+01	0.0000000000000000e+00
4.7775000000000006e+01	0.0000000000000000e+00
4.7825000000000003e+01	0.0000000000000000e+00
4.7875000000000000e+01	0.0000000000000000e+00
4.7925000000000004e+01	0.0000000000000000e+00
4.7975000000000001e+01	-1.2912913040120386e-02
4.8025000000000006e+01	-1.2912913040120386e-02
4.8075000000000003e+01	0.0000000000000000e+00
4.8125000000000000e+01	0.0000000000000000e+00
4.8175000000000004e+01	0.0000000000000000e+00
4.8225000000000001e+01	0.0000000000000000e+00
4.8275000000000006e+01	0.0000000000000000e+00
4.8325000000000003e+01	0.0000000000000000e+00
4.8375000000000000e+01	0.0000000000000000e+00
4.8425000000000004e+01	0.0000000000000000e+00
4.8475000000000001e+01	0.0000000000000000e+00
4.8525000000000006e+01	0.0000000000000000e+00
4.8575000000000003e+01	0.0000000000000000e+00
4.8625000000000000e+01	0.0000000000000000e+00
4.8675000000000004e+01	0.0000000000000000e+00
4.8725000000000001e+01	0.0000000000000000e+00
4.8775000000000006e+01	0.0000000000000000e+00
4.8825000000000003e+01	0.0000000000000000e+00
4.8875000000000000e+01	0.0000000000000000e+00
4.8925000000000004e+01	0.0000000000000000e+00
4.8975000000000001e+01	-1.3191481524164926e-02
4.9025000000000006e+01	-1.3191481524164926e-02
4.9075000000000003e+01	0.0000000000000000e+00
4.9125000000000000e+01	0.0000000000000000e+00
4.9175000000000004e+01	0.0000000000000000e+00
4.9225000000000001e+01	0.0000000000000000e+00
4.9275000000000006e+01	0.0000000000000000e+00
4.9325000000000003e+01	0.0000000000000000e+00
4.9375000000000000e+01	0.0000000000000000e+00
4.9425000000000004e+01	0.0000000000000000e+00
4.9475000000000001e+01	0.0000000000000000e+00
4.9525000000000006e+01	0.0000000000000000e+00
4.9575000000000003e+01	0.0000000000000000e+00
4.9625000000000000e+01	0.0000000000000000e+00
4.9675000000000004e+01	0.0000000000000000e+00
4.9725000000000001e+01	0.0000000000000000e+00
4.9775000000000006e+01	0.0000000000000000e+00
4.9825000000000003e+01	0.0000000000000000e+00
4.9875000000000000e+01	0.0000000000000000e+00
4.9925000000000004e+01	0.0000000000000000e+00
4.9975000000000001e+01	0.0000000000000000e+00
