2.5000000000000001e-02	1.3436107054268281e-03
7.5000000000000011e-02	1.5241702349524998e-03
1.2500000000000000e-01	1.7129136062721936e-03
1.7500000000000002e-01	1.9097868498806419e-03
2.2500000000000001e-01	2.1147359962725787e-03
2.7500000000000002e-01	2.3277070759427365e-03
3.2500000000000001e-01	2.5486461193858496e-03
3.7500000000000000e-01	2.7774991570966505e-03
4.2500000000000004e-01	3.0142122195698728e-03
4.7500000000000003e-01	3.2587313373002493e-03
5.2500000000000002e-01	3.5110025407825130e-03
5.7500000000000007e-01	3.7941440745556283e-03
6.2500000000000000e-01	4.0845813007235679e-03
6.7500000000000004e-01	4.3819117954345356e-03
7.2500000000000009e-01	4.6857331348367347e-03
7.7500000000000002e-01	4.9956428950783671e-03
8.2500000000000007e-01	5.3112386523076387e-03
8.7500000000000000e-01	5.6321179826727512e-03
9.2500000000000004e-01	5.9578784623219097e-03
9.7500000000000009e-01	6.2881176674033160e-03
1.0250000000000001e+00	6.6224331740651734e-03
1.0750000000000000e+00	6.9604225584556870e-03
1.1250000000000000e+00	7.3016833967230604e-03
1.1750000000000000e+00	7.6458132650154935e-03
1.2250000000000001e+00	7.9924097394811940e-03
1.2750000000000001e+00	8.3410703962683626e-03
1.3250000000000002e+00	8.6913928115252056e-03
1.3750000000000000e+00	9.0429745613999236e-03
1.4250000000000000e+00	9.3954132220407209e-03
1.4750000000000001e+00	9.7483063695958001e-03
1.5250000000000001e+00	1.0101251580213367e-02
1.5750000000000002e+00	1.0427207497636530e-02
1.6250000000000000e+00	1.0752811215868286e-02
1.6750000000000000e+00	1.1078060896506538e-02
1.7250000000000001e+00	1.1402954701149196e-02
1.7750000000000001e+00	1.1727490791394157e-02
1.8250000000000002e+00	1.2051667328839329e-02
1.8750000000000000e+00	1.2375482475082617e-02
1.9250000000000000e+00	1.2698934391721923e-02
1.9750000000000001e+00	1.3022021240355152e-02
2.0249999999999999e+00	1.3344741182580208e-02
2.0750000000000002e+00	1.3667092379994993e-02
2.1250000000000000e+00	1.3989072994197417e-02
2.1750000000000003e+00	1.4310681186785378e-02
2.2250000000000001e+00	1.4631915119356782e-02
2.2749999999999999e+00	1.4952772953509533e-02
2.3250000000000002e+00	1.5273252850841535e-02
2.3750000000000000e+00	1.5593352972950697e-02
2.4250000000000003e+00	1.5913071481434914e-02
2.4750000000000001e+00	1.6232406537892100e-02
2.5250000000000004e+00	1.6551356303920149e-02
2.5750000000000002e+00	1.6869917838990091e-02
2.6250000000000000e+00	1.7188090423400051e-02
2.6750000000000003e+00	1.7505872235321265e-02
2.7250000000000001e+00	1.7823261452924968e-02
2.7750000000000004e+00	1.8140256254382408e-02
2.8250000000000002e+00	1.8456854817864826e-02
2.8750000000000000e+00	1.8773055321543455e-02
2.9250000000000003e+00	1.9088855943589542e-02
2.9750000000000001e+00	1.9404254862174328e-02
3.0250000000000004e+00	1.9719250255469049e-02
3.0750000000000002e+00	2.0033840301644953e-02
3.1250000000000000e+00	2.0348023178873277e-02
3.1750000000000003e+00	2.0661797065325258e-02
3.2250000000000001e+00	2.0975160139172139e-02
3.2750000000000004e+00	2.1288110578585161e-02
3.3250000000000002e+00	2.1600646561735569e-02
3.3750000000000000e+00	2.1912766266794600e-02
3.4250000000000003e+00	2.2224467871933485e-02
3.4750000000000001e+00	2.2535749555323482e-02
3.5250000000000004e+00	2.2846609495135822e-02
3.5750000000000002e+00	2.3157044302875112e-02
3.6250000000000000e+00	2.3467053746938128e-02
3.6750000000000003e+00	2.3776636029055005e-02
3.7250000000000001e+00	2.4085789350955879e-02
3.7750000000000004e+00	2.4394511914370885e-02
3.8250000000000002e+00	2.4702801921030165e-02
3.8750000000000000e+00	2.5010657572663852e-02
3.9250000000000003e+00	2.5318077071002087e-02
3.9750000000000001e+00	2.5625058617775004e-02
4.0250000000000004e+00	2.5931600414712742e-02
4.0750000000000002e+00	2.6237700663545444e-02
4.1250000000000000e+00	2.6543357566003241e-02
4.1749999999999998e+00	2.6848569323816268e-02
4.2250000000000005e+00	2.7153334138714669e-02
4.2750000000000004e+00	2.7457650212428575e-02
4.3250000000000002e+00	2.7761515746688128e-02
4.3750000000000000e+00	2.8064928943223464e-02
4.4249999999999998e+00	2.8367888003764719e-02
4.4750000000000005e+00	2.8670391130042036e-02
4.5250000000000004e+00	2.8972436523785543e-02
4.5750000000000002e+00	2.9274020355301422e-02
4.6250000000000000e+00	2.9575142888291502e-02
4.6749999999999998e+00	2.9875802355033641e-02
4.7250000000000005e+00	3.0175996987805719e-02
4.7750000000000004e+00	3.0475725018885583e-02
4.8250000000000002e+00	3.0774984680551114e-02
4.8750000000000000e+00	3.1073774205080180e-02
4.9250000000000007e+00	3.1372091824750634e-02
4.9750000000000005e+00	3.1669935771840352e-02
5.0250000000000004e+00	3.1967304278627200e-02
5.0750000000000002e+00	3.2264195577389042e-02
5.1250000000000000e+00	3.2560607900403736e-02
5.1750000000000007e+00	3.2856539479949168e-02
5.2250000000000005e+00	3.3151988548303174e-02
5.2750000000000004e+00	3.3446953337743654e-02
5.3250000000000002e+00	3.3741432080548459e-02
5.3750000000000000e+00	3.4035423008995445e-02
5.4250000000000007e+00	3.4328924355362493e-02
5.4750000000000005e+00	3.4621934351927459e-02
5.5250000000000004e+00	3.4914451230968216e-02
5.5750000000000002e+00	3.5206470730940076e-02
5.6250000000000000e+00	3.5497993615444548e-02
5.6750000000000007e+00	3.5789018154260589e-02
5.7250000000000005e+00	3.6079542617167157e-02
5.7750000000000004e+00	3.6369565273943208e-02
5.8250000000000002e+00	3.6659084394367700e-02
5.8750000000000000e+00	3.6948098248219596e-02
5.9250000000000007e+00	3.7236605105277834e-02
5.9750000000000005e+00	3.7524603235321391e-02
6.0250000000000004e+00	3.7812090908129217e-02
6.0750000000000002e+00	3.8099066393480263e-02
6.1250000000000000e+00	3.8385527961153500e-02
6.1750000000000007e+00	3.8671473880927877e-02
6.2250000000000005e+00	3.8956902422582346e-02
6.2750000000000004e+00	3.9241811855895870e-02
6.3250000000000002e+00	3.9526200450647413e-02
6.3750000000000000e+00	3.9810066476615918e-02
6.4250000000000007e+00	4.0093408203580358e-02
6.4750000000000005e+00	4.0376223901319674e-02
6.5250000000000004e+00	4.0658511839612825e-02
6.5750000000000002e+00	4.0940267336944967e-02
6.6250000000000000e+00	4.1221491658769226e-02
6.6750000000000007e+00	4.1502183119244904e-02
6.7250000000000005e+00	4.1782340032531333e-02
6.7750000000000004e+00	4.2061960712787810e-02
6.8250000000000002e+00	4.2341043474173667e-02
6.8750000000000000e+00	4.2619586630848208e-02
6.9250000000000007e+00	4.2897588496970770e-02
6.9750000000000005e+00	4.3175047386700638e-02
7.0250000000000004e+00	4.3451961614197135e-02
7.0750000000000002e+00	4.3728329493619586e-02
7.1250000000000000e+00	4.4004149339127302e-02
7.1750000000000007e+00	4.4279419464879594e-02
7.2250000000000005e+00	4.4554138185035785e-02
7.2750000000000004e+00	4.4828303813755181e-02
7.3250000000000002e+00	4.5101914665197113e-02
7.3750000000000000e+00	4.5374969053520876e-02
7.4250000000000007e+00	4.5647465292885790e-02
7.4750000000000005e+00	4.5919401697451186e-02
7.5250000000000004e+00	4.6190776581376360e-02
7.5750000000000002e+00	4.6461584857523233e-02
7.6250000000000000e+00	4.6731828292495850e-02
7.6750000000000007e+00	4.7001505251600857e-02
7.7250000000000005e+00	4.7270614100144909e-02
7.7750000000000004e+00	4.7539153203434624e-02
7.8250000000000002e+00	4.7807120926776671e-02
7.8750000000000000e+00	4.8074515635477683e-02
7.9250000000000007e+00	4.8341335694844313e-02
7.9750000000000005e+00	4.8607579470183203e-02
8.0250000000000004e+00	4.8873245326800985e-02
8.0750000000000011e+00	4.9138331630004320e-02
8.1250000000000000e+00	4.9402836745099848e-02
8.1750000000000007e+00	4.9666759037394217e-02
8.2249999999999996e+00	4.9930096872194060e-02
8.2750000000000004e+00	5.0192848614806031e-02
8.3250000000000011e+00	5.0455012630536769e-02
8.3750000000000000e+00	5.0716587284692922e-02
8.4250000000000007e+00	5.0977570942581138e-02
8.4749999999999996e+00	5.1237961969508056e-02
8.5250000000000004e+00	5.1497758730780323e-02
8.5750000000000011e+00	5.1756955750363813e-02
8.6250000000000000e+00	5.2015555292670469e-02
8.6750000000000007e+00	5.2273555780771447e-02
8.7249999999999996e+00	5.2530955637737915e-02
8.7750000000000004e+00	5.2787753286641051e-02
8.8250000000000011e+00	5.3043947150552023e-02
8.8750000000000000e+00	5.3299535652541988e-02
8.9250000000000007e+00	5.3554517215682114e-02
8.9749999999999996e+00	5.3808890263043578e-02
9.0250000000000004e+00	5.4062653217697543e-02
9.0750000000000011e+00	5.4315804502715170e-02
9.1250000000000000e+00	5.4568342541167637e-02
9.1750000000000007e+00	5.4820265756126099e-02
9.2249999999999996e+00	5.5071572570661739e-02
9.2750000000000004e+00	5.5322261407845713e-02
9.3250000000000011e+00	5.5572330690749183e-02
9.3750000000000000e+00	5.5821778842443340e-02
9.4250000000000007e+00	5.6070604285999331e-02
9.4749999999999996e+00	5.6318805444488328e-02
9.5250000000000004e+00	5.6566380740981498e-02
9.5750000000000011e+00	5.6813324329552606e-02
9.6250000000000000e+00	5.7059638966465681e-02
9.6750000000000007e+00	5.7305323138987327e-02
9.7250000000000014e+00	5.7550375334384160e-02
9.7750000000000004e+00	5.7794794039922805e-02
9.8250000000000011e+00	5.8038577742869885e-02
9.8750000000000000e+00	5.8281724930491996e-02
9.9250000000000007e+00	5.8524234090055784e-02
9.9750000000000014e+00	5.8766103708827851e-02
1.0025000000000000e+01	5.9007332274074800e-02
1.0075000000000001e+01	5.9247918273063277e-02
1.0125000000000000e+01	5.9487860193059877e-02
1.0175000000000001e+01	5.9727156521331218e-02
1.0225000000000001e+01	5.9965805745143930e-02
1.0275000000000000e+01	6.0203806351764630e-02
1.0325000000000001e+01	6.0441156828459922e-02
1.0375000000000000e+01	6.0677855662496429e-02
1.0425000000000001e+01	6.0913901341140768e-02
1.0475000000000001e+01	6.1149292351659564e-02
1.0525000000000000e+01	6.1384027181319419e-02
1.0575000000000001e+01	6.1618099635463261e-02
1.0625000000000000e+01	6.1851512953686287e-02
1.0675000000000001e+01	6.2084265693659962e-02
1.0725000000000001e+01	6.2316356413055773e-02
1.0775000000000000e+01	6.2547783669545207e-02
1.0825000000000001e+01	6.2778546020799755e-02
1.0875000000000000e+01	6.3008642024490885e-02
1.0925000000000001e+01	6.3238070238290089e-02
1.0975000000000001e+01	6.3466829219868875e-02
1.1025000000000000e+01	6.3694917526898681e-02
1.1075000000000001e+01	6.3922333717051041e-02
1.1125000000000000e+01	6.4149076347997408e-02
1.1175000000000001e+01	6.4375143977409274e-02
1.1225000000000001e+01	6.4600535162958134e-02
1.1275000000000000e+01	6.4825248462315438e-02
1.1325000000000001e+01	6.5049282433152722e-02
1.1375000000000000e+01	6.5272635633141438e-02
1.1425000000000001e+01	6.5495306619953078e-02
1.1475000000000001e+01	6.5717293951259137e-02
1.1525000000000000e+01	6.5938596184731066e-02
1.1575000000000001e+01	6.6159206800166279e-02
1.1625000000000000e+01	6.6379129509469365e-02
1.1675000000000001e+01	6.6598362946670805e-02
1.1725000000000001e+01	6.6816905745801111e-02
1.1775000000000000e+01	6.7034756540890778e-02
1.1825000000000001e+01	6.7251913965970286e-02
1.1875000000000000e+01	6.7468376655070134e-02
1.1925000000000001e+01	6.7684143242220815e-02
1.1975000000000001e+01	6.7899212361452826e-02
1.2025000000000000e+01	6.8113582646796664e-02
1.2075000000000001e+01	6.8327252732282809e-02
1.2125000000000000e+01	6.8540221251941771e-02
1.2175000000000001e+01	6.8752486839804033e-02
1.2225000000000001e+01	6.8964048129900105e-02
1.2275000000000000e+01	6.9174903756260453e-02
1.2325000000000001e+01	6.9385052352915588e-02
1.2375000000000000e+01	6.9594492553896006e-02
1.2425000000000001e+01	6.9803222993232189e-02
1.2475000000000001e+01	7.0011242304954646e-02
1.2525000000000000e+01	7.0218549123093874e-02
1.2575000000000001e+01	7.0425136626965701e-02
1.2625000000000000e+01	7.0631008987341051e-02
1.2675000000000001e+01	7.0836164920276223e-02
1.2725000000000001e+01	7.1040603141827488e-02
1.2775000000000000e+01	7.1244322368051088e-02
1.2825000000000001e+01	7.1447321315003365e-02
1.2875000000000000e+01	7.1649598698740546e-02
1.2925000000000001e+01	7.1851153235318946e-02
1.2975000000000001e+01	7.2051983640794820e-02
1.3025000000000000e+01	7.2252088631224426e-02
1.3075000000000001e+01	7.2451466922664090e-02
1.3125000000000000e+01	7.2650117231170055e-02
1.3175000000000001e+01	7.2848038272798607e-02
1.3225000000000001e+01	7.3045228763606029e-02
1.3275000000000000e+01	7.3241687419648621e-02
1.3325000000000001e+01	7.3437412956982612e-02
1.3375000000000000e+01	7.3632404091664314e-02
1.3425000000000001e+01	7.3826659539749998e-02
1.3475000000000001e+01	7.4020178017295921e-02
1.3525000000000000e+01	7.4212958240358395e-02
1.3575000000000001e+01	7.4404993114559184e-02
1.3625000000000000e+01	7.4596287253764007e-02
1.3675000000000001e+01	7.4786839461404103e-02
1.3725000000000001e+01	7.4976648540910726e-02
1.3775000000000000e+01	7.5165713295715086e-02
1.3825000000000001e+01	7.5354032529248424e-02
1.3875000000000000e+01	7.5541605044941978e-02
1.3925000000000001e+01	7.5728429646226975e-02
1.3975000000000001e+01	7.5914505136534666e-02
1.4025000000000000e+01	7.6099830319296236e-02
1.4075000000000001e+01	7.6284403997942965e-02
1.4125000000000000e+01	7.6468224975906079e-02
1.4175000000000001e+01	7.6651292056616790e-02
1.4225000000000001e+01	7.6833604043506337e-02
1.4275000000000000e+01	7.7015159740005973e-02
1.4325000000000001e+01	7.7195957949546923e-02
1.4375000000000000e+01	7.7375997475560399e-02
1.4425000000000001e+01	7.7555277121477667e-02
1.4475000000000001e+01	7.7733795690729926e-02
1.4525000000000000e+01	7.7911551986748429e-02
1.4575000000000001e+01	7.8088538669808485e-02
1.4625000000000000e+01	7.8264760778875550e-02
1.4675000000000001e+01	7.8440217209759092e-02
1.4725000000000001e+01	7.8614906858268691e-02
1.4775000000000000e+01	7.8788828620213802e-02
1.4825000000000001e+01	7.8961981391403993e-02
1.4875000000000000e+01	7.9134364067648760e-02
1.4925000000000001e+01	7.9305975544757629e-02
1.4975000000000001e+01	7.9476814718540095e-02
1.5025000000000000e+01	7.9646880484805699e-02
1.5075000000000001e+01	7.9816171739363936e-02
1.5125000000000000e+01	7.9984687378024361e-02
1.5175000000000001e+01	8.0152426296596455e-02
1.5225000000000001e+01	8.0319387390889757e-02
1.5275000000000000e+01	8.0485569556713765e-02
1.5325000000000001e+01	8.0650971689878018e-02
1.5375000000000000e+01	8.0815592686192012e-02
1.5425000000000001e+01	8.0979431441465285e-02
1.5475000000000001e+01	8.1142486851507337e-02
1.5525000000000000e+01	8.1304757812127704e-02
1.5575000000000001e+01	8.1466236767993611e-02
1.5625000000000000e+01	8.1626929163066533e-02
1.5675000000000001e+01	8.1786833990165619e-02
1.5725000000000001e+01	8.1945950242110058e-02
1.5775000000000000e+01	8.2104276911719010e-02
1.5825000000000001e+01	8.2261812991811678e-02
1.5875000000000000e+01	8.2418557475207196e-02
1.5925000000000001e+01	8.2574509354724795e-02
1.5975000000000001e+01	8.2729667623183595e-02
1.6025000000000002e+01	8.2884031273402825e-02
1.6074999999999999e+01	8.3037599298201620e-02
1.6125000000000000e+01	8.3190370690399154e-02
1.6175000000000001e+01	8.3342344442814631e-02
1.6225000000000001e+01	8.3493519548267212e-02
1.6275000000000002e+01	8.3643894999576071e-02
1.6324999999999999e+01	8.3793469789560399e-02
1.6375000000000000e+01	8.3942242911039355e-02
1.6425000000000001e+01	8.4090213356832103e-02
1.6475000000000001e+01	8.4237380119757857e-02
1.6525000000000002e+01	8.4383742192635752e-02
1.6574999999999999e+01	8.4529291835480455e-02
1.6625000000000000e+01	8.4674034875160842e-02
1.6675000000000001e+01	8.4817970405741294e-02
1.6725000000000001e+01	8.4961097521286152e-02
1.6775000000000002e+01	8.5103415315859729e-02
1.6824999999999999e+01	8.5244922883526461e-02
1.6875000000000000e+01	8.5385619318350647e-02
1.6925000000000001e+01	8.5525503714396683e-02
1.6975000000000001e+01	8.5664575165728896e-02
1.7025000000000002e+01	8.5802832766411652e-02
1.7074999999999999e+01	8.5940275610509320e-02
1.7125000000000000e+01	8.6076902792086241e-02
1.7175000000000001e+01	8.6212713405206767e-02
1.7225000000000001e+01	8.6347706543935268e-02
1.7275000000000002e+01	8.6481881302336083e-02
1.7324999999999999e+01	8.6615236774473608e-02
1.7375000000000000e+01	8.6747772054412142e-02
1.7425000000000001e+01	8.6879486236216094e-02
1.7475000000000001e+01	8.7010378413949790e-02
1.7525000000000002e+01	8.7140447681677599e-02
1.7574999999999999e+01	8.7269686146757661e-02
1.7625000000000000e+01	8.7398099995023779e-02
1.7675000000000001e+01	8.7525688425603584e-02
1.7725000000000001e+01	8.7652450637624696e-02
1.7775000000000002e+01	8.7778385830214675e-02
1.7824999999999999e+01	8.7903493202501182e-02
1.7875000000000000e+01	8.8027771953611791e-02
1.7925000000000001e+01	8.8151221282674136e-02
1.7975000000000001e+01	8.8273840388815805e-02
1.8025000000000002e+01	8.8395628471164417e-02
1.8074999999999999e+01	8.8516584728847561e-02
1.8125000000000000e+01	8.8636708360992869e-02
1.8175000000000001e+01	8.8755998566727945e-02
1.8225000000000001e+01	8.8874454545180379e-02
1.8275000000000002e+01	8.8992075495477801e-02
1.8324999999999999e+01	8.9108860616747804e-02
1.8375000000000000e+01	8.9224809108118003e-02
1.8425000000000001e+01	8.9339920168716003e-02
1.8475000000000001e+01	8.9454192997669435e-02
1.8525000000000002e+01	8.9567626794105862e-02
1.8574999999999999e+01	8.9680213545585974e-02
1.8625000000000000e+01	8.9791959771248916e-02
1.8675000000000001e+01	8.9902864778666949e-02
1.8725000000000001e+01	9.0012927875412291e-02
1.8775000000000002e+01	9.0122148369057145e-02
1.8824999999999999e+01	9.0230525567173731e-02
1.8875000000000000e+01	9.0338058777334293e-02
1.8925000000000001e+01	9.0444747307111051e-02
1.8975000000000001e+01	9.0550590464076236e-02
1.9025000000000002e+01	9.0655587555802053e-02
1.9074999999999999e+01	9.0759737889860748e-02
1.9125000000000000e+01	9.0863040773824524e-02
1.9175000000000001e+01	9.0965495515265615e-02
1.9225000000000001e+01	9.1067101421756252e-02
1.9275000000000002e+01	9.1167857800868640e-02
1.9325000000000003e+01	9.1267763960175011e-02
1.9375000000000000e+01	9.1366819207247596e-02
1.9425000000000001e+01	9.1465022849658614e-02
1.9475000000000001e+01	9.1562374194980298e-02
1.9525000000000002e+01	9.1658872550784851e-02
1.9575000000000003e+01	9.1754509818379557e-02
1.9625000000000000e+01	9.1849292822974021e-02
1.9675000000000001e+01	9.1943220983512847e-02
1.9725000000000001e+01	9.2036293718940662e-02
1.9775000000000002e+01	9.2128510448202083e-02
1.9825000000000003e+01	9.2219870590241754e-02
1.9875000000000000e+01	9.2310373564004317e-02
1.9925000000000001e+01	9.2400018788434388e-02
1.9975000000000001e+01	9.2488805682476596e-02
2.0025000000000002e+01	9.2576733665075572e-02
2.0075000000000003e+01	9.2663802155175931e-02
2.0125000000000000e+01	9.2750010571722330e-02
2.0175000000000001e+01	9.2835358333659357e-02
2.0225000000000001e+01	9.2919844859931697e-02
2.0275000000000002e+01	9.3003469569483938e-02
2.0325000000000003e+01	9.3086231881260723e-02
2.0375000000000000e+01	9.3168131214206668e-02
2.0425000000000001e+01	9.3249166987266416e-02
2.0475000000000001e+01	9.3329338619384583e-02
2.0525000000000002e+01	9.3408645529505827e-02
2.0575000000000003e+01	9.3487079566736284e-02
2.0625000000000000e+01	9.3564647833691228e-02
2.0675000000000001e+01	9.3641349863147413e-02
2.0725000000000001e+01	9.3717185187881677e-02
2.0775000000000002e+01	9.3792153340670731e-02
2.0825000000000003e+01	9.3866253854291426e-02
2.0875000000000000e+01	9.3939486261520516e-02
2.0925000000000001e+01	9.4011850095134797e-02
2.0975000000000001e+01	9.4083344887911063e-02
2.1025000000000002e+01	9.4153970172626084e-02
2.1075000000000003e+01	9.4223725482056653e-02
2.1125000000000000e+01	9.4292610348979566e-02
2.1175000000000001e+01	9.4360624306171592e-02
2.1225000000000001e+01	9.4427766886409525e-02
2.1275000000000002e+01	9.4494037622470148e-02
2.1325000000000003e+01	9.4559436047130269e-02
2.1375000000000000e+01	9.4623961693166628e-02
2.1425000000000001e+01	9.4687614093356062e-02
2.1475000000000001e+01	9.4750392780475340e-02
2.1525000000000002e+01	9.4812297287301228e-02
2.1575000000000003e+01	9.4873319445123838e-02
2.1625000000000000e+01	9.4933466604018496e-02
2.1675000000000001e+01	9.4992738412573788e-02
2.1725000000000001e+01	9.5051134519378355e-02
2.1775000000000002e+01	9.5108654573020771e-02
2.1825000000000003e+01	9.5165298222089689e-02
2.1875000000000000e+01	9.5221065115173711e-02
2.1925000000000001e+01	9.5275954900861465e-02
2.1975000000000001e+01	9.5329967227741563e-02
2.2025000000000002e+01	9.5383101744402621e-02
2.2075000000000003e+01	9.5435358099433237e-02
2.2125000000000000e+01	9.5486735941422041e-02
2.2175000000000001e+01	9.5537234918957659e-02
2.2225000000000001e+01	9.5586854680628719e-02
2.2275000000000002e+01	9.5635594875023794e-02
2.2325000000000003e+01	9.5683455150731511e-02
2.2375000000000000e+01	9.5730435156340526e-02
2.2425000000000001e+01	9.5776534540439412e-02
2.2475000000000001e+01	9.5821752951616795e-02
2.2525000000000002e+01	9.5866090038461305e-02
2.2575000000000003e+01	9.5909537648991558e-02
2.2625000000000000e+01	9.5952103349667986e-02
2.2675000000000001e+01	9.5993786906380968e-02
2.2725000000000001e+01	9.6034588085020967e-02
2.2775000000000002e+01	9.6074506651478375e-02
2.2825000000000003e+01	9.6113542371643601e-02
2.2875000000000000e+01	9.6151695011407093e-02
2.2925000000000001e+01	9.6188964336659272e-02
2.2975000000000001e+01	9.6225350113290559e-02
2.3025000000000002e+01	9.6260852107191333e-02
2.3075000000000003e+01	9.6295470084252058e-02
2.3125000000000000e+01	9.6329203810363140e-02
2.3175000000000001e+01	9.6362053051415014e-02
2.3225000000000001e+01	9.6394017573298074e-02
2.3275000000000002e+01	9.6425097141902755e-02
2.3325000000000003e+01	9.6455291523119463e-02
2.3375000000000000e+01	9.6484600482838662e-02
2.3425000000000001e+01	9.6513023786950716e-02
2.3475000000000001e+01	9.6540561201346076e-02
2.3525000000000002e+01	9.6567212491915161e-02
2.3575000000000003e+01	9.6592969557938502e-02
2.3625000000000000e+01	9.6617840150211340e-02
2.3675000000000001e+01	9.6641824152918873e-02
2.3725000000000001e+01	9.6664921450246494e-02
2.3775000000000002e+01	9.6687131926379483e-02
2.3825000000000003e+01	9.6708455465503121e-02
2.3875000000000000e+01	9.6728891951802731e-02
2.3925000000000001e+01	9.6748441269463636e-02
2.3975000000000001e+01	9.6767103302671131e-02
2.4025000000000002e+01	9.6784877935610525e-02
2.4075000000000003e+01	9.6801765052467098e-02
2.4125000000000000e+01	9.6817764537426187e-02
2.4175000000000001e+01	9.6832876274673074e-02
2.4225000000000001e+01	9.6847100148393081e-02
2.4275000000000002e+01	9.6860436042771503e-02
2.4325000000000003e+01	9.6872883841993662e-02
2.4375000000000000e+01	9.6884443430244840e-02
2.4425000000000001e+01	9.6895114691710360e-02
2.4475000000000001e+01	9.6904897510575516e-02
2.4525000000000002e+01	9.6913791771025631e-02
2.4575000000000003e+01	9.6921789457957111e-02
2.4625000000000000e+01	9.6928898473630468e-02
2.4675000000000001e+01	9.6935118821017283e-02
2.4725000000000001e+01	9.6940450503089165e-02
2.4775000000000002e+01	9.6944893522817696e-02
2.4825000000000003e+01	9.6948447883174527e-02
2.4875000000000000e+01	9.6951113587131224e-02
2.4925000000000001e+01	9.6952890637659425e-02
2.4975000000000001e+01	9.6953779037730697e-02
2.5025000000000002e+01	9.6953778790316664e-02
2.5075000000000003e+01	9.6952889898388947e-02
2.5125000000000000e+01	9.6951112364919129e-02
2.5175000000000001e+01	9.6948446192878804e-02
2.5225000000000001e+01	9.6944891385239595e-02
2.5275000000000002e+01	9.6940447944973113e-02
2.5325000000000003e+01	9.6935115875050937e-02
2.5375000000000000e+01	9.6928895178444691e-02
2.5425000000000001e+01	9.6921785858125983e-02
2.5475000000000001e+01	9.6913787917066396e-02
2.5525000000000002e+01	9.6904901358237552e-02
2.5575000000000003e+01	9.6895118286160736e-02
2.5625000000000000e+01	9.6884446721031581e-02
2.5675000000000001e+01	9.6872886784595325e-02
2.5725000000000001e+01	9.6860438598597304e-02
2.5775000000000002e+01	9.6847102284782799e-02
2.5825000000000003e+01	9.6832877964897091e-02
2.5875000000000000e+01	9.6817765760685501e-02
2.5925000000000001e+01	9.6801765793893310e-02
2.5975000000000001e+01	9.6784878186265799e-02
2.6025000000000002e+01	9.6767103059548276e-02
2.6075000000000003e+01	9.6748440535486036e-02
2.6125000000000000e+01	9.6728890735824358e-02
2.6175000000000001e+01	9.6708453782308551e-02
2.6225000000000001e+01	9.6687129796683896e-02
2.6275000000000002e+01	9.6664918900695701e-02
2.6325000000000003e+01	9.6641821216089246e-02
2.6375000000000000e+01	9.6617836864609813e-02
2.6425000000000001e+01	9.6592965968002722e-02
2.6475000000000001e+01	9.6567208648013270e-02
2.6525000000000002e+01	9.6540565026386707e-02
2.6575000000000003e+01	9.6513027360770165e-02
2.6625000000000000e+01	9.6484603755264228e-02
2.6675000000000001e+01	9.6455294449871332e-02
2.6725000000000001e+01	9.6425099684593868e-02
2.6775000000000002e+01	9.6394019699434244e-02
2.6825000000000003e+01	9.6362054734394895e-02
2.6875000000000000e+01	9.6329205029478199e-02
2.6925000000000001e+01	9.6295470824686591e-02
2.6975000000000001e+01	9.6260852360022450e-02
2.7025000000000002e+01	9.6225349875488225e-02
2.7075000000000003e+01	9.6188963611086281e-02
2.7125000000000000e+01	9.6151693806819066e-02
2.7175000000000001e+01	9.6113540702688974e-02
2.7225000000000001e+01	9.6074504538698410e-02
2.7275000000000002e+01	9.6034585554849797e-02
2.7325000000000003e+01	9.5993783991145526e-02
2.7375000000000000e+01	9.5952100087588005e-02
2.7425000000000001e+01	9.5909534084179668e-02
2.7475000000000001e+01	9.5866086220922908e-02
2.7525000000000002e+01	9.5821756737820132e-02
2.7575000000000003e+01	9.5776538078476484e-02
2.7625000000000000e+01	9.5730438396530698e-02
2.7675000000000001e+01	9.5683458049224235e-02
2.7725000000000001e+01	9.5635597393798608e-02
2.7775000000000002e+01	9.5586856787495192e-02
2.7825000000000003e+01	9.5537236587555516e-02
2.7875000000000000e+01	9.5486737151221052e-02
2.7925000000000001e+01	9.5435358835733231e-02
2.7975000000000001e+01	9.5383101998333553e-02
2.8025000000000002e+01	9.5329966996263449e-02
2.8075000000000003e+01	9.5275954186764406e-02
2.8125000000000000e+01	9.5221063927077895e-02
2.8175000000000001e+01	9.5165296574445363e-02
2.8225000000000001e+01	9.5108652486108308e-02
2.8275000000000002e+01	9.5051132019308149e-02
2.8325000000000003e+01	9.4992735531286399e-02
2.8375000000000000e+01	9.4933463379284502e-02
2.8425000000000001e+01	9.4873315920543905e-02
2.8475000000000001e+01	9.4812293512306106e-02
2.8525000000000002e+01	9.4750396511812565e-02
2.8575000000000003e+01	9.4687617580631711e-02
2.8625000000000000e+01	9.4623964887402448e-02
2.8675000000000001e+01	9.4559438905090651e-02
2.8725000000000001e+01	9.4494040106662194e-02
2.8775000000000002e+01	9.4427768965082939e-02
2.8825000000000003e+01	9.4360625953318761e-02
2.8875000000000000e+01	9.4292611544335547e-02
2.8925000000000001e+01	9.4223726211099146e-02
2.8975000000000001e+01	9.4153970426575459e-02
2.9025000000000002e+01	9.4083344663730334e-02
2.9075000000000003e+01	9.4011849395529645e-02
2.9125000000000000e+01	9.3939485094939268e-02
2.9175000000000001e+01	9.3866252234925104e-02
2.9225000000000001e+01	9.3792151288452974e-02
2.9275000000000002e+01	9.3717182728488807e-02
2.9325000000000003e+01	9.3641347027998409e-02
2.9375000000000000e+01	9.3564644659947710e-02
2.9425000000000001e+01	9.3487076097302557e-02
2.9475000000000001e+01	9.3408641813028825e-02
2.9525000000000002e+01	9.3329342280092389e-02
2.9575000000000003e+01	9.3249170409047122e-02
2.9625000000000000e+01	9.3168134348991363e-02
2.9675000000000001e+01	9.3086234686611494e-02
2.9725000000000001e+01	9.3003472008593852e-02
2.9775000000000002e+01	9.2919846901624761e-02
2.9825000000000003e+01	9.2835359952390645e-02
2.9875000000000000e+01	9.2750011747577785e-02
2.9925000000000001e+01	9.2663802873872603e-02
2.9975000000000001e+01	9.2576733917961396e-02
3.0025000000000002e+01	9.2488805466530544e-02
3.0075000000000003e+01	9.2400018106266399e-02
3.0125000000000000e+01	9.2310372423855314e-02
3.0175000000000001e+01	9.2219869005983640e-02
3.0225000000000001e+01	9.2128508439337731e-02
3.0275000000000002e+01	9.2036291310603952e-02
3.0325000000000003e+01	9.1943218206468627e-02
3.0375000000000000e+01	9.1849289713618137e-02
3.0425000000000001e+01	9.1754506418738821e-02
3.0475000000000001e+01	9.1658868908517058e-02
3.0525000000000002e+01	9.1562377769639172e-02
3.0575000000000003e+01	9.1465026191529630e-02
3.0625000000000000e+01	9.1366822269373690e-02
3.0675000000000001e+01	9.1267766701094752e-02
3.0725000000000001e+01	9.1167860184616201e-02
3.0775000000000002e+01	9.1067103417861367e-02
3.0825000000000003e+01	9.0965497098753650e-02
3.0875000000000000e+01	9.0863041925216423e-02
3.0925000000000001e+01	9.0759738595173056e-02
3.0975000000000001e+01	9.0655587806546950e-02
3.1025000000000002e+01	9.0550590257261449e-02
3.1075000000000003e+01	9.0444746645239937e-02
3.1125000000000000e+01	9.0338057668405802e-02
3.1175000000000001e+01	9.0230524024682401e-02
3.1225000000000001e+01	9.0122146411993106e-02
3.1275000000000002e+01	9.0012925528261289e-02
3.1325000000000003e+01	8.9902862071410350e-02
3.1375000000000000e+01	8.9791956739363674e-02
3.1425000000000001e+01	8.9680210230044577e-02
3.1475000000000001e+01	8.9567623241376487e-02
3.1525000000000002e+01	8.9454196471282763e-02
3.1575000000000003e+01	8.9339923416655170e-02
3.1625000000000000e+01	8.9224812084734859e-02
3.1675000000000001e+01	8.9108863281731440e-02
3.1725000000000001e+01	8.8992077813854431e-02
3.1775000000000002e+01	8.8874456487313444e-02
3.1825000000000003e+01	8.8756000108318009e-02
3.1875000000000000e+01	8.8636709483077697e-02
3.1925000000000001e+01	8.8516585417802079e-02
3.1975000000000001e+01	8.8395628718700686e-02
3.2024999999999999e+01	8.8273840191983144e-02
3.2075000000000003e+01	8.8151220643858968e-02
3.2125000000000000e+01	8.8027770880537759e-02
3.2175000000000004e+01	8.7903491708229031e-02
3.2225000000000001e+01	8.7778383933142412e-02
3.2274999999999999e+01	8.7652448361487417e-02
3.2325000000000003e+01	8.7525685799473618e-02
3.2375000000000000e+01	8.7398097053310614e-02
3.2425000000000004e+01	8.7269682929207920e-02
3.2475000000000001e+01	8.7140444233375136e-02
3.2524999999999999e+01	8.7010381772021805e-02
3.2575000000000003e+01	8.6879489376666647e-02
3.2625000000000000e+01	8.6747774933092672e-02
3.2675000000000004e+01	8.6615239352391959e-02
3.2725000000000001e+01	8.6481883545656696e-02
3.2774999999999999e+01	8.6347708423978986e-02
3.2825000000000003e+01	8.6212714898450976e-02
3.2875000000000000e+01	8.6076903880164785e-02
3.2925000000000004e+01	8.5940276280212557e-02
3.2975000000000001e+01	8.5802833009686455e-02
3.3024999999999999e+01	8.5664574979678554e-02
3.3075000000000003e+01	8.5525503101281014e-02
3.3125000000000000e+01	8.5385618285585982e-02
3.3175000000000004e+01	8.5244921443685590e-02
3.3225000000000001e+01	8.5103413486671942e-02
3.3274999999999999e+01	8.4961095325637212e-02
3.3325000000000003e+01	8.4817967871673505e-02
3.3375000000000000e+01	8.4674032035872954e-02
3.3425000000000004e+01	8.4529288729327717e-02
3.3475000000000001e+01	8.4383738863129915e-02
3.3524999999999999e+01	8.4237383348371664e-02
3.3575000000000003e+01	8.4090216376775703e-02
3.3625000000000000e+01	8.3942245679846733e-02
3.3675000000000004e+01	8.3793472269719990e-02
3.3725000000000001e+01	8.3643897158530836e-02
3.3774999999999999e+01	8.3493521358414508e-02
3.3825000000000003e+01	8.3342345881506283e-02
3.3875000000000000e+01	8.3190371739941454e-02
3.3925000000000004e+01	8.3037599945855314e-02
3.3975000000000001e+01	8.2884031511383141e-02
3.4024999999999999e+01	8.2729667448660199e-02
3.4075000000000003e+01	8.2574508769821794e-02
3.4125000000000000e+01	8.2418556487003219e-02
3.4175000000000004e+01	8.2261811612339711e-02
3.4225000000000001e+01	8.2104275157966589e-02
3.4274999999999999e+01	8.1945948136019131e-02
3.4325000000000003e+01	8.1786831558632603e-02
3.4375000000000000e+01	8.1626926437942324e-02
3.4425000000000004e+01	8.1466233786083531e-02
3.4475000000000001e+01	8.1304754615191543e-02
3.4524999999999999e+01	8.1142489937401627e-02
3.4575000000000003e+01	8.0979434328493513e-02
3.4625000000000000e+01	8.0815595333745355e-02
3.4675000000000004e+01	8.0650974062079717e-02
3.4725000000000001e+01	8.0485571622419178e-02
3.4774999999999999e+01	8.0319389123686330e-02
3.4825000000000003e+01	8.0152427674803781e-02
3.4875000000000000e+01	7.9984688384694080e-02
3.4925000000000004e+01	7.9816172362279850e-02
3.4975000000000001e+01	7.9646880716483626e-02
3.5024999999999999e+01	7.9476814556228043e-02
3.5075000000000003e+01	7.9305974990435638e-02
3.5125000000000000e+01	7.9134363128029017e-02
3.5175000000000004e+01	7.8961980077930788e-02
3.5225000000000001e+01	7.8788826949063501e-02
3.5274999999999999e+01	7.8614904850349748e-02
3.5325000000000003e+01	7.8440214890712123e-02
3.5375000000000000e+01	7.8264758179073204e-02
3.5425000000000004e+01	7.8088535824355584e-02
3.5475000000000001e+01	7.7911548935481828e-02
3.5524999999999999e+01	7.7733798621374542e-02
3.5575000000000003e+01	7.7555279863862833e-02
3.5625000000000000e+01	7.7375999991099509e-02
3.5675000000000004e+01	7.7195960204143890e-02
3.5725000000000001e+01	7.7015161704055285e-02
3.5774999999999999e+01	7.6833605691893042e-02
3.5825000000000003e+01	7.6651293368716469e-02
3.5875000000000000e+01	7.6468225935584930e-02
3.5925000000000004e+01	7.6284404593557731e-02
3.5975000000000001e+01	7.6099830543694194e-02
3.6024999999999999e+01	7.5914504987053655e-02
3.6075000000000003e+01	7.5728429124695448e-02
3.6125000000000000e+01	7.5541604157678896e-02
3.6175000000000004e+01	7.5354031287063319e-02
3.6225000000000001e+01	7.5165711713908054e-02
3.6274999999999999e+01	7.4976646639272435e-02
3.6325000000000003e+01	7.4786837264215769e-02
3.6375000000000000e+01	7.4596284789797407e-02
3.6425000000000004e+01	7.4404990417076655e-02
3.6475000000000001e+01	7.4212955347112877e-02
3.6524999999999999e+01	7.4020180780965367e-02
3.6575000000000003e+01	7.3826662126513787e-02
3.6625000000000000e+01	7.3632406465112626e-02
3.6675000000000004e+01	7.3437415084936702e-02
3.6725000000000001e+01	7.3241689274160818e-02
3.6774999999999999e+01	7.3045230320959775e-02
3.6825000000000003e+01	7.2848039513508434e-02
3.6875000000000000e+01	7.2650118139981526e-02
3.6925000000000004e+01	7.2451467488553939e-02
3.6975000000000001e+01	7.2252088847400461e-02
3.7024999999999999e+01	7.2051983504695882e-02
3.7075000000000003e+01	7.1851152748615033e-02
3.7125000000000000e+01	7.1649597867332715e-02
3.7175000000000004e+01	7.1447320149023760e-02
3.7225000000000001e+01	7.1244320881862971e-02
3.7274999999999999e+01	7.1040601354025151e-02
3.7325000000000003e+01	7.0836162853685103e-02
3.7375000000000000e+01	7.0631006669017671e-02
3.7425000000000004e+01	7.0425134088197658e-02
3.7475000000000001e+01	7.0218546399399853e-02
3.7524999999999999e+01	7.0011244890799074e-02
3.7575000000000003e+01	6.9803225414212092e-02
3.7625000000000000e+01	6.9594494775921556e-02
3.7675000000000004e+01	6.9385054345851932e-02
3.7725000000000001e+01	6.9174905493927852e-02
3.7774999999999999e+01	6.8964049590073823e-02
3.7825000000000003e+01	6.8752488004214449e-02
3.7875000000000000e+01	6.8540222106274251e-02
3.7925000000000004e+01	6.8327253266177806e-02
3.7975000000000001e+01	6.8113582853849663e-02
3.8024999999999999e+01	6.7899212239214385e-02
3.8075000000000003e+01	6.7684142792196506e-02
3.8125000000000000e+01	6.7468375882720616e-02
3.8175000000000004e+01	6.7251912880711251e-02
3.8225000000000001e+01	6.7034755156092973e-02
3.8274999999999999e+01	6.6816904078790346e-02
3.8325000000000003e+01	6.6598361018727917e-02
3.8375000000000000e+01	6.6379127345830236e-02
3.8425000000000004e+01	6.6159204430021892e-02
3.8475000000000001e+01	6.5938593641227408e-02
3.8525000000000006e+01	6.5717296349371360e-02
3.8575000000000003e+01	6.5495308865865104e-02
3.8625000000000000e+01	6.5272637695214270e-02
3.8675000000000004e+01	6.5049284283411266e-02
3.8725000000000001e+01	6.4825250076448515e-02
3.8775000000000006e+01	6.4600536520318469e-02
3.8825000000000003e+01	6.4375145061013522e-02
3.8875000000000000e+01	6.4149077144526112e-02
3.8925000000000004e+01	6.3922334216848647e-02
3.8975000000000001e+01	6.3694917723973579e-02
3.9025000000000006e+01	6.3466829111893316e-02
3.9075000000000003e+01	6.3238069826600282e-02
3.9125000000000000e+01	6.3008641314086913e-02
3.9175000000000004e+01	6.2778545020345619e-02
3.9225000000000001e+01	6.2547782391368836e-02
3.9275000000000006e+01	6.2316354873148974e-02
3.9325000000000003e+01	6.2084263911678469e-02
3.9375000000000000e+01	6.1851510952949752e-02
3.9425000000000004e+01	6.1618097442955239e-02
3.9475000000000001e+01	6.1384024827687345e-02
3.9525000000000006e+01	6.1149294553138507e-02
3.9575000000000003e+01	6.0913903403638822e-02
3.9625000000000000e+01	6.0677857556943236e-02
3.9675000000000004e+01	6.0441158529144334e-02
3.9725000000000001e+01	6.0203807836334750e-02
3.9775000000000006e+01	5.9965806994607074e-02
3.9825000000000003e+01	5.9727157520053933e-02
3.9875000000000000e+01	5.9487860928767913e-02
3.9925000000000004e+01	5.9247918736841661e-02
3.9975000000000001e+01	5.9007332460367753e-02
4.0025000000000006e+01	5.8766103615438811e-02
4.0075000000000003e+01	5.8524233718147439e-02
4.0125000000000000e+01	5.8281724284586264e-02
4.0175000000000004e+01	5.8038576830847871e-02
4.0225000000000001e+01	5.7794792873024900e-02
4.0275000000000006e+01	5.7550373927209936e-02
4.0325000000000003e+01	5.7305321509495584e-02
4.0375000000000000e+01	5.7059637135974478e-02
4.0425000000000004e+01	5.6813322322739210e-02
4.0475000000000001e+01	5.6566378585882399e-02
4.0525000000000006e+01	5.6318807441496657e-02
4.0575000000000003e+01	5.6070606157729269e-02
4.0625000000000000e+01	5.5821780562497050e-02
4.0675000000000004e+01	5.5572332235771474e-02
4.0725000000000001e+01	5.5322262757524034e-02
4.0775000000000006e+01	5.5071573707726210e-02
4.0825000000000003e+01	5.4820266666349489e-02
4.0875000000000000e+01	5.4568343213365372e-02
4.0925000000000004e+01	5.4315804928745326e-02
4.0975000000000001e+01	5.4062653392460851e-02
4.1025000000000006e+01	5.3808890184483427e-02
4.1075000000000003e+01	5.3554516884784541e-02
4.1125000000000000e+01	5.3299535073335680e-02
4.1175000000000004e+01	5.3043946330108338e-02
4.1225000000000001e+01	5.2787752235073995e-02
4.1275000000000006e+01	5.2530954368204139e-02
4.1325000000000003e+01	5.2273554309470255e-02
4.1375000000000000e+01	5.2015553638843817e-02
4.1425000000000004e+01	5.1756953936296340e-02
4.1475000000000001e+01	5.1497756781799298e-02
4.1525000000000006e+01	5.1237963755324169e-02
4.1575000000000003e+01	5.0977572617229523e-02
4.1625000000000000e+01	5.0716588824537556e-02
4.1675000000000004e+01	5.0455014014657545e-02
4.1725000000000001e+01	5.0192849824998782e-02
4.1775000000000006e+01	4.9930097892970496e-02
4.1825000000000003e+01	4.9666759855982005e-02
4.1875000000000000e+01	4.9402837351442568e-02
4.1925000000000004e+01	4.9138332016761467e-02
4.1975000000000001e+01	4.8873245489347975e-02
4.2025000000000006e+01	4.8607579406611354e-02
4.2075000000000003e+01	4.8341335405960889e-02
4.2125000000000000e+01	4.8074515124805858e-02
4.2175000000000004e+01	4.7807120200555539e-02
4.2225000000000001e+01	4.7539152270619195e-02
4.2275000000000006e+01	4.7270612972406104e-02
4.2325000000000003e+01	4.7001503943325550e-02
4.2375000000000000e+01	4.6731826820786797e-02
4.2425000000000004e+01	4.6461583242199123e-02
4.2475000000000001e+01	4.6190774844971805e-02
4.2525000000000006e+01	4.5919403266514121e-02
4.2575000000000003e+01	4.5647466765222036e-02
4.2625000000000000e+01	4.5374970408330370e-02
4.2675000000000004e+01	4.5101915884060623e-02
4.2725000000000001e+01	4.4828304880634287e-02
4.2775000000000006e+01	4.4554139086272870e-02
4.2825000000000003e+01	4.4279420189197900e-02
4.2875000000000000e+01	4.4004149877630856e-02
4.2925000000000004e+01	4.3728329839793259e-02
4.2975000000000001e+01	4.3451961763906602e-02
4.3025000000000006e+01	4.3175047338192399e-02
4.3075000000000003e+01	4.2897588250872150e-02
4.3125000000000000e+01	4.2619586190167362e-02
4.3175000000000004e+01	4.2341042844299542e-02
4.3225000000000001e+01	4.2061959901490198e-02
4.3275000000000006e+01	4.1782339049960822e-02
4.3325000000000003e+01	4.1502181977932928e-02
4.3375000000000000e+01	4.1221490373628024e-02
4.3425000000000004e+01	4.0940265925267609e-02
4.3475000000000001e+01	4.0658510321073191e-02
4.3525000000000006e+01	4.0376225249266276e-02
4.3575000000000003e+01	4.0093409469491713e-02
4.3625000000000000e+01	3.9810067642586405e-02
4.3675000000000004e+01	3.9526201500810612e-02
4.3725000000000001e+01	3.9241812776424578e-02
4.3775000000000006e+01	3.8956903201688563e-02
4.3825000000000003e+01	3.8671474508862810e-02
4.3875000000000000e+01	3.8385528430207566e-02
4.3925000000000004e+01	3.8099066697983103e-02
4.3975000000000001e+01	3.7812091044449658e-02
4.4025000000000006e+01	3.7524603201867471e-02
4.4075000000000003e+01	3.7236604902496820e-02
4.4125000000000000e+01	3.6948097878597944e-02
4.4175000000000004e+01	3.6659083862431094e-02
4.4225000000000001e+01	3.6369564586256516e-02
4.4275000000000006e+01	3.6079541782334475e-02
4.4325000000000003e+01	3.5789017182925216e-02
4.4375000000000000e+01	3.5497992520288991e-02
4.4425000000000004e+01	3.5206469526686046e-02
4.4475000000000001e+01	3.4914449934376646e-02
4.4525000000000006e+01	3.4621935475621028e-02
4.4575000000000003e+01	3.4328925411881074e-02
4.4625000000000000e+01	3.4035423983370283e-02
4.4675000000000004e+01	3.3741432959503756e-02
4.4725000000000001e+01	3.3446954109696621e-02
4.4775000000000006e+01	3.3151989203363978e-02
4.4825000000000003e+01	3.2856540009920950e-02
4.4875000000000000e+01	3.2560608298782642e-02
4.4925000000000004e+01	3.2264195839364192e-02
4.4975000000000001e+01	3.1967304401080691e-02
4.5025000000000006e+01	3.1669935753347256e-02
4.5075000000000003e+01	3.1372091665579013e-02
4.5125000000000000e+01	3.1073773907191064e-02
4.5175000000000004e+01	3.0774984247598530e-02
4.5225000000000001e+01	3.0475724456216526e-02
4.5275000000000006e+01	3.0175996302460168e-02
4.5325000000000003e+01	2.9875801555744569e-02
4.5375000000000000e+01	2.9575141985484839e-02
4.5425000000000004e+01	2.9274019361096092e-02
4.5475000000000001e+01	2.8972435451993454e-02
4.5525000000000006e+01	2.8670392027592029e-02
4.5575000000000003e+01	2.8367888849086233e-02
4.5625000000000000e+01	2.8064929724310697e-02
4.5675000000000004e+01	2.7761516452879335e-02
4.5725000000000001e+01	2.7457650834406069e-02
4.5775000000000006e+01	2.7153334668504815e-02
4.5825000000000003e+01	2.6848569754789504e-02
4.5875000000000000e+01	2.6543357892874049e-02
4.5925000000000004e+01	2.6237700882372393e-02
4.5975000000000001e+01	2.5931600522898432e-02
4.6025000000000006e+01	2.5625058614066099e-02
4.6075000000000003e+01	2.5318076955489315e-02
4.6125000000000000e+01	2.5010657346782011e-02
4.6175000000000004e+01	2.4702801587558092e-02
4.6225000000000001e+01	2.4394511477431491e-02
4.6275000000000006e+01	2.4085788816016130e-02
4.6325000000000003e+01	2.3776635402925930e-02
4.6375000000000000e+01	2.3467053037774806e-02
4.6425000000000004e+01	2.3157043520176685e-02
4.6475000000000001e+01	2.2846608649745494e-02
4.6525000000000006e+01	2.2535750226095150e-02
4.6575000000000003e+01	2.2224468505426490e-02
4.6625000000000000e+01	2.1912766853975738e-02
4.6675000000000004e+01	2.1600647094566043e-02
4.6725000000000001e+01	2.1288111050020538e-02
4.6775000000000006e+01	2.0975160543162365e-02
4.6825000000000003e+01	2.0661797396814667e-02
4.6875000000000000e+01	2.0348023433800592e-02
4.6925000000000004e+01	2.0033840476943274e-02
4.6975000000000001e+01	1.9719250349065853e-02
4.7025000000000006e+01	1.9404254872991474e-02
4.7075000000000003e+01	1.9088855871543277e-02
4.7125000000000000e+01	1.8773055167544399e-02
4.7175000000000004e+01	1.8456854583817989e-02
4.7225000000000001e+01	1.8140255943187182e-02
4.7275000000000006e+01	1.7823261068475121e-02
4.7325000000000003e+01	1.7505871782504952e-02
4.7375000000000000e+01	1.7188089908099814e-02
4.7425000000000004e+01	1.6869917268082842e-02
4.7475000000000001e+01	1.6551355685277186e-02
4.7525000000000006e+01	1.6232406982505981e-02
4.7575000000000003e+01	1.5913071903640684e-02
4.7625000000000000e+01	1.5593353366680964e-02
4.7675000000000004e+01	1.5273253210674792e-02
4.7725000000000001e+01	1.4952773274670154e-02
4.7775000000000006e+01	1.4631915397715021e-02
4.7825000000000003e+01	1.4310681418857378e-02
4.7875000000000000e+01	1.3989073177145199e-02
4.7925000000000004e+01	1.3667092511626469e-02
4.7975000000000001e+01	1.3344741261349161e-02
4.8025000000000006e+01	1.3022021265361252e-02
4.8075000000000003e+01	1.2698934362710726e-02
4.8125000000000000e+01	1.2375482392445559e-02
4.8175000000000004e+01	1.2051667193613731e-02
4.8225000000000001e+01	1.1727490605263218e-02
4.8275000000000006e+01	1.1402954466442001e-02
4.8325000000000003e+01	1.1078060616198057e-02
4.8375000000000000e+01	1.0752810893579367e-02
4.8425000000000004e+01	1.0427207137633907e-02
4.8475000000000001e+01	1.0101251187409656e-02
4.8525000000000006e+01	9.7749448819545951e-03
4.8575000000000003e+01	9.4188348299930977e-03
4.8625000000000000e+01	9.0628210366910916e-03
4.8675000000000004e+01	8.7073482768908837e-03
4.8725000000000001e+01	8.3528613254348020e-03
4.8775000000000006e+01	7.9998049571651589e-03
4.8825000000000003e+01	7.6486239469242745e-03
4.8875000000000000e+01	7.2997630695544689e-03
4.8925000000000004e+01	6.9536670998980605e-03
4.8975000000000001e+01	6.6107808127973669e-03
4.9025000000000006e+01	6.2715489830947047e-03
4.9075000000000003e+01	5.9364163856323957e-03
4.9125000000000000e+01	5.6058277952527567e-03
4.9175000000000004e+01	5.2802279867981061e-03
4.9225000000000001e+01	4.9600617351107622e-03
4.9275000000000006e+01	4.6457738150330460e-03
4.9325000000000003e+01	4.3378090014072716e-03
4.9375000000000000e+01	4.0366120690757609e-03
4.9425000000000004e+01	3.7426277928808318e-03
4.9475000000000001e+01	3.4563009476648015e-03
4.9525000000000006e+01	3.1780763082699900e-03
4.9575000000000003e+01	2.9399771279466579e-03
4.9625000000000000e+01	2.7103948387922198e-03
4.9675000000000004e+01	2.4892993513120315e-03
4.9725000000000001e+01	2.2766605760114510e-03
4.9775000000000006e+01	2.0724484233958342e-03
4.9825000000000003e+01	1.8766328039705386e-03
4.9875000000000000e+01	1.6891836282409212e-03
4.9925000000000004e+01	1.5100708067123391e-03
4.9975000000000001e+01	1.3392642498901491e-03
