2.5000000000000001e-03	-1.1572544671797731e-03
7.4999999999999997e-03	-5.6118773658002039e-04
1.2500000000000001e-02	3.5044484294801011e-05
1.7500000000000002e-02	6.3137623482626814e-04
2.2499999999999999e-02	1.2277415543959884e-03
2.7500000000000000e-02	1.8240744823856151e-03
3.2500000000000001e-02	2.4203090581767350e-03
3.7499999999999999e-02	3.0163793211509639e-03
4.2500000000000003e-02	3.6122193106898981e-03
4.7500000000000001e-02	4.2077630661751676e-03
5.2499999999999998e-02	4.8029446269883796e-03
5.7500000000000002e-02	5.3976980325111520e-03
6.2500000000000000e-02	5.9919573221250645e-03
6.7500000000000004e-02	6.5856565352117721e-03
7.2499999999999995e-02	7.1787297111528684e-03
7.7499999999999999e-02	7.7711108893299746e-03
8.2500000000000004e-02	8.3627341091246643e-03
8.7500000000000008e-02	8.9535334099186004e-03
9.2499999999999999e-02	9.5434428310933496e-03
9.7500000000000003e-02	1.0132396412030575e-02
1.0250000000000001e-01	1.0720328192111843e-02
1.0750000000000000e-01	1.1307172210718782e-02
1.1250000000000000e-01	1.1892862507233001e-02
1.1750000000000001e-01	1.2477333121036129e-02
1.2250000000000000e-01	1.3060518091509758e-02
1.2750000000000000e-01	1.3642351458035499e-02
1.3250000000000001e-01	1.4222767259994964e-02
1.3750000000000001e-01	1.4801699536769779e-02
1.4250000000000002e-01	1.5379082327741546e-02
1.4749999999999999e-01	1.5954849672291875e-02
1.5250000000000000e-01	1.6528935609802377e-02
1.5750000000000000e-01	1.7101274179654676e-02
1.6250000000000001e-01	1.7671799421230365e-02
1.6750000000000001e-01	1.8240445373911063e-02
1.7250000000000001e-01	1.8807146077078393e-02
1.7749999999999999e-01	1.9371835570113956e-02
1.8250000000000000e-01	1.9934447892399364e-02
1.8750000000000000e-01	2.0494917083316237e-02
1.9250000000000000e-01	2.1053177182246165e-02
1.9750000000000001e-01	2.1609162228570782e-02
2.0250000000000001e-01	2.2162806261671698e-02
2.0750000000000002e-01	2.2714043320930501e-02
2.1249999999999999e-01	2.3262807445728839e-02
2.1750000000000000e-01	2.3809032675448292e-02
2.2250000000000000e-01	2.4352653049470506e-02
2.2750000000000001e-01	2.4893602607177059e-02
2.3250000000000001e-01	2.5431815387949572e-02
2.3750000000000002e-01	2.5967225431169663e-02
2.4249999999999999e-01	2.6499766776218944e-02
2.4750000000000000e-01	2.7029373462479023e-02
2.5250000000000000e-01	2.7555979529331524e-02
2.5750000000000001e-01	2.8079519016158030e-02
2.6250000000000001e-01	2.8599925962340182e-02
2.6750000000000002e-01	2.9117134407259576e-02
2.7250000000000002e-01	2.9631078390297820e-02
2.7750000000000002e-01	3.0141691950836550e-02
2.8250000000000003e-01	3.0648909128257344e-02
2.8750000000000003e-01	3.1152663961941843e-02
2.9249999999999998e-01	3.1652890491271644e-02
2.9749999999999999e-01	3.2149522755628365e-02
3.0249999999999999e-01	3.2642494794393601e-02
3.0750000000000000e-01	3.3131740646948987e-02
3.1250000000000000e-01	3.3617194352676127e-02
3.1750000000000000e-01	3.4098789950956616e-02
3.2250000000000001e-01	3.4576461481172091e-02
3.2750000000000001e-01	3.5050142982704147e-02
3.3250000000000002e-01	3.5519768494934413e-02
3.3750000000000002e-01	3.5985272057244472e-02
3.4250000000000003e-01	3.6446587709015960e-02
3.4750000000000003e-01	3.6903649489630479e-02
3.5249999999999998e-01	3.7356391438469645e-02
3.5749999999999998e-01	3.7804747594915082e-02
3.6249999999999999e-01	3.8248651998348364e-02
3.6749999999999999e-01	3.8688038688151148e-02
3.7250000000000000e-01	3.9122841703705016e-02
3.7750000000000000e-01	3.9552995084391585e-02
3.8250000000000001e-01	3.9978432869592469e-02
3.8750000000000001e-01	4.0399089098689285e-02
3.9250000000000002e-01	4.0814897811063636e-02
3.9750000000000002e-01	4.1225793046097137e-02
4.0250000000000002e-01	4.1631708843171418e-02
4.0750000000000003e-01	4.2032579241668047e-02
4.1250000000000003e-01	4.2428338280968682e-02
4.1749999999999998e-01	4.2818920000454903e-02
4.2249999999999999e-01	4.3204258439508342e-02
4.2749999999999999e-01	4.3584287637510599e-02
4.3250000000000000e-01	4.3958941633843292e-02
4.3750000000000000e-01	4.4328154467888028e-02
4.4250000000000000e-01	4.4691860179026419e-02
4.4750000000000001e-01	4.5049992806640071e-02
4.5250000000000001e-01	4.5402486390110609e-02
4.5750000000000002e-01	4.5749274968819642e-02
4.6250000000000002e-01	4.6090292582148772e-02
4.6750000000000003e-01	4.6425473269479621e-02
4.7250000000000003e-01	4.6754751070193799e-02
4.7750000000000004e-01	4.7078060023672909e-02
4.8249999999999998e-01	4.7395334169298572e-02
4.8749999999999999e-01	4.7706507546452406e-02
4.9249999999999999e-01	4.8011514194515999e-02
4.9750000000000000e-01	4.8310288152870987e-02
5.0250000000000006e-01	4.8602763460898972e-02
5.0750000000000006e-01	4.8890302960419400e-02
5.1249999999999996e-01	4.9174329163043103e-02
5.1749999999999996e-01	4.9454865612838746e-02
5.2249999999999996e-01	4.9731935853875094e-02
5.2749999999999997e-01	5.0005563430220744e-02
5.3249999999999997e-01	5.0275771885944447e-02
5.3749999999999998e-01	5.0542584765114848e-02
5.4249999999999998e-01	5.0806025611800656e-02
5.4749999999999999e-01	5.1066117970070532e-02
5.5249999999999999e-01	5.1322885383993232e-02
5.5750000000000000e-01	5.1576351397637395e-02
5.6250000000000000e-01	5.1826539555071716e-02
5.6750000000000000e-01	5.2073473400364820e-02
5.7250000000000001e-01	5.2317176477585596e-02
5.7750000000000001e-01	5.2557672330802496e-02
5.8250000000000002e-01	5.2794984504084368e-02
5.8750000000000002e-01	5.3029136541499766e-02
5.9250000000000003e-01	5.3260151987117539e-02
5.9750000000000003e-01	5.3488054385006263e-02
6.0250000000000004e-01	5.3712867279234675e-02
6.0750000000000004e-01	5.3934614213871419e-02
6.1250000000000004e-01	5.4153318732985227e-02
6.1750000000000005e-01	5.4369004380644771e-02
6.2250000000000005e-01	5.4581694700918712e-02
6.2750000000000006e-01	5.4791413237875786e-02
6.3250000000000006e-01	5.4998183535584645e-02
6.3750000000000007e-01	5.5202029138114006e-02
6.4249999999999996e-01	5.5402973589532577e-02
6.4749999999999996e-01	5.5601040433908969e-02
6.5249999999999997e-01	5.5796253215311911e-02
6.5749999999999997e-01	5.5988635477810154e-02
6.6249999999999998e-01	5.6178210765472289e-02
6.6749999999999998e-01	5.6365002622367037e-02
6.7249999999999999e-01	5.6549034592563108e-02
6.7749999999999999e-01	5.6730330220129174e-02
6.8250000000000000e-01	5.6908913049133932e-02
6.8750000000000000e-01	5.7084806623646067e-02
6.9250000000000000e-01	5.7258034487734241e-02
6.9750000000000001e-01	5.7428620185467287e-02
7.0250000000000001e-01	5.7596587260913622e-02
7.0750000000000002e-01	5.7761959258142190e-02
7.1250000000000002e-01	5.7924759721221471e-02
7.1750000000000003e-01	5.8085012194220353e-02
7.2250000000000003e-01	5.8242740221207394e-02
7.2750000000000004e-01	5.8397967346251328e-02
7.3250000000000004e-01	5.8550717113420858e-02
7.3750000000000004e-01	5.8701013066784595e-02
7.4250000000000005e-01	5.8848878750411358e-02
7.4750000000000005e-01	5.8994337708369711e-02
7.5250000000000006e-01	5.9137413484728375e-02
7.5750000000000006e-01	5.9278129623556074e-02
7.6250000000000007e-01	5.9416509668921494e-02
7.6750000000000007e-01	5.9552577164893317e-02
7.7249999999999996e-01	5.9686355655540188e-02
7.7749999999999997e-01	5.9817868684930831e-02
7.8249999999999997e-01	5.9947139797133960e-02
7.8749999999999998e-01	6.0074192536218221e-02
7.9249999999999998e-01	6.0199050446252331e-02
7.9749999999999999e-01	6.0321737071304934e-02
8.0249999999999999e-01	6.0442275955444776e-02
8.0750000000000000e-01	6.0560690642740528e-02
8.1250000000000000e-01	6.0677004677260886e-02
8.1750000000000000e-01	6.0791241603074461e-02
8.2250000000000001e-01	6.0903424964250094e-02
8.2750000000000001e-01	6.1013578304856333e-02
8.3250000000000002e-01	6.1121725168961888e-02
8.3750000000000002e-01	6.1227889100635514e-02
8.4250000000000003e-01	6.1332093643945873e-02
8.4750000000000003e-01	6.1434362342961610e-02
8.5250000000000004e-01	6.1534718741751482e-02
8.5750000000000004e-01	6.1633186384384142e-02
8.6250000000000004e-01	6.1729788814928230e-02
8.6750000000000005e-01	6.1824549577452551e-02
8.7250000000000005e-01	6.1917492216025681e-02
8.7750000000000006e-01	6.2008640274716378e-02
8.8250000000000006e-01	6.2098017297593296e-02
8.8750000000000007e-01	6.2185646828725155e-02
8.9250000000000007e-01	6.2271552412180596e-02
8.9749999999999996e-01	6.2355757592028341e-02
9.0249999999999997e-01	6.2438285912337070e-02
9.0749999999999997e-01	6.2519160917175479e-02
9.1249999999999998e-01	6.2598406150612268e-02
9.1749999999999998e-01	6.2676045156716098e-02
9.2249999999999999e-01	6.2752101479555664e-02
9.2749999999999999e-01	6.2826598663199673e-02
9.3250000000000000e-01	6.2899560251716793e-02
9.3750000000000000e-01	6.2971009789175705e-02
9.4250000000000000e-01	6.3040970819645117e-02
9.4750000000000001e-01	6.3109466887193724e-02
9.5250000000000001e-01	6.3176521535890193e-02
9.5750000000000002e-01	6.3242158309803218e-02
9.6250000000000002e-01	6.3306400753001521e-02
9.6750000000000003e-01	6.3369272409553756e-02
9.7250000000000003e-01	6.3430796823528604e-02
9.7750000000000004e-01	6.3490997538994787e-02
9.8250000000000004e-01	6.3549898100020943e-02
9.8750000000000004e-01	6.3607522050675797e-02
9.9250000000000005e-01	6.3663892935028069e-02
9.9750000000000005e-01	6.3719034297146371e-02
1.0024999999999999e+00	6.3772969681099453e-02
1.0075000000000001e+00	6.3825722630955969e-02
1.0125000000000000e+00	6.3877316690784641e-02
1.0175000000000001e+00	6.3927775404654122e-02
1.0225000000000000e+00	6.3977122316633106e-02
1.0275000000000001e+00	6.4025380970790316e-02
1.0325000000000000e+00	6.4072574911194405e-02
1.0375000000000001e+00	6.4118727681914109e-02
1.0425000000000000e+00	6.4163862827018026e-02
1.0475000000000001e+00	6.4208003890574905e-02
1.0525000000000000e+00	6.4251174416653470e-02
1.0575000000000001e+00	6.4293397949322345e-02
1.0625000000000000e+00	6.4334698032650225e-02
1.0675000000000001e+00	6.4375098210705833e-02
1.0725000000000000e+00	6.4414622027557850e-02
1.0775000000000001e+00	6.4453293027274955e-02
1.0825000000000000e+00	6.4491134753925830e-02
1.0875000000000001e+00	6.4528170751579156e-02
1.0925000000000000e+00	6.4564424564303627e-02
1.0974999999999999e+00	6.4599919736167979e-02
1.1025000000000000e+00	6.4634679811240839e-02
1.1074999999999999e+00	6.4668728333590914e-02
1.1125000000000000e+00	6.4702088847286912e-02
1.1174999999999999e+00	6.4734784896397501e-02
1.1225000000000001e+00	6.4766840024991390e-02
1.1274999999999999e+00	6.4798277777137231e-02
1.1325000000000001e+00	6.4829121696903746e-02
1.1375000000000000e+00	6.4859395328359618e-02
1.1425000000000001e+00	6.4889122215573525e-02
1.1475000000000000e+00	6.4918325902614163e-02
1.1525000000000001e+00	6.4947029933550213e-02
1.1575000000000000e+00	6.4975257852450369e-02
1.1625000000000001e+00	6.5003033203383312e-02
1.1675000000000000e+00	6.5030379530417737e-02
1.1725000000000001e+00	6.5057320377622352e-02
1.1775000000000000e+00	6.5083879289065824e-02
1.1825000000000001e+00	6.5110079808816862e-02
1.1875000000000000e+00	6.5135945480944091e-02
1.1925000000000001e+00	6.5161499849516288e-02
1.1975000000000000e+00	6.5186766458602080e-02
1.2025000000000001e+00	6.5211768852270188e-02
1.2075000000000000e+00	6.5236530574589280e-02
1.2125000000000001e+00	6.5261075169628063e-02
1.2175000000000000e+00	6.5285426181455192e-02
1.2224999999999999e+00	6.5309607154139387e-02
1.2275000000000000e+00	6.5333641631749345e-02
1.2324999999999999e+00	6.5357553158353718e-02
1.2375000000000000e+00	6.5381365278021228e-02
1.2424999999999999e+00	6.5405101534820542e-02
1.2475000000000001e+00	6.5428785472820369e-02
1.2524999999999999e+00	6.5452440636089376e-02
1.2575000000000001e+00	6.5476090568696271e-02
1.2625000000000000e+00	6.5499758814709721e-02
1.2675000000000001e+00	6.5523468918198435e-02
1.2725000000000000e+00	6.5547244423231094e-02
1.2775000000000001e+00	6.5571108873876377e-02
1.2825000000000000e+00	6.5595085814202994e-02
1.2875000000000001e+00	6.5619198788279626e-02
1.2925000000000000e+00	6.5643471340174939e-02
1.2975000000000001e+00	6.5667927013957642e-02
1.3025000000000000e+00	6.5692589353696429e-02
1.3075000000000001e+00	6.5717481903459982e-02
1.3125000000000000e+00	6.5742628207316967e-02
1.3175000000000001e+00	6.5768051809336106e-02
1.3225000000000000e+00	6.5793776253586081e-02
1.3275000000000001e+00	6.5819825084135586e-02
1.3325000000000000e+00	6.5846221845053274e-02
1.3375000000000001e+00	6.5872990080407867e-02
1.3425000000000000e+00	6.5900153334268047e-02
1.3474999999999999e+00	6.5927735150702493e-02
1.3525000000000000e+00	6.5955759073779915e-02
1.3574999999999999e+00	6.5984248647568994e-02
1.3625000000000000e+00	6.6013227416138395e-02
1.3674999999999999e+00	6.6042718923556828e-02
1.3725000000000001e+00	6.6072746713892988e-02
1.3774999999999999e+00	6.6103334331215541e-02
1.3825000000000001e+00	6.6134505319593195e-02
1.3875000000000000e+00	6.6166283223094619e-02
1.3925000000000001e+00	6.6198691585788533e-02
1.3975000000000000e+00	6.6231753951743577e-02
1.4025000000000001e+00	6.6265493865028488e-02
1.4075000000000000e+00	6.6299934869711932e-02
1.4125000000000001e+00	6.6335100509862618e-02
1.4175000000000000e+00	6.6371014329549199e-02
1.4225000000000001e+00	6.6407699872840398e-02
1.4275000000000000e+00	6.6445180683804880e-02
1.4325000000000001e+00	6.6483480306511342e-02
1.4375000000000000e+00	6.6522622285028477e-02
1.4425000000000001e+00	6.6562630163424966e-02
1.4475000000000000e+00	6.6603527485769504e-02
1.4525000000000001e+00	6.6645337796130771e-02
1.4575000000000000e+00	6.6688084638577463e-02
1.4625000000000001e+00	6.6731791557178260e-02
1.4675000000000000e+00	6.6776482096001871e-02
1.4724999999999999e+00	6.6822179799116949e-02
1.4775000000000000e+00	6.6868908210592229e-02
1.4824999999999999e+00	6.6916690874496351e-02
1.4875000000000000e+00	6.6965551334898052e-02
1.4924999999999999e+00	6.7015513135865998e-02
1.4975000000000001e+00	6.7066599821468856e-02
1.5024999999999999e+00	6.7118834935775348e-02
1.5075000000000001e+00	6.7171265576727895e-02
1.5125000000000000e+00	6.7222926919486017e-02
1.5175000000000001e+00	6.7273824623943906e-02
1.5225000000000000e+00	6.7323964349995838e-02
1.5275000000000001e+00	6.7373351757535963e-02
1.5325000000000000e+00	6.7421992506458597e-02
1.5375000000000001e+00	6.7469892256657879e-02
1.5425000000000000e+00	6.7517056668028055e-02
1.5475000000000001e+00	6.7563491400463346e-02
1.5525000000000000e+00	6.7609202113858083e-02
1.5575000000000001e+00	6.7654194468106374e-02
1.5625000000000000e+00	6.7698474123102467e-02
1.5675000000000001e+00	6.7742046738740527e-02
1.5725000000000000e+00	6.7784917974915024e-02
1.5775000000000001e+00	6.7827093491519885e-02
1.5825000000000000e+00	6.7868578948449512e-02
1.5875000000000001e+00	6.7909380005598027e-02
1.5925000000000000e+00	6.7949502322859803e-02
1.5975000000000001e+00	6.7988951560128935e-02
1.6025000000000000e+00	6.8027733377299712e-02
1.6074999999999999e+00	6.8065853434266327e-02
1.6125000000000000e+00	6.8103317390923013e-02
1.6174999999999999e+00	6.8140130907164018e-02
1.6225000000000001e+00	6.8176299642883506e-02
1.6274999999999999e+00	6.8211829257975795e-02
1.6325000000000001e+00	6.8246725412335021e-02
1.6375000000000000e+00	6.8280993765855488e-02
1.6425000000000001e+00	6.8314639978431388e-02
1.6475000000000000e+00	6.8347669709956926e-02
1.6525000000000001e+00	6.8380088620326365e-02
1.6575000000000000e+00	6.8411902369433938e-02
1.6625000000000001e+00	6.8443116617173838e-02
1.6675000000000000e+00	6.8473737023440270e-02
1.6725000000000001e+00	6.8503769248127497e-02
1.6775000000000000e+00	6.8533218951129737e-02
1.6825000000000001e+00	6.8562091792341254e-02
1.6875000000000000e+00	6.8590393431656210e-02
1.6925000000000001e+00	6.8618129528968855e-02
1.6975000000000000e+00	6.8645305744173518e-02
1.7025000000000001e+00	6.8671927737164185e-02
1.7075000000000000e+00	6.8698001167835324e-02
1.7125000000000001e+00	6.8723531696080961e-02
1.7175000000000000e+00	6.8748524981795511e-02
1.7225000000000001e+00	6.8772986684873055e-02
1.7275000000000000e+00	6.8796922465207910e-02
1.7324999999999999e+00	6.8820337982694296e-02
1.7375000000000000e+00	6.8843238897226322e-02
1.7424999999999999e+00	6.8865630868698416e-02
1.7475000000000001e+00	6.8887519557004631e-02
1.7524999999999999e+00	6.8908910622039229e-02
1.7575000000000001e+00	6.8929809723696486e-02
1.7625000000000000e+00	6.8950222521870594e-02
1.7675000000000001e+00	6.8970154676455828e-02
1.7725000000000000e+00	6.8989611847346310e-02
1.7775000000000001e+00	6.9008599694436346e-02
1.7825000000000000e+00	6.9027123877620167e-02
1.7875000000000001e+00	6.9045190056791966e-02
1.7925000000000000e+00	6.9062803891845992e-02
1.7975000000000001e+00	6.9079971042676436e-02
1.8025000000000000e+00	6.9096697169177573e-02
1.8075000000000001e+00	6.9112987931243583e-02
1.8125000000000000e+00	6.9128848988768740e-02
1.8175000000000001e+00	6.9144286001647209e-02
1.8225000000000000e+00	6.9159304629773294e-02
1.8275000000000001e+00	6.9173910533041172e-02
1.8325000000000000e+00	6.9188109371345022e-02
1.8375000000000001e+00	6.9201906804579161e-02
1.8425000000000000e+00	6.9215308492637795e-02
1.8475000000000001e+00	6.9228320095415088e-02
1.8525000000000000e+00	6.9240947272805331e-02
1.8574999999999999e+00	6.9253195684702742e-02
1.8625000000000000e+00	6.9265070991001501e-02
1.8674999999999999e+00	6.9276578851595910e-02
1.8725000000000001e+00	6.9287724926380120e-02
1.8774999999999999e+00	6.9298514875248407e-02
1.8825000000000001e+00	6.9308954358094962e-02
1.8875000000000000e+00	6.9319049034814048e-02
1.8925000000000001e+00	6.9328804565299856e-02
1.8975000000000000e+00	6.9338226609446635e-02
1.9025000000000001e+00	6.9347320827148590e-02
1.9075000000000000e+00	6.9356092878299982e-02
1.9125000000000001e+00	6.9364548422795033e-02
1.9175000000000000e+00	6.9372693120527920e-02
1.9225000000000001e+00	6.9380532631392919e-02
1.9275000000000000e+00	6.9388072615284221e-02
1.9325000000000001e+00	6.9395318732096076e-02
1.9375000000000000e+00	6.9402276641722715e-02
1.9425000000000001e+00	6.9408952004058333e-02
1.9475000000000000e+00	6.9415350478997176e-02
1.9525000000000001e+00	6.9421477726433478e-02
1.9575000000000000e+00	6.9427339406261460e-02
1.9625000000000001e+00	6.9432941178375354e-02
1.9675000000000000e+00	6.9438288702669368e-02
1.9725000000000001e+00	6.9443387639037735e-02
1.9775000000000000e+00	6.9448243647374674e-02
1.9825000000000002e+00	6.9452862387574435e-02
1.9875000000000000e+00	6.9457249519531236e-02
1.9924999999999999e+00	6.9461410703139298e-02
1.9975000000000001e+00	6.9465351598292827e-02
2.0024999999999999e+00	6.9469077864886070e-02
2.0074999999999998e+00	6.9472595162813261e-02
2.0125000000000002e+00	6.9475909151968607e-02
2.0175000000000001e+00	6.9479025492246368e-02
2.0225000000000000e+00	6.9481949843540711e-02
2.0274999999999999e+00	6.9484687865745909e-02
2.0325000000000002e+00	6.9487245218756183e-02
2.0375000000000001e+00	6.9489627562465753e-02
2.0425000000000000e+00	6.9491840556768825e-02
2.0474999999999999e+00	6.9493889861559646e-02
2.0525000000000002e+00	6.9495781136732451e-02
2.0575000000000001e+00	6.9497520042181474e-02
2.0625000000000000e+00	6.9499112237800864e-02
2.0674999999999999e+00	6.9500563383484953e-02
2.0725000000000002e+00	6.9501879139127920e-02
2.0775000000000001e+00	6.9503065164623998e-02
2.0825000000000000e+00	6.9504127119867379e-02
2.0874999999999999e+00	6.9505070664752311e-02
2.0925000000000002e+00	6.9505901459173028e-02
2.0975000000000001e+00	6.9506625163023750e-02
2.1025000000000000e+00	6.9507247436198738e-02
2.1074999999999999e+00	6.9507773938592157e-02
2.1124999999999998e+00	6.9508210330098269e-02
2.1175000000000002e+00	6.9508562270611293e-02
2.1225000000000001e+00	6.9508835420025478e-02
2.1274999999999999e+00	6.9509035438234987e-02
2.1324999999999998e+00	6.9509167985134096e-02
2.1375000000000002e+00	6.9509238720617039e-02
2.1425000000000001e+00	6.9509253304578009e-02
2.1475000000000000e+00	6.9509217396911266e-02
2.1524999999999999e+00	6.9509136657511003e-02
2.1575000000000002e+00	6.9509016746271454e-02
2.1625000000000001e+00	6.9508863323086881e-02
2.1675000000000000e+00	6.9508682047851447e-02
2.1724999999999999e+00	6.9508478580459429e-02
2.1775000000000002e+00	6.9508258580805032e-02
2.1825000000000001e+00	6.9508027708782505e-02
2.1875000000000000e+00	6.9507791624286025e-02
2.1924999999999999e+00	6.9507555987209868e-02
2.1975000000000002e+00	6.9507326457448240e-02
2.2025000000000001e+00	6.9507108694895348e-02
2.2075000000000000e+00	6.9506908359445466e-02
2.2124999999999999e+00	6.9506731110992787e-02
2.2175000000000002e+00	6.9506582609431516e-02
2.2225000000000001e+00	6.9506468514655917e-02
2.2275000000000000e+00	6.9506394486560222e-02
2.2324999999999999e+00	6.9506366185038609e-02
2.2375000000000003e+00	6.9506389269985355e-02
2.2425000000000002e+00	6.9506469401294679e-02
2.2475000000000001e+00	6.9506612238860760e-02
2.2524999999999999e+00	6.9506823442577900e-02
2.2574999999999998e+00	6.9507108672340251e-02
2.2625000000000002e+00	6.9507473588042060e-02
2.2675000000000001e+00	6.9507923849577602e-02
2.2725000000000000e+00	6.9508465116841028e-02
2.2774999999999999e+00	6.9509103049726628e-02
2.2825000000000002e+00	6.9509843308128594e-02
2.2875000000000001e+00	6.9510691551941145e-02
2.2925000000000000e+00	6.9511653441058557e-02
2.2974999999999999e+00	6.9512734635374995e-02
2.3025000000000002e+00	6.9513940794784707e-02
2.3075000000000001e+00	6.9515277579181925e-02
2.3125000000000000e+00	6.9516750648460870e-02
2.3174999999999999e+00	6.9518365662515777e-02
2.3225000000000002e+00	6.9520128281240864e-02
2.3275000000000001e+00	6.9522044164530367e-02
2.3325000000000000e+00	6.9524118972278490e-02
2.3374999999999999e+00	6.9526358364379495e-02
2.3425000000000002e+00	6.9528768000727575e-02
2.3475000000000001e+00	6.9531353541216950e-02
2.3525000000000000e+00	6.9534120645741881e-02
2.3574999999999999e+00	6.9537074974196589e-02
2.3625000000000003e+00	6.9540222186475265e-02
2.3675000000000002e+00	6.9543567942472170e-02
2.3725000000000001e+00	6.9547117902081526e-02
2.3774999999999999e+00	6.9550877725197538e-02
2.3824999999999998e+00	6.9554853071714440e-02
2.3875000000000002e+00	6.9559049601526451e-02
2.3925000000000001e+00	6.9563472974527835e-02
2.3975000000000000e+00	6.9568128850612768e-02
2.4024999999999999e+00	6.9573022889675540e-02
2.4075000000000002e+00	6.9578160751610316e-02
2.4125000000000001e+00	6.9583548096311329e-02
2.4175000000000000e+00	6.9589190583672855e-02
2.4224999999999999e+00	6.9595093873589059e-02
2.4275000000000002e+00	6.9601263625954202e-02
2.4325000000000001e+00	6.9607705500662490e-02
2.4375000000000000e+00	6.9614425157608170e-02
2.4424999999999999e+00	6.9621428256685478e-02
2.4475000000000002e+00	6.9628720457788576e-02
2.4525000000000001e+00	6.9636307420811755e-02
2.4575000000000000e+00	6.9644194805649220e-02
2.4624999999999999e+00	6.9652388272195220e-02
2.4675000000000002e+00	6.9660893480343919e-02
2.4725000000000001e+00	6.9669716089989606e-02
2.4775000000000000e+00	6.9678861761026487e-02
2.4824999999999999e+00	6.9688336153348768e-02
2.4875000000000003e+00	6.9698144926850725e-02
2.4925000000000002e+00	6.9708293741426522e-02
2.4975000000000001e+00	6.9718788256970421e-02
2.5024999999999999e+00	6.9729634133376642e-02
2.5074999999999998e+00	6.9740647942578518e-02
2.5125000000000002e+00	6.9751642472824477e-02
2.5175000000000001e+00	6.9762617708481495e-02
2.5225000000000000e+00	6.9773573633916619e-02
2.5274999999999999e+00	6.9784510233496702e-02
2.5325000000000002e+00	6.9795427491588805e-02
2.5375000000000001e+00	6.9806325392559807e-02
2.5425000000000000e+00	6.9817203920776741e-02
2.5474999999999999e+00	6.9828063060606474e-02
2.5525000000000002e+00	6.9838902796416094e-02
2.5575000000000001e+00	6.9849723112572509e-02
2.5625000000000000e+00	6.9860523993442669e-02
2.5674999999999999e+00	6.9871305423393495e-02
2.5725000000000002e+00	6.9882067386792160e-02
2.5775000000000001e+00	6.9892809868005376e-02
2.5825000000000000e+00	6.9903532851400246e-02
2.5874999999999999e+00	6.9914236321343651e-02
2.5925000000000002e+00	6.9924920262202678e-02
2.5975000000000001e+00	6.9935584658344194e-02
2.6025000000000000e+00	6.9946229494135190e-02
2.6074999999999999e+00	6.9956854753942629e-02
2.6125000000000003e+00	6.9967460422133518e-02
2.6175000000000002e+00	6.9978046483074749e-02
2.6225000000000001e+00	6.9988612921133286e-02
2.6274999999999999e+00	6.9999159720676177e-02
2.6324999999999998e+00	7.0009686866070286e-02
2.6375000000000002e+00	7.0020194341682662e-02
2.6425000000000001e+00	7.0030682131880281e-02
2.6475000000000000e+00	7.0041150221030010e-02
2.6524999999999999e+00	7.0051598593498868e-02
2.6575000000000002e+00	7.0062027233653873e-02
2.6625000000000001e+00	7.0072436125861906e-02
2.6675000000000000e+00	7.0082825254489917e-02
2.6724999999999999e+00	7.0093194603904965e-02
2.6775000000000002e+00	7.0103544158473960e-02
2.6825000000000001e+00	7.0113873902563878e-02
2.6875000000000000e+00	7.0124183820541683e-02
2.6924999999999999e+00	7.0134473896774324e-02
2.6975000000000002e+00	7.0144744115628863e-02
2.7025000000000001e+00	7.0154994461472053e-02
2.7075000000000000e+00	7.0165224918671082e-02
2.7124999999999999e+00	7.0175435471592704e-02
2.7175000000000002e+00	7.0185626104604104e-02
2.7225000000000001e+00	7.0195796802072108e-02
2.7275000000000000e+00	7.0205947548363720e-02
2.7324999999999999e+00	7.0216078327845932e-02
2.7375000000000003e+00	7.0226189124885596e-02
2.7425000000000002e+00	7.0236279923849843e-02
2.7475000000000001e+00	7.0246350709105523e-02
2.7524999999999999e+00	7.0256401465019602e-02
2.7574999999999998e+00	7.0266432175959084e-02
2.7625000000000002e+00	7.0276442826290947e-02
2.7675000000000001e+00	7.0286433400382139e-02
2.7725000000000000e+00	7.0296403882599584e-02
2.7774999999999999e+00	7.0306354257310300e-02
2.7825000000000002e+00	7.0316284508881235e-02
2.7875000000000001e+00	7.0326194621679355e-02
2.7925000000000000e+00	7.0336084580071609e-02
2.7974999999999999e+00	7.0345954368424959e-02
2.8025000000000002e+00	7.0355803971106412e-02
2.8075000000000001e+00	7.0365633372482916e-02
2.8125000000000000e+00	7.0375442556921436e-02
2.8174999999999999e+00	7.0385231508788865e-02
2.8225000000000002e+00	7.0395000212452305e-02
2.8275000000000001e+00	7.0404748652278623e-02
2.8325000000000000e+00	7.0414476812634769e-02
2.8374999999999999e+00	7.0424184677887761e-02
2.8425000000000002e+00	7.0433872232404590e-02
2.8475000000000001e+00	7.0443539460552124e-02
2.8525000000000000e+00	7.0453186346697422e-02
2.8574999999999999e+00	7.0462812875207420e-02
2.8625000000000003e+00	7.0472419030449027e-02
2.8675000000000002e+00	7.0482004796789316e-02
2.8725000000000001e+00	7.0491570158595154e-02
2.8774999999999999e+00	7.0501115100233533e-02
2.8824999999999998e+00	7.0510639606071429e-02
2.8875000000000002e+00	7.0520143660475834e-02
2.8925000000000001e+00	7.0529627247813656e-02
2.8975000000000000e+00	7.0539090352451900e-02
2.9024999999999999e+00	7.0548532958757515e-02
2.9075000000000002e+00	7.0557955051097465e-02
2.9125000000000001e+00	7.0567356613838755e-02
2.9175000000000000e+00	7.0576737631348266e-02
2.9224999999999999e+00	7.0586098087993057e-02
2.9275000000000002e+00	7.0595437968140010e-02
2.9325000000000001e+00	7.0604757256156156e-02
2.9375000000000000e+00	7.0614055936408404e-02
2.9424999999999999e+00	7.0623333993263759e-02
2.9475000000000002e+00	7.0632591411089157e-02
2.9525000000000001e+00	7.0641828174251603e-02
2.9575000000000000e+00	7.0651044267118018e-02
2.9624999999999999e+00	7.0660239674055422e-02
2.9675000000000002e+00	7.0669414379430723e-02
2.9725000000000001e+00	7.0678568367610897e-02
2.9775000000000000e+00	7.0687701622962923e-02
2.9824999999999999e+00	7.0696814129853763e-02
2.9875000000000003e+00	7.0705905872650382e-02
2.9925000000000002e+00	7.0714976835719756e-02
2.9975000000000001e+00	7.0724027003428822e-02
3.0024999999999999e+00	7.0733056360144583e-02
3.0075000000000003e+00	7.0742064890233949e-02
3.0125000000000002e+00	7.0751052578063939e-02
3.0175000000000001e+00	7.0760019408001515e-02
3.0225000000000000e+00	7.0768965364413586e-02
3.0274999999999999e+00	7.0777890431667156e-02
3.0325000000000002e+00	7.0786794594129218e-02
3.0375000000000001e+00	7.0795677836166720e-02
3.0425000000000000e+00	7.0804540142146571e-02
3.0474999999999999e+00	7.0813381496435776e-02
3.0525000000000002e+00	7.0822201883401339e-02
3.0575000000000001e+00	7.0831001287410184e-02
3.0625000000000000e+00	7.0839779692829244e-02
3.0674999999999999e+00	7.0848537084025554e-02
3.0725000000000002e+00	7.0857273445366048e-02
3.0775000000000001e+00	7.0865988761217677e-02
3.0825000000000000e+00	7.0874683015947432e-02
3.0874999999999999e+00	7.0883356193922234e-02
3.0925000000000002e+00	7.0892008279509075e-02
3.0975000000000001e+00	7.0900639257074960e-02
3.1025000000000000e+00	7.0909249110986797e-02
3.1074999999999999e+00	7.0917837825611549e-02
3.1125000000000003e+00	7.0926405385316235e-02
3.1175000000000002e+00	7.0934951774467778e-02
3.1225000000000001e+00	7.0943476977433154e-02
3.1274999999999999e+00	7.0951980978579313e-02
3.1325000000000003e+00	7.0960463762273232e-02
3.1375000000000002e+00	7.0968925312881889e-02
3.1425000000000001e+00	7.0977365614772234e-02
3.1475000000000000e+00	7.0985784652311229e-02
3.1524999999999999e+00	7.0994182409865839e-02
3.1575000000000002e+00	7.1002558871803054e-02
3.1625000000000001e+00	7.1010914022489810e-02
3.1675000000000000e+00	7.1019247846293043e-02
3.1724999999999999e+00	7.1027560327579814e-02
3.1775000000000002e+00	7.1035851450717002e-02
3.1825000000000001e+00	7.1044121200071614e-02
3.1875000000000000e+00	7.1052369560010584e-02
3.1924999999999999e+00	7.1060596514900903e-02
3.1975000000000002e+00	7.1068802049109522e-02
3.2025000000000001e+00	7.1076986147003404e-02
3.2075000000000000e+00	7.1085148792949526e-02
3.2124999999999999e+00	7.1093289971314852e-02
3.2175000000000002e+00	7.1101409666466345e-02
3.2225000000000001e+00	7.1109507862770940e-02
3.2275000000000000e+00	7.1117584544595644e-02
3.2324999999999999e+00	7.1125639696307405e-02
3.2375000000000003e+00	7.1133673302273201e-02
3.2425000000000002e+00	7.1141685346859981e-02
3.2475000000000001e+00	7.1149675814434710e-02
3.2524999999999999e+00	7.1157644689364349e-02
3.2575000000000003e+00	7.1165591956015892e-02
3.2625000000000002e+00	7.1173517598756258e-02
3.2675000000000001e+00	7.1181421601952469e-02
3.2725000000000000e+00	7.1189303949971430e-02
3.2774999999999999e+00	7.1197164627180162e-02
3.2825000000000002e+00	7.1205003617945573e-02
3.2875000000000001e+00	7.1212820906634666e-02
3.2925000000000000e+00	7.1220616477614393e-02
3.2974999999999999e+00	7.1228390315251716e-02
3.3025000000000002e+00	7.1236142403913613e-02
3.3075000000000001e+00	7.1243872727967061e-02
3.3125000000000000e+00	7.1251581271778983e-02
3.3174999999999999e+00	7.1259268019716354e-02
3.3225000000000002e+00	7.1266932956146181e-02
3.3275000000000001e+00	7.1274576065435399e-02
3.3325000000000000e+00	7.1282197331950972e-02
3.3374999999999999e+00	7.1289796740059849e-02
3.3425000000000002e+00	7.1297374274129022e-02
3.3475000000000001e+00	7.1304929918525439e-02
3.3525000000000000e+00	7.1312463657616093e-02
3.3574999999999999e+00	7.1319975475767919e-02
3.3625000000000003e+00	7.1327465357347880e-02
3.3675000000000002e+00	7.1334933286722968e-02
3.3725000000000001e+00	7.1342379248260118e-02
3.3774999999999999e+00	7.1349803226326308e-02
3.3825000000000003e+00	7.1357205205288501e-02
3.3875000000000002e+00	7.1364585169513675e-02
3.3925000000000001e+00	7.1371943103368779e-02
3.3975000000000000e+00	7.1379278991220776e-02
3.4024999999999999e+00	7.1386592817436673e-02
3.4075000000000002e+00	7.1393884566383348e-02
3.4125000000000001e+00	7.1401154222427862e-02
3.4175000000000000e+00	7.1408401769937110e-02
3.4224999999999999e+00	7.1415627193278097e-02
3.4275000000000002e+00	7.1422830476817772e-02
3.4325000000000001e+00	7.1430011604923113e-02
3.4375000000000000e+00	7.1437170561961041e-02
3.4424999999999999e+00	7.1444307332298590e-02
3.4475000000000002e+00	7.1451421900302667e-02
3.4525000000000001e+00	7.1458514250340249e-02
3.4575000000000000e+00	7.1465584366778329e-02
3.4624999999999999e+00	7.1472632233983854e-02
3.4675000000000002e+00	7.1479657836323776e-02
3.4725000000000001e+00	7.1486661158165085e-02
3.4775000000000000e+00	7.1493642183874717e-02
3.4824999999999999e+00	7.1500600897819649e-02
3.4875000000000003e+00	7.1507537284366873e-02
3.4925000000000002e+00	7.1514451327883310e-02
3.4975000000000001e+00	7.1521343012735952e-02
3.5024999999999999e+00	7.1528212323291762e-02
3.5075000000000003e+00	7.1535060903476749e-02
3.5125000000000002e+00	7.1541890384807766e-02
3.5175000000000001e+00	7.1548700733037970e-02
3.5225000000000000e+00	7.1555491913920632e-02
3.5274999999999999e+00	7.1562263893208883e-02
3.5325000000000002e+00	7.1569016636655949e-02
3.5375000000000001e+00	7.1575750110015005e-02
3.5425000000000000e+00	7.1582464279039235e-02
3.5474999999999999e+00	7.1589159109481812e-02
3.5525000000000002e+00	7.1595834567096020e-02
3.5575000000000001e+00	7.1602490617635017e-02
3.5625000000000000e+00	7.1609127226851949e-02
3.5674999999999999e+00	7.1615744360499972e-02
3.5725000000000002e+00	7.1622341984332497e-02
3.5775000000000001e+00	7.1628920064102500e-02
3.5825000000000000e+00	7.1635478565563265e-02
3.5874999999999999e+00	7.1642017454467910e-02
3.5925000000000002e+00	7.1648536696569787e-02
3.5975000000000001e+00	7.1655036257621943e-02
3.6025000000000000e+00	7.1661516103377648e-02
3.6074999999999999e+00	7.1667976199590075e-02
3.6125000000000003e+00	7.1674416512012395e-02
3.6175000000000002e+00	7.1680837006397852e-02
3.6225000000000001e+00	7.1687237648499560e-02
3.6274999999999999e+00	7.1693618404070805e-02
3.6325000000000003e+00	7.1699979238864703e-02
3.6375000000000002e+00	7.1706320118634537e-02
3.6425000000000001e+00	7.1712641009133438e-02
3.6475000000000000e+00	7.1718941876114606e-02
3.6524999999999999e+00	7.1725222685331241e-02
3.6575000000000002e+00	7.1731483402536586e-02
3.6625000000000001e+00	7.1737723993483757e-02
3.6675000000000000e+00	7.1743944423925968e-02
3.6724999999999999e+00	7.1750144659616447e-02
3.6775000000000002e+00	7.1756324666308380e-02
3.6825000000000001e+00	7.1762484409754926e-02
3.6875000000000000e+00	7.1768623855709326e-02
3.6924999999999999e+00	7.1774742969924740e-02
3.6975000000000002e+00	7.1780841718154464e-02
3.7025000000000001e+00	7.1786920066151463e-02
3.7075000000000000e+00	7.1792977979669187e-02
3.7124999999999999e+00	7.1799015424460613e-02
3.7175000000000002e+00	7.1805032366279123e-02
3.7225000000000001e+00	7.1811028770877777e-02
3.7275000000000000e+00	7.1817004604009860e-02
3.7324999999999999e+00	7.1822959831428543e-02
3.7375000000000003e+00	7.1828894418886929e-02
3.7425000000000002e+00	7.1834808332138386e-02
3.7475000000000001e+00	7.1840701536935961e-02
3.7524999999999999e+00	7.1846573999032881e-02
3.7575000000000003e+00	7.1852425684182361e-02
3.7625000000000002e+00	7.1858256558137615e-02
3.7675000000000001e+00	7.1864066586651856e-02
3.7725000000000000e+00	7.1869855735478175e-02
3.7774999999999999e+00	7.1875623970369826e-02
3.7825000000000002e+00	7.1881371257080037e-02
3.7875000000000001e+00	7.1887097561361982e-02
3.7925000000000000e+00	7.1892802848968831e-02
3.7974999999999999e+00	7.1898487085653787e-02
3.8025000000000002e+00	7.1904150237170075e-02
3.8075000000000001e+00	7.1909792269270856e-02
3.8125000000000000e+00	7.1915413147709328e-02
3.8174999999999999e+00	7.1921012838238665e-02
3.8225000000000002e+00	7.1926591306612178e-02
3.8275000000000001e+00	7.1932148518582928e-02
3.8325000000000000e+00	7.1937684439904115e-02
3.8374999999999999e+00	7.1943199036328995e-02
3.8425000000000002e+00	7.1948692273610795e-02
3.8475000000000001e+00	7.1954164117502578e-02
3.8525000000000000e+00	7.1959614533757654e-02
3.8574999999999999e+00	7.1965043488129196e-02
3.8625000000000003e+00	7.1970450946370348e-02
3.8675000000000002e+00	7.1975836874234367e-02
3.8725000000000001e+00	7.1981201237474410e-02
3.8774999999999999e+00	7.1986544001843678e-02
3.8825000000000003e+00	7.1991865133095370e-02
3.8875000000000002e+00	7.1997164596982674e-02
3.8925000000000001e+00	7.2002442359258789e-02
3.8975000000000000e+00	7.2007698385676916e-02
3.9025000000000003e+00	7.2012932641990254e-02
3.9075000000000002e+00	7.2018145093951977e-02
3.9125000000000001e+00	7.2023335707315297e-02
3.9175000000000000e+00	7.2028504447833402e-02
3.9224999999999999e+00	7.2033651281259492e-02
3.9275000000000002e+00	7.2038776173346739e-02
3.9325000000000001e+00	7.2043879089848384e-02
3.9375000000000000e+00	7.2048959996517559e-02
3.9424999999999999e+00	7.2054018859107505e-02
3.9475000000000002e+00	7.2059055643371409e-02
3.9525000000000001e+00	7.2064070315062456e-02
3.9575000000000000e+00	7.2069062839933834e-02
3.9624999999999999e+00	7.2074033183738784e-02
3.9675000000000002e+00	7.2078981312230450e-02
3.9725000000000001e+00	7.2083907191162019e-02
3.9775000000000000e+00	7.2088810786286719e-02
3.9824999999999999e+00	7.2093692063357737e-02
3.9875000000000003e+00	7.2098550988128285e-02
3.9925000000000002e+00	7.2103387526351509e-02
3.9975000000000001e+00	7.2108201643780651e-02
4.0025000000000004e+00	7.2112993306168868e-02
4.0075000000000003e+00	7.2117762479269376e-02
4.0125000000000002e+00	7.2122509128835374e-02
4.0175000000000001e+00	7.2127233220620063e-02
4.0225000000000000e+00	7.2131934720376586e-02
4.0274999999999999e+00	7.2136613593858187e-02
4.0324999999999998e+00	7.2141269806818079e-02
4.0374999999999996e+00	7.2145903325009433e-02
4.0425000000000004e+00	7.2150514114185396e-02
4.0475000000000003e+00	7.2155102140099223e-02
4.0525000000000002e+00	7.2159667368504085e-02
4.0575000000000001e+00	7.2164209765153198e-02
4.0625000000000000e+00	7.2168729295799705e-02
4.0674999999999999e+00	7.2173225926196849e-02
4.0724999999999998e+00	7.2177699622097830e-02
4.0774999999999997e+00	7.2182150349255819e-02
4.0825000000000005e+00	7.2186578073424018e-02
4.0875000000000004e+00	7.2190982760355599e-02
4.0925000000000002e+00	7.2195364375803761e-02
4.0975000000000001e+00	7.2199722885521761e-02
4.1025000000000000e+00	7.2204058255262715e-02
4.1074999999999999e+00	7.2208370450779866e-02
4.1124999999999998e+00	7.2212659437826371e-02
4.1174999999999997e+00	7.2216925182155473e-02
4.1225000000000005e+00	7.2221167649520329e-02
4.1275000000000004e+00	7.2225386805674127e-02
4.1325000000000003e+00	7.2229582616370094e-02
4.1375000000000002e+00	7.2233755047361403e-02
4.1425000000000001e+00	7.2237904064401254e-02
4.1475000000000000e+00	7.2242029633242860e-02
4.1524999999999999e+00	7.2246131719639381e-02
4.1574999999999998e+00	7.2250210289344030e-02
4.1624999999999996e+00	7.2254265308109994e-02
4.1675000000000004e+00	7.2258296741690473e-02
4.1725000000000003e+00	7.2262304555838666e-02
4.1775000000000002e+00	7.2266288716307775e-02
4.1825000000000001e+00	7.2270249188850971e-02
4.1875000000000000e+00	7.2274185939221469e-02
4.1924999999999999e+00	7.2278098933172441e-02
4.1974999999999998e+00	7.2281988136457101e-02
4.2024999999999997e+00	7.2285853514828663e-02
4.2075000000000005e+00	7.2289695034040272e-02
4.2125000000000004e+00	7.2293512659845155e-02
4.2175000000000002e+00	7.2297306357996499e-02
4.2225000000000001e+00	7.2301076094247491e-02
4.2275000000000000e+00	7.2304821834351329e-02
4.2324999999999999e+00	7.2308543544061230e-02
4.2374999999999998e+00	7.2312241189130363e-02
4.2424999999999997e+00	7.2315914735311931e-02
4.2475000000000005e+00	7.2319564148359120e-02
4.2525000000000004e+00	7.2323189394025156e-02
4.2575000000000003e+00	7.2326790438063185e-02
4.2625000000000002e+00	7.2330367246226449e-02
4.2675000000000001e+00	7.2333919784268105e-02
4.2725000000000000e+00	7.2337448017941355e-02
4.2774999999999999e+00	7.2340951912999427e-02
4.2824999999999998e+00	7.2344431435195478e-02
4.2875000000000005e+00	7.2347886550282695e-02
4.2925000000000004e+00	7.2351317224014347e-02
4.2975000000000003e+00	7.2354723422143524e-02
4.3025000000000002e+00	7.2358105110423496e-02
4.3075000000000001e+00	7.2361462254607420e-02
4.3125000000000000e+00	7.2364794820448497e-02
4.3174999999999999e+00	7.2368102773699927e-02
4.3224999999999998e+00	7.2371386080114897e-02
4.3274999999999997e+00	7.2374644705446661e-02
4.3325000000000005e+00	7.2377878615448310e-02
4.3375000000000004e+00	7.2381087775873112e-02
4.3425000000000002e+00	7.2384272152474227e-02
4.3475000000000001e+00	7.2387431711004868e-02
4.3525000000000000e+00	7.2390566417218249e-02
4.3574999999999999e+00	7.2393676236867530e-02
4.3624999999999998e+00	7.2396761135705895e-02
4.3674999999999997e+00	7.2399821079486573e-02
4.3725000000000005e+00	7.2402856033962751e-02
4.3775000000000004e+00	7.2405865964887600e-02
4.3825000000000003e+00	7.2408850838014335e-02
4.3875000000000002e+00	7.2411810619096156e-02
4.3925000000000001e+00	7.2414745273886236e-02
4.3975000000000000e+00	7.2417654768137815e-02
4.4024999999999999e+00	7.2420539067604039e-02
4.4074999999999998e+00	7.2423398138038109e-02
4.4125000000000005e+00	7.2426231945193237e-02
4.4175000000000004e+00	7.2429040454822624e-02
4.4225000000000003e+00	7.2431823632679443e-02
4.4275000000000002e+00	7.2434581444516880e-02
4.4325000000000001e+00	7.2437313856088176e-02
4.4375000000000000e+00	7.2440020833146462e-02
4.4424999999999999e+00	7.2442702341444995e-02
4.4474999999999998e+00	7.2445358346736932e-02
4.4524999999999997e+00	7.2447988814775474e-02
4.4575000000000005e+00	7.2450593711313821e-02
4.4625000000000004e+00	7.2453173002105159e-02
4.4675000000000002e+00	7.2455726652902688e-02
4.4725000000000001e+00	7.2458254629459637e-02
4.4775000000000000e+00	7.2460756897529122e-02
4.4824999999999999e+00	7.2463233422864384e-02
4.4874999999999998e+00	7.2465684171218653e-02
4.4924999999999997e+00	7.2468109108345058e-02
4.4975000000000005e+00	7.2470508199996828e-02
4.5025000000000004e+00	7.2472881411927148e-02
4.5075000000000003e+00	7.2475229825174334e-02
4.5125000000000002e+00	7.2477554544250700e-02
4.5175000000000001e+00	7.2479855570120599e-02
4.5225000000000000e+00	7.2482132903748372e-02
4.5274999999999999e+00	7.2484386546098262e-02
4.5324999999999998e+00	7.2486616498134607e-02
4.5375000000000005e+00	7.2488822760821706e-02
4.5425000000000004e+00	7.2491005335123884e-02
4.5475000000000003e+00	7.2493164222005357e-02
4.5525000000000002e+00	7.2495299422430604e-02
4.5575000000000001e+00	7.2497410937363810e-02
4.5625000000000000e+00	7.2499498767769288e-02
4.5674999999999999e+00	7.2501562914611337e-02
4.5724999999999998e+00	7.2503603378854406e-02
4.5774999999999997e+00	7.2505620161462614e-02
4.5825000000000005e+00	7.2507613263400383e-02
4.5875000000000004e+00	7.2509582685631915e-02
4.5925000000000002e+00	7.2511528429121716e-02
4.5975000000000001e+00	7.2513450494833903e-02
4.6025000000000000e+00	7.2515348883732886e-02
4.6074999999999999e+00	7.2517223596782879e-02
4.6124999999999998e+00	7.2519074634948305e-02
4.6174999999999997e+00	7.2520901999193407e-02
4.6225000000000005e+00	7.2522705690482470e-02
4.6275000000000004e+00	7.2524485709779846e-02
4.6325000000000003e+00	7.2526242058049806e-02
4.6375000000000002e+00	7.2527974736256717e-02
4.6425000000000001e+00	7.2529683745364851e-02
4.6475000000000000e+00	7.2531369086338518e-02
4.6524999999999999e+00	7.2533030760142017e-02
4.6574999999999998e+00	7.2534668767739674e-02
4.6625000000000005e+00	7.2536283110095787e-02
4.6675000000000004e+00	7.2537873788174626e-02
4.6725000000000003e+00	7.2539440802940572e-02
4.6775000000000002e+00	7.2540984155357896e-02
4.6825000000000001e+00	7.2542503846390924e-02
4.6875000000000000e+00	7.2543999877003912e-02
4.6924999999999999e+00	7.2545472248161200e-02
4.6974999999999998e+00	7.2546920960827224e-02
4.7024999999999997e+00	7.2548346015966006e-02
4.7075000000000005e+00	7.2549747414542121e-02
4.7125000000000004e+00	7.2551125157519686e-02
4.7175000000000002e+00	7.2552479245863166e-02
4.7225000000000001e+00	7.2553809680536763e-02
4.7275000000000000e+00	7.2555116462504829e-02
4.7324999999999999e+00	7.2556399592731691e-02
4.7374999999999998e+00	7.2557659072181549e-02
4.7424999999999997e+00	7.2558894901818910e-02
4.7475000000000005e+00	7.2560107082607905e-02
4.7525000000000004e+00	7.2561295615512861e-02
4.7575000000000003e+00	7.2562460501498144e-02
4.7625000000000002e+00	7.2563601741528080e-02
4.7675000000000001e+00	7.2564719336566941e-02
4.7725000000000000e+00	7.2565813287578981e-02
4.7774999999999999e+00	7.2566883595528583e-02
4.7824999999999998e+00	7.2567930261380045e-02
4.7875000000000005e+00	7.2568953286097665e-02
4.7925000000000004e+00	7.2569952670645740e-02
4.7975000000000003e+00	7.2570928415988584e-02
4.8025000000000002e+00	7.2571880523090521e-02
4.8075000000000001e+00	7.2572808992915835e-02
4.8125000000000000e+00	7.2573713826428882e-02
4.8174999999999999e+00	7.2574595024593874e-02
4.8224999999999998e+00	7.2575452588375236e-02
4.8274999999999997e+00	7.2576286518737196e-02
4.8325000000000005e+00	7.2577096816644038e-02
4.8375000000000004e+00	7.2577883483060157e-02
4.8425000000000002e+00	7.2578646518949852e-02
4.8475000000000001e+00	7.2579385925277337e-02
4.8525000000000000e+00	7.2580101703007036e-02
4.8574999999999999e+00	7.2580793853103176e-02
4.8624999999999998e+00	7.2581462376530057e-02
4.8674999999999997e+00	7.2582107274252100e-02
4.8725000000000005e+00	7.2582728547233494e-02
4.8775000000000004e+00	7.2583326196438577e-02
4.8825000000000003e+00	7.2583900222831677e-02
4.8875000000000002e+00	7.2584450627377103e-02
4.8925000000000001e+00	7.2584977411039156e-02
4.8975000000000000e+00	7.2585480574782119e-02
4.9024999999999999e+00	7.2585960119570331e-02
4.9074999999999998e+00	7.2586416046368105e-02
4.9125000000000005e+00	7.2586848356139738e-02
4.9175000000000004e+00	7.2587257049849516e-02
4.9225000000000003e+00	7.2587642128461777e-02
4.9275000000000002e+00	7.2588003592940806e-02
4.9325000000000001e+00	7.2588341444250956e-02
4.9375000000000000e+00	7.2588655683356457e-02
4.9424999999999999e+00	7.2588946311221675e-02
4.9474999999999998e+00	7.2589213328810909e-02
4.9524999999999997e+00	7.2589456737088470e-02
4.9575000000000005e+00	7.2589676537018658e-02
4.9625000000000004e+00	7.2589872729565783e-02
4.9675000000000002e+00	7.2590045315694157e-02
4.9725000000000001e+00	7.2590194296368080e-02
4.9775000000000000e+00	7.2590319672551848e-02
4.9824999999999999e+00	7.2590421445209774e-02
4.9874999999999998e+00	7.2590499615306225e-02
4.9924999999999997e+00	7.2590554183805417e-02
4.9975000000000005e+00	7.2590585151671716e-02
5.0025000000000004e+00	7.2590592519869407e-02
5.0075000000000003e+00	7.2590576289362815e-02
5.0125000000000002e+00	7.2590536461116240e-02
5.0175000000000001e+00	7.2590473036094005e-02
5.0225000000000000e+00	7.2590386015260369e-02
5.0274999999999999e+00	7.2590275399579685e-02
5.0324999999999998e+00	7.2590141190016250e-02
5.0375000000000005e+00	7.2589983387534390e-02
5.0425000000000004e+00	7.2589801993098363e-02
5.0475000000000003e+00	7.2589597007672507e-02
5.0525000000000002e+00	7.2589368432221149e-02
5.0575000000000001e+00	7.2589116267708587e-02
5.0625000000000000e+00	7.2588840515099090e-02
5.0674999999999999e+00	7.2588541175357027e-02
5.0724999999999998e+00	7.2588218249446668e-02
5.0774999999999997e+00	7.2587871738332338e-02
5.0825000000000005e+00	7.2587501642978322e-02
5.0875000000000004e+00	7.2587107964348932e-02
5.0925000000000002e+00	7.2586690703408493e-02
5.0975000000000001e+00	7.2586249861121319e-02
5.1025000000000000e+00	7.2585785438451692e-02
5.1074999999999999e+00	7.2585297436363938e-02
5.1124999999999998e+00	7.2584785855822342e-02
5.1174999999999997e+00	7.2584250697791272e-02
5.1225000000000005e+00	7.2583691963234970e-02
5.1275000000000004e+00	7.2583109653117761e-02
5.1325000000000003e+00	7.2582503768403944e-02
5.1375000000000002e+00	7.2581874310057887e-02
5.1425000000000001e+00	7.2581221279043817e-02
5.1475000000000000e+00	7.2580544676326103e-02
5.1524999999999999e+00	7.2579844502869015e-02
5.1574999999999998e+00	7.2579120759636878e-02
5.1625000000000005e+00	7.2578373447594005e-02
5.1675000000000004e+00	7.2577602567704666e-02
5.1725000000000003e+00	7.2576808120933228e-02
5.1775000000000002e+00	7.2575990108243962e-02
5.1825000000000001e+00	7.2575148530601180e-02
5.1875000000000000e+00	7.2574283388969207e-02
5.1924999999999999e+00	7.2573394684312328e-02
5.1974999999999998e+00	7.2572482417594869e-02
5.2024999999999997e+00	7.2571546589781127e-02
5.2075000000000005e+00	7.2570587201835388e-02
5.2125000000000004e+00	7.2569604254722017e-02
5.2175000000000002e+00	7.2568597749405273e-02
5.2225000000000001e+00	7.2567567686849480e-02
5.2275000000000000e+00	7.2566514068018950e-02
5.2324999999999999e+00	7.2565436893877983e-02
5.2374999999999998e+00	7.2564336165390902e-02
5.2424999999999997e+00	7.2563211883522008e-02
5.2475000000000005e+00	7.2562064049235583e-02
5.2525000000000004e+00	7.2560892663495996e-02
5.2575000000000003e+00	7.2559697727267475e-02
5.2625000000000002e+00	7.2558479241514401e-02
5.2675000000000001e+00	7.2557237207201031e-02
5.2725000000000000e+00	7.2555971625291690e-02
5.2774999999999999e+00	7.2554682496750719e-02
5.2824999999999998e+00	7.2553369822542374e-02
5.2875000000000005e+00	7.2552033603630967e-02
5.2925000000000004e+00	7.2550673840980850e-02
5.2975000000000003e+00	7.2549290535556296e-02
5.3025000000000002e+00	7.2547883688321629e-02
5.3075000000000001e+00	7.2546453300241148e-02
5.3125000000000000e+00	7.2544999372279137e-02
5.3174999999999999e+00	7.2543521905399963e-02
5.3224999999999998e+00	7.2542020900567883e-02
5.3274999999999997e+00	7.2540496358747222e-02
5.3325000000000005e+00	7.2538948280902307e-02
5.3375000000000004e+00	7.2537376667997408e-02
5.3425000000000002e+00	7.2535781520996864e-02
5.3475000000000001e+00	7.2534162840864960e-02
5.3525000000000000e+00	7.2532520628566022e-02
5.3574999999999999e+00	7.2530854885064347e-02
5.3624999999999998e+00	7.2529165611324248e-02
5.3674999999999997e+00	7.2527452808310050e-02
5.3725000000000005e+00	7.2525716476986024e-02
5.3775000000000004e+00	7.2523956618316496e-02
5.3825000000000003e+00	7.2522173233265791e-02
5.3875000000000002e+00	7.2520366322798194e-02
5.3925000000000001e+00	7.2518535887878016e-02
5.3975000000000000e+00	7.2516681929469570e-02
5.4024999999999999e+00	7.2514804448537168e-02
5.4074999999999998e+00	7.2512903446045121e-02
5.4125000000000005e+00	7.2510978922957700e-02
5.4175000000000004e+00	7.2509030880239272e-02
5.4225000000000003e+00	7.2507059318854108e-02
5.4275000000000002e+00	7.2505064239766534e-02
5.4325000000000001e+00	7.2503045643940833e-02
5.4375000000000000e+00	7.2501003532341332e-02
5.4424999999999999e+00	7.2498937905932329e-02
5.4474999999999998e+00	7.2496848765678135e-02
5.4524999999999997e+00	7.2494736112543062e-02
5.4575000000000005e+00	7.2492599947491410e-02
5.4625000000000004e+00	7.2490440271487530e-02
5.4675000000000002e+00	7.2488257085495653e-02
5.4725000000000001e+00	7.2486050390480145e-02
5.4775000000000000e+00	7.2483820187405290e-02
5.4824999999999999e+00	7.2481566477235401e-02
5.4874999999999998e+00	7.2479289260934804e-02
5.4924999999999997e+00	7.2476988539467782e-02
5.4975000000000005e+00	7.2474664313798648e-02
5.5025000000000004e+00	7.2472316584891699e-02
5.5075000000000003e+00	7.2469944260069197e-02
5.5125000000000002e+00	7.2467546267343863e-02
5.5175000000000001e+00	7.2465122638715865e-02
5.5225000000000000e+00	7.2462673406185396e-02
5.5274999999999999e+00	7.2460198601752471e-02
5.5324999999999998e+00	7.2457698257417325e-02
5.5375000000000005e+00	7.2455172405180027e-02
5.5425000000000004e+00	7.2452621077040702e-02
5.5475000000000003e+00	7.2450044304999503e-02
5.5525000000000002e+00	7.2447442121056610e-02
5.5575000000000001e+00	7.2444814557212134e-02
5.5625000000000000e+00	7.2442161645466158e-02
5.5674999999999999e+00	7.2439483417818792e-02
5.5724999999999998e+00	7.2436779906270371e-02
5.5774999999999997e+00	7.2434051142820796e-02
5.5825000000000005e+00	7.2431297159470304e-02
5.5875000000000004e+00	7.2428517988218963e-02
5.5925000000000002e+00	7.2425713661067079e-02
5.5975000000000001e+00	7.2422884210014596e-02
5.6025000000000000e+00	7.2420029667061736e-02
5.6074999999999999e+00	7.2417150064208596e-02
5.6124999999999998e+00	7.2414245433455357e-02
5.6174999999999997e+00	7.2411315806802115e-02
5.6225000000000005e+00	7.2408361216248981e-02
5.6275000000000004e+00	7.2405381693796150e-02
5.6325000000000003e+00	7.2402377271443705e-02
5.6375000000000002e+00	7.2399347981191797e-02
5.6425000000000001e+00	7.2396293855040608e-02
5.6475000000000000e+00	7.2393214924990179e-02
5.6524999999999999e+00	7.2390111223040704e-02
5.6574999999999998e+00	7.2386982781192349e-02
5.6625000000000005e+00	7.2383829631445143e-02
5.6675000000000004e+00	7.2380651805799279e-02
5.6725000000000003e+00	7.2377449336254923e-02
5.6775000000000002e+00	7.2374222254812159e-02
5.6825000000000001e+00	7.2370970593471140e-02
5.6875000000000000e+00	7.2367694384231990e-02
5.6924999999999999e+00	7.2364393659094847e-02
5.6974999999999998e+00	7.2361068450059962e-02
5.7024999999999997e+00	7.2357718789127196e-02
5.7075000000000005e+00	7.2354344708296922e-02
5.7125000000000004e+00	7.2350946239569128e-02
5.7175000000000002e+00	7.2347523414944076e-02
5.7225000000000001e+00	7.2344076266421808e-02
5.7275000000000000e+00	7.2340604826002478e-02
5.7324999999999999e+00	7.2337109125686277e-02
5.7374999999999998e+00	7.2333589197473222e-02
5.7424999999999997e+00	7.2330045073363589e-02
5.7475000000000005e+00	7.2326476785357377e-02
5.7525000000000004e+00	7.2322884365454768e-02
5.7575000000000003e+00	7.2319267845655927e-02
5.7625000000000002e+00	7.2315627257960979e-02
5.7675000000000001e+00	7.2311962634370078e-02
5.7725000000000000e+00	7.2308274006883250e-02
5.7774999999999999e+00	7.2304561407500731e-02
5.7824999999999998e+00	7.2300824868222646e-02
5.7875000000000005e+00	7.2297064421049093e-02
5.7925000000000004e+00	7.2293280097980236e-02
5.7975000000000003e+00	7.2289471931016175e-02
5.8025000000000002e+00	7.2285639952157074e-02
5.8075000000000001e+00	7.2281784193403059e-02
5.8125000000000000e+00	7.2277904686754282e-02
5.8174999999999999e+00	7.2274001464210799e-02
5.8224999999999998e+00	7.2270074557772873e-02
5.8274999999999997e+00	7.2266123999440532e-02
5.8325000000000005e+00	7.2262149821213914e-02
5.8375000000000004e+00	7.2258152055093200e-02
5.8425000000000002e+00	7.2254130733078542e-02
5.8475000000000001e+00	7.2250085887169982e-02
5.8525000000000000e+00	7.2246017549367741e-02
5.8574999999999999e+00	7.2241925751671932e-02
5.8624999999999998e+00	7.2237810526082621e-02
5.8674999999999997e+00	7.2233671904600075e-02
5.8725000000000005e+00	7.2229509919224291e-02
5.8775000000000004e+00	7.2225324601955479e-02
5.8825000000000003e+00	7.2221115984793749e-02
5.8875000000000002e+00	7.2216884099739254e-02
5.8925000000000001e+00	7.2212628978792090e-02
5.8975000000000000e+00	7.2208350653952438e-02
5.9024999999999999e+00	7.2204049157220382e-02
5.9074999999999998e+00	7.2199724520596115e-02
5.9125000000000005e+00	7.2195376776079748e-02
5.9175000000000004e+00	7.2191005955671378e-02
5.9225000000000003e+00	7.2186612091371158e-02
5.9275000000000002e+00	7.2182195215179240e-02
5.9325000000000001e+00	7.2177755359095749e-02
5.9375000000000000e+00	7.2173292555120824e-02
5.9424999999999999e+00	7.2168806835254562e-02
5.9474999999999998e+00	7.2164298231497129e-02
5.9524999999999997e+00	7.2159766775848663e-02
5.9575000000000005e+00	7.2155212500309276e-02
5.9625000000000004e+00	7.2150635436879149e-02
5.9675000000000002e+00	7.2146035617558377e-02
5.9725000000000001e+00	7.2141413074347085e-02
5.9775000000000000e+00	7.2136767839245428e-02
5.9824999999999999e+00	7.2132099944253514e-02
5.9874999999999998e+00	7.2127409421371511e-02
5.9924999999999997e+00	7.2122696302599515e-02
5.9975000000000005e+00	7.2117960619937707e-02
6.0025000000000004e+00	7.2113202405386184e-02
6.0075000000000003e+00	7.2108421690945071e-02
6.0125000000000002e+00	7.2103618508614548e-02
6.0175000000000001e+00	7.2098792890394711e-02
6.0225000000000000e+00	7.2093944868285686e-02
6.0274999999999999e+00	7.2089074474287640e-02
6.0324999999999998e+00	7.2084181740400682e-02
6.0375000000000005e+00	7.2079266698625008e-02
6.0425000000000004e+00	7.2074329380960631e-02
6.0475000000000003e+00	7.2069369819407758e-02
6.0525000000000002e+00	7.2064388045966557e-02
6.0575000000000001e+00	7.2059384092637110e-02
6.0625000000000000e+00	7.2054357991419501e-02
6.0674999999999999e+00	7.2049309774313994e-02
6.0724999999999998e+00	7.2044239473320629e-02
6.0775000000000006e+00	7.2039147120439573e-02
6.0825000000000005e+00	7.2034032747670937e-02
6.0875000000000004e+00	7.2028896387014874e-02
6.0925000000000002e+00	7.2023738070471494e-02
6.0975000000000001e+00	7.2018557830040963e-02
6.1025000000000000e+00	7.2013355697723408e-02
6.1074999999999999e+00	7.2008131705518938e-02
6.1124999999999998e+00	7.2002885885427706e-02
6.1174999999999997e+00	7.1997618269449878e-02
6.1225000000000005e+00	7.1992328889585511e-02
6.1275000000000004e+00	7.1987017777834783e-02
6.1325000000000003e+00	7.1981684966197834e-02
6.1375000000000002e+00	7.1976330486674789e-02
6.1425000000000001e+00	7.1970954371265786e-02
6.1475000000000000e+00	7.1965556651970936e-02
6.1524999999999999e+00	7.1960137360790391e-02
6.1574999999999998e+00	7.1954696529724291e-02
6.1625000000000005e+00	7.1949234190772773e-02
6.1675000000000004e+00	7.1943750375935936e-02
6.1725000000000003e+00	7.1938245117213959e-02
6.1775000000000002e+00	7.1932718446606939e-02
6.1825000000000001e+00	7.1927170396115028e-02
6.1875000000000000e+00	7.1921600997738352e-02
6.1924999999999999e+00	7.1916010283477064e-02
6.1974999999999998e+00	7.1910398285331259e-02
6.2025000000000006e+00	7.1904765035301105e-02
6.2075000000000005e+00	7.1899110565386753e-02
6.2125000000000004e+00	7.1893434907588274e-02
6.2175000000000002e+00	7.1887738093905834e-02
6.2225000000000001e+00	7.1882020156339585e-02
6.2275000000000000e+00	7.1876281126889638e-02
6.2324999999999999e+00	7.1870521037556132e-02
6.2374999999999998e+00	7.1864739920339205e-02
6.2424999999999997e+00	7.1858937807238982e-02
6.2475000000000005e+00	7.1853114730255602e-02
6.2525000000000004e+00	7.1847270721389231e-02
6.2575000000000003e+00	7.1841405812639939e-02
6.2625000000000002e+00	7.1835520036007877e-02
6.2675000000000001e+00	7.1829613423493213e-02
6.2725000000000000e+00	7.1823686007096044e-02
6.2774999999999999e+00	7.1817737818816549e-02
6.2824999999999998e+00	7.1811768890654812e-02
6.2875000000000005e+00	7.1805779254610971e-02
6.2925000000000004e+00	7.1799768942685208e-02
6.2975000000000003e+00	7.1793737986877604e-02
6.3025000000000002e+00	7.1787686419188312e-02
6.3075000000000001e+00	7.1781614271617472e-02
6.3125000000000000e+00	7.1775521576165208e-02
6.3174999999999999e+00	7.1769408364831658e-02
6.3224999999999998e+00	7.1763274669616961e-02
6.3275000000000006e+00	7.1757120522521242e-02
6.3325000000000005e+00	7.1750945955544640e-02
6.3375000000000004e+00	7.1744751000687279e-02
6.3425000000000002e+00	7.1738535689949312e-02
6.3475000000000001e+00	7.1732300055330836e-02
6.3525000000000000e+00	7.1726044128832017e-02
6.3574999999999999e+00	7.1719767942452994e-02
6.3624999999999998e+00	7.1713471528193878e-02
6.3674999999999997e+00	7.1707154918054822e-02
6.3725000000000005e+00	7.1700818144035949e-02
6.3775000000000004e+00	7.1694461238137386e-02
6.3825000000000003e+00	7.1688084232359270e-02
6.3875000000000002e+00	7.1681687158701726e-02
6.3925000000000001e+00	7.1675270049164908e-02
6.3975000000000000e+00	7.1668832935748966e-02
6.4024999999999999e+00	7.1662375850453999e-02
6.4074999999999998e+00	7.1655898825280132e-02
6.4125000000000005e+00	7.1649401892227529e-02
6.4175000000000004e+00	7.1642885083296332e-02
6.4225000000000003e+00	7.1636348430486621e-02
6.4275000000000002e+00	7.1629791965798578e-02
6.4325000000000001e+00	7.1623215721232314e-02
6.4375000000000000e+00	7.1616619728787981e-02
6.4424999999999999e+00	7.1610004020465703e-02
6.4474999999999998e+00	7.1603368628265607e-02
6.4525000000000006e+00	7.1596713584187843e-02
6.4575000000000005e+00	7.1590038920232524e-02
6.4625000000000004e+00	7.1583344668399801e-02
6.4675000000000002e+00	7.1576630860689786e-02
6.4725000000000001e+00	7.1569897529102644e-02
6.4775000000000000e+00	7.1563144705638487e-02
6.4824999999999999e+00	7.1556372422297440e-02
6.4874999999999998e+00	7.1549580711079655e-02
6.4924999999999997e+00	7.1542769603985271e-02
6.4975000000000005e+00	7.1535939133014412e-02
6.5025000000000004e+00	7.1529089330167189e-02
6.5075000000000003e+00	7.1522218541129279e-02
6.5125000000000002e+00	7.1515325102600821e-02
6.5175000000000001e+00	7.1508409033103709e-02
6.5225000000000000e+00	7.1501470351159918e-02
6.5274999999999999e+00	7.1494509075291285e-02
6.5324999999999998e+00	7.1487525224019785e-02
6.5375000000000005e+00	7.1480518815867242e-02
6.5425000000000004e+00	7.1473489869355644e-02
6.5475000000000003e+00	7.1466438403006816e-02
6.5525000000000002e+00	7.1459364435342759e-02
6.5575000000000001e+00	7.1452267984885381e-02
6.5625000000000000e+00	7.1445149070156505e-02
6.5674999999999999e+00	7.1438007709678064e-02
6.5724999999999998e+00	7.1430843921972104e-02
6.5775000000000006e+00	7.1423657725560363e-02
6.5825000000000005e+00	7.1416449138964860e-02
6.5875000000000004e+00	7.1409218180707376e-02
6.5925000000000002e+00	7.1401964869309983e-02
6.5975000000000001e+00	7.1394689223294519e-02
6.6025000000000000e+00	7.1387391261182875e-02
6.6074999999999999e+00	7.1380071001496972e-02
6.6124999999999998e+00	7.1372728462758744e-02
6.6174999999999997e+00	7.1365363663490083e-02
6.6225000000000005e+00	7.1357976622212868e-02
6.6275000000000004e+00	7.1350567357449046e-02
6.6325000000000003e+00	7.1343135887720510e-02
6.6375000000000002e+00	7.1335682231549208e-02
6.6425000000000001e+00	7.1328206407457032e-02
6.6475000000000000e+00	7.1320708433965874e-02
6.6524999999999999e+00	7.1313188329597627e-02
6.6574999999999998e+00	7.1305646112874266e-02
6.6625000000000005e+00	7.1298081802317642e-02
6.6675000000000004e+00	7.1290495416449662e-02
6.6725000000000003e+00	7.1282886973792287e-02
6.6775000000000002e+00	7.1275256492867395e-02
6.6825000000000001e+00	7.1267603992196893e-02
6.6875000000000000e+00	7.1259929490302715e-02
6.6924999999999999e+00	7.1252233005706697e-02
6.6974999999999998e+00	7.1244514556930955e-02
6.7025000000000006e+00	7.1236774162497088e-02
6.7075000000000005e+00	7.1229011840927267e-02
6.7125000000000004e+00	7.1221227610743204e-02
6.7175000000000002e+00	7.1213421490467013e-02
6.7225000000000001e+00	7.1205593498620448e-02
6.7275000000000000e+00	7.1197743653725484e-02
6.7324999999999999e+00	7.1189871974304042e-02
6.7374999999999998e+00	7.1181978478877916e-02
6.7424999999999997e+00	7.1174063185969250e-02
6.7475000000000005e+00	7.1166126114099740e-02
6.7525000000000004e+00	7.1158167281791335e-02
6.7575000000000003e+00	7.1150186707565996e-02
6.7625000000000002e+00	7.1142184409945616e-02
6.7675000000000001e+00	7.1134160407452143e-02
6.7725000000000000e+00	7.1126114718607414e-02
6.7774999999999999e+00	7.1118047361933362e-02
6.7824999999999998e+00	7.1109958355951949e-02
6.7875000000000005e+00	7.1101847719185013e-02
6.7925000000000004e+00	7.1093715470154528e-02
6.7975000000000003e+00	7.1085561627382318e-02
6.8025000000000002e+00	7.1077386209390386e-02
6.8075000000000001e+00	7.1069189234700597e-02
6.8125000000000000e+00	7.1060970721834871e-02
6.8174999999999999e+00	7.1052730689315072e-02
6.8224999999999998e+00	7.1044469155663245e-02
6.8275000000000006e+00	7.1036186139401158e-02
6.8325000000000005e+00	7.1027881659050732e-02
6.8375000000000004e+00	7.1019555733133941e-02
6.8425000000000002e+00	7.1011208380172705e-02
6.8475000000000001e+00	7.1002839618688848e-02
6.8525000000000000e+00	7.0994449467204360e-02
6.8574999999999999e+00	7.0986037944241118e-02
6.8624999999999998e+00	7.0977605068321001e-02
6.8674999999999997e+00	7.0969150857966026e-02
6.8725000000000005e+00	7.0960675331697975e-02
6.8775000000000004e+00	7.0952178508038824e-02
6.8825000000000003e+00	7.0943660405510478e-02
6.8875000000000002e+00	7.0935121042634858e-02
6.8925000000000001e+00	7.0926560437933842e-02
6.8975000000000000e+00	7.0917978609929336e-02
6.9024999999999999e+00	7.0909375577143302e-02
6.9074999999999998e+00	7.0900751358097605e-02
6.9125000000000005e+00	7.0892105971314193e-02
6.9175000000000004e+00	7.0883439435314916e-02
6.9225000000000003e+00	7.0874751768621749e-02
6.9275000000000002e+00	7.0866042989756559e-02
6.9325000000000001e+00	7.0857313117241263e-02
6.9375000000000000e+00	7.0848562169597784e-02
6.9424999999999999e+00	7.0839790165348013e-02
6.9474999999999998e+00	7.0830997123013897e-02
6.9525000000000006e+00	7.0822183061117289e-02
6.9575000000000005e+00	7.0813347998180148e-02
6.9625000000000004e+00	7.0804491952724397e-02
6.9675000000000002e+00	7.0795614943271898e-02
6.9725000000000001e+00	7.0786716988344572e-02
6.9775000000000000e+00	7.0777798106464340e-02
6.9824999999999999e+00	7.0768858316153108e-02
6.9874999999999998e+00	7.0759897635932795e-02
6.9924999999999997e+00	7.0750916084325294e-02
6.9975000000000005e+00	7.0741913679852525e-02
7.0025000000000004e+00	7.0732890441036408e-02
7.0075000000000003e+00	7.0723846386398823e-02
7.0125000000000002e+00	7.0714781534461729e-02
7.0175000000000001e+00	7.0705695903747007e-02
7.0225000000000000e+00	7.0696589512776548e-02
7.0274999999999999e+00	7.0687462380072258e-02
7.0324999999999998e+00	7.0678314524156113e-02
7.0375000000000005e+00	7.0669145963549979e-02
7.0425000000000004e+00	7.0659956716775746e-02
7.0475000000000003e+00	7.0650746802355335e-02
7.0525000000000002e+00	7.0641516238810695e-02
7.0575000000000001e+00	7.0632265044663717e-02
7.0625000000000000e+00	7.0622993238436266e-02
7.0674999999999999e+00	7.0613700838650290e-02
7.0724999999999998e+00	7.0604387863827722e-02
7.0775000000000006e+00	7.0595054332490442e-02
7.0825000000000005e+00	7.0585700263160356e-02
7.0875000000000004e+00	7.0576325674359397e-02
7.0925000000000002e+00	7.0566930584609416e-02
7.0975000000000001e+00	7.0557515012432417e-02
7.1025000000000000e+00	7.0548078976350251e-02
7.1074999999999999e+00	7.0538622494884823e-02
7.1124999999999998e+00	7.0529145586558067e-02
7.1174999999999997e+00	7.0519648269891905e-02
7.1225000000000005e+00	7.0510130563408213e-02
7.1275000000000004e+00	7.0500592485628899e-02
7.1325000000000003e+00	7.0491034055075882e-02
7.1375000000000002e+00	7.0481455290271111e-02
7.1425000000000001e+00	7.0471856209736436e-02
7.1475000000000000e+00	7.0462236831993805e-02
7.1524999999999999e+00	7.0452597175565110e-02
7.1574999999999998e+00	7.0442937258972285e-02
7.1625000000000005e+00	7.0433257100737209e-02
7.1675000000000004e+00	7.0423556719381802e-02
7.1725000000000003e+00	7.0413836133428012e-02
7.1775000000000002e+00	7.0404095361397689e-02
7.1825000000000001e+00	7.0394334421812782e-02
7.1875000000000000e+00	7.0384553333195182e-02
7.1924999999999999e+00	7.0374752114066824e-02
7.1974999999999998e+00	7.0364930782949586e-02
7.2025000000000006e+00	7.0355089358365375e-02
7.2075000000000005e+00	7.0345227858836137e-02
7.2125000000000004e+00	7.0335346302883767e-02
7.2175000000000002e+00	7.0325444709030155e-02
7.2225000000000001e+00	7.0315523095797236e-02
7.2275000000000000e+00	7.0305581481706930e-02
7.2324999999999999e+00	7.0295619885281116e-02
7.2374999999999998e+00	7.0285638325041713e-02
7.2424999999999997e+00	7.0275636819510628e-02
7.2475000000000005e+00	7.0265615387209782e-02
7.2525000000000004e+00	7.0255574046661093e-02
7.2575000000000003e+00	7.0245512816386455e-02
7.2625000000000002e+00	7.0235431714907773e-02
7.2675000000000001e+00	7.0225330760746982e-02
7.2725000000000000e+00	7.0215209972425974e-02
7.2774999999999999e+00	7.0205069368466669e-02
7.2824999999999998e+00	7.0194908967390932e-02
7.2875000000000005e+00	7.0184728787720752e-02
7.2925000000000004e+00	7.0174528847977979e-02
7.2975000000000003e+00	7.0164309166684549e-02
7.3025000000000002e+00	7.0154069762362367e-02
7.3075000000000001e+00	7.0143810653533326e-02
7.3125000000000000e+00	7.0133531858719358e-02
7.3174999999999999e+00	7.0123233396442344e-02
7.3224999999999998e+00	7.0112915285224259e-02
7.3275000000000006e+00	7.0102577543586952e-02
7.3325000000000005e+00	7.0092220190052346e-02
7.3375000000000004e+00	7.0081843243142358e-02
7.3425000000000002e+00	7.0071446721378911e-02
7.3475000000000001e+00	7.0061030643283881e-02
7.3525000000000000e+00	7.0050595027379203e-02
7.3574999999999999e+00	7.0040139892186784e-02
7.3624999999999998e+00	7.0029665256228529e-02
7.3674999999999997e+00	7.0019171138026359e-02
7.3725000000000005e+00	7.0008657556102166e-02
7.3775000000000004e+00	6.9998124528977870e-02
7.3825000000000003e+00	6.9987572075175405e-02
7.3875000000000002e+00	6.9977000213216609e-02
7.3925000000000001e+00	6.9966408961623469e-02
7.3975000000000000e+00	6.9955798338917866e-02
7.4024999999999999e+00	6.9945168363621732e-02
7.4074999999999998e+00	6.9934519054256905e-02
7.4125000000000005e+00	6.9923850429345388e-02
7.4175000000000004e+00	6.9913162507409046e-02
7.4225000000000003e+00	6.9902455306969757e-02
7.4275000000000002e+00	6.9891728846549511e-02
7.4325000000000001e+00	6.9880983144670158e-02
7.4375000000000000e+00	6.9870218219853605e-02
7.4424999999999999e+00	6.9859434090621800e-02
7.4474999999999998e+00	6.9848630775496592e-02
7.4525000000000006e+00	6.9837808292999973e-02
7.4575000000000005e+00	6.9826966661653805e-02
7.4625000000000004e+00	6.9816105899980010e-02
7.4675000000000002e+00	6.9805226026500466e-02
7.4725000000000001e+00	6.9794327059737149e-02
7.4775000000000000e+00	6.9783409018211895e-02
7.4824999999999999e+00	6.9772471920446666e-02
7.4874999999999998e+00	6.9761515784963368e-02
7.4924999999999997e+00	6.9750540630283880e-02
7.4975000000000005e+00	6.9739546474930136e-02
7.5025000000000004e+00	6.9728533337424042e-02
7.5075000000000003e+00	6.9717688429741381e-02
7.5125000000000002e+00	6.9707195176355458e-02
7.5175000000000001e+00	6.9697047914534446e-02
7.5225000000000000e+00	6.9687240981546633e-02
7.5274999999999999e+00	6.9677768714660165e-02
7.5324999999999998e+00	6.9668625451143287e-02
7.5375000000000005e+00	6.9659805528264132e-02
7.5425000000000004e+00	6.9651303283290958e-02
7.5475000000000003e+00	6.9643113053491926e-02
7.5525000000000002e+00	6.9635229176135321e-02
7.5575000000000001e+00	6.9627645988489292e-02
7.5625000000000000e+00	6.9620357827822069e-02
7.5674999999999999e+00	6.9613359031401770e-02
7.5724999999999998e+00	6.9606643936496806e-02
7.5775000000000006e+00	6.9600206880375159e-02
7.5825000000000005e+00	6.9594042200305170e-02
7.5875000000000004e+00	6.9588144233554902e-02
7.5925000000000002e+00	6.9582507317392767e-02
7.5975000000000001e+00	6.9577125789086855e-02
7.6025000000000000e+00	6.9571993985905328e-02
7.6074999999999999e+00	6.9567106245116472e-02
7.6124999999999998e+00	6.9562456903988490e-02
7.6174999999999997e+00	6.9558040299789514e-02
7.6225000000000005e+00	6.9553850769787789e-02
7.6275000000000004e+00	6.9549882651251546e-02
7.6325000000000003e+00	6.9546130281448931e-02
7.6375000000000002e+00	6.9542587997648245e-02
7.6425000000000001e+00	6.9539250137117634e-02
7.6475000000000000e+00	6.9536111037125287e-02
7.6524999999999999e+00	6.9533165034939406e-02
7.6574999999999998e+00	6.9530406467828279e-02
7.6625000000000005e+00	6.9527829673059996e-02
7.6675000000000004e+00	6.9525428987902829e-02
7.6725000000000003e+00	6.9523198749624968e-02
7.6775000000000002e+00	6.9521133295494628e-02
7.6825000000000001e+00	6.9519226962779998e-02
7.6875000000000000e+00	6.9517474088749309e-02
7.6924999999999999e+00	6.9515869010670722e-02
7.6974999999999998e+00	6.9514406065812578e-02
7.7025000000000006e+00	6.9513079591442845e-02
7.7075000000000005e+00	6.9511883924829945e-02
7.7125000000000004e+00	6.9510813403241889e-02
7.7175000000000002e+00	6.9509862363947100e-02
7.7225000000000001e+00	6.9509025144213615e-02
7.7275000000000000e+00	6.9508296081309720e-02
7.7324999999999999e+00	6.9507669512503617e-02
7.7374999999999998e+00	6.9507139775063412e-02
7.7425000000000006e+00	6.9506701206257487e-02
7.7475000000000005e+00	6.9506348143353908e-02
7.7525000000000004e+00	6.9506074923620903e-02
7.7575000000000003e+00	6.9505875884326718e-02
7.7625000000000002e+00	6.9505745362739541e-02
7.7675000000000001e+00	6.9505677696127588e-02
7.7725000000000000e+00	6.9505667221759021e-02
7.7774999999999999e+00	6.9505708276902070e-02
7.7824999999999998e+00	6.9505795198824966e-02
7.7875000000000005e+00	6.9505922324795882e-02
7.7925000000000004e+00	6.9506083992083065e-02
7.7975000000000003e+00	6.9506274537954618e-02
7.8025000000000002e+00	6.9506488299678884e-02
7.8075000000000001e+00	6.9506719614523982e-02
7.8125000000000000e+00	6.9506962819758156e-02
7.8174999999999999e+00	6.9507212252649539e-02
7.8224999999999998e+00	6.9507462250466473e-02
7.8275000000000006e+00	6.9507707150477036e-02
7.8325000000000005e+00	6.9507941289949443e-02
7.8375000000000004e+00	6.9508159006151954e-02
7.8425000000000002e+00	6.9508354636352812e-02
7.8475000000000001e+00	6.9508522517820082e-02
7.8525000000000000e+00	6.9508656987822090e-02
7.8574999999999999e+00	6.9508752383627012e-02
7.8624999999999998e+00	6.9508803042503009e-02
7.8675000000000006e+00	6.9508803301718367e-02
7.8725000000000005e+00	6.9508747498541218e-02
7.8775000000000004e+00	6.9508629970239807e-02
7.8825000000000003e+00	6.9508445054082310e-02
7.8875000000000002e+00	6.9508187087336984e-02
7.8925000000000001e+00	6.9507850407271962e-02
7.8975000000000000e+00	6.9507429351155517e-02
7.9024999999999999e+00	6.9506918256255795e-02
7.9074999999999998e+00	6.9506311459841041e-02
7.9125000000000005e+00	6.9505603299179500e-02
7.9175000000000004e+00	6.9504788111539248e-02
7.9225000000000003e+00	6.9503860234188641e-02
7.9275000000000002e+00	6.9502814004395772e-02
7.9325000000000001e+00	6.9501643759428910e-02
7.9375000000000000e+00	6.9500343836556205e-02
7.9424999999999999e+00	6.9498908573045914e-02
7.9474999999999998e+00	6.9497332306166212e-02
7.9525000000000006e+00	6.9495609373185330e-02
7.9575000000000005e+00	6.9493734111371427e-02
7.9625000000000004e+00	6.9491700857992805e-02
7.9675000000000002e+00	6.9489503950317555e-02
7.9725000000000001e+00	6.9487137725613948e-02
7.9775000000000000e+00	6.9484596521150160e-02
7.9824999999999999e+00	6.9481874674194435e-02
7.9874999999999998e+00	6.9478966522014934e-02
7.9925000000000006e+00	6.9475866401879888e-02
7.9975000000000005e+00	6.9472568651057484e-02
8.0024999999999995e+00	6.9469067606815954e-02
8.0075000000000003e+00	6.9465357606423472e-02
8.0124999999999993e+00	6.9461432987148269e-02
8.0175000000000001e+00	6.9457288086258548e-02
8.0225000000000009e+00	6.9452917241022510e-02
8.0274999999999999e+00	6.9448314788708318e-02
8.0325000000000006e+00	6.9443475066584243e-02
8.0374999999999996e+00	6.9438392411918487e-02
8.0425000000000004e+00	6.9433061161979198e-02
8.0474999999999994e+00	6.9427475654034621e-02
8.0525000000000002e+00	6.9421630225352957e-02
8.0575000000000010e+00	6.9415519213202423e-02
8.0625000000000000e+00	6.9409136954851181e-02
8.0675000000000008e+00	6.9402477787567488e-02
8.0724999999999998e+00	6.9395536048619547e-02
8.0775000000000006e+00	6.9388306075275519e-02
8.0824999999999996e+00	6.9380782204803634e-02
8.0875000000000004e+00	6.9372958774472124e-02
8.0924999999999994e+00	6.9364830121549106e-02
8.0975000000000001e+00	6.9356390583302910e-02
8.1025000000000009e+00	6.9347634497001653e-02
8.1074999999999999e+00	6.9338556199913554e-02
8.1125000000000007e+00	6.9329150029306841e-02
8.1174999999999997e+00	6.9319410322449732e-02
8.1225000000000005e+00	6.9309331416610401e-02
8.1274999999999995e+00	6.9298907649057037e-02
8.1325000000000003e+00	6.9288133357057871e-02
8.1374999999999993e+00	6.9277002877881119e-02
8.1425000000000001e+00	6.9265510548794984e-02
8.1475000000000009e+00	6.9253650707067627e-02
8.1524999999999999e+00	6.9241417689967319e-02
8.1575000000000006e+00	6.9228805834762222e-02
8.1624999999999996e+00	6.9215809478720552e-02
8.1675000000000004e+00	6.9202422959110513e-02
8.1724999999999994e+00	6.9188640613200320e-02
8.1775000000000002e+00	6.9174456778258162e-02
8.1825000000000010e+00	6.9159865791552269e-02
8.1875000000000000e+00	6.9144861990350817e-02
8.1925000000000008e+00	6.9129439711922022e-02
8.1974999999999998e+00	6.9113593293534101e-02
8.2025000000000006e+00	6.9097317072455242e-02
8.2074999999999996e+00	6.9080605385953675e-02
8.2125000000000004e+00	6.9063452571297576e-02
8.2174999999999994e+00	6.9045852965755161e-02
8.2225000000000001e+00	6.9027800906594633e-02
8.2275000000000009e+00	6.9009290731084222e-02
8.2324999999999999e+00	6.8990316776492103e-02
8.2375000000000007e+00	6.8970873380086478e-02
8.2424999999999997e+00	6.8950954879135579e-02
8.2475000000000005e+00	6.8930555610907593e-02
8.2524999999999995e+00	6.8909669912670737e-02
8.2575000000000003e+00	6.8888292121693215e-02
8.2624999999999993e+00	6.8866416575243214e-02
8.2675000000000001e+00	6.8844037610588951e-02
8.2725000000000009e+00	6.8821149564998643e-02
8.2774999999999999e+00	6.8797746775740479e-02
8.2825000000000006e+00	6.8773823580082660e-02
8.2874999999999996e+00	6.8749374315293404e-02
8.2925000000000004e+00	6.8724393318640942e-02
8.2974999999999994e+00	6.8698874927393433e-02
8.3025000000000002e+00	6.8672813478819095e-02
8.3075000000000010e+00	6.8646203310186130e-02
8.3125000000000000e+00	6.8619038758762754e-02
8.3175000000000008e+00	6.8591314161817185e-02
8.3224999999999998e+00	6.8563023856617611e-02
8.3275000000000006e+00	6.8534162180432220e-02
8.3324999999999996e+00	6.8504723470529272e-02
8.3375000000000004e+00	6.8474702064176912e-02
8.3424999999999994e+00	6.8444092298643372e-02
8.3475000000000001e+00	6.8412888511196854e-02
8.3525000000000009e+00	6.8381085039105560e-02
8.3574999999999999e+00	6.8348676219637722e-02
8.3625000000000007e+00	6.8315656390061513e-02
8.3674999999999997e+00	6.8282019887645151e-02
8.3725000000000005e+00	6.8247761049656838e-02
8.3774999999999995e+00	6.8212874213364777e-02
8.3825000000000003e+00	6.8177353716037184e-02
8.3874999999999993e+00	6.8141193894942248e-02
8.3925000000000001e+00	6.8104389087348199e-02
8.3975000000000009e+00	6.8066933630523199e-02
8.4024999999999999e+00	6.8028821861735506e-02
8.4075000000000006e+00	6.7990048118253280e-02
8.4124999999999996e+00	6.7950606737344779e-02
8.4175000000000004e+00	6.7910492056278152e-02
8.4224999999999994e+00	6.7869698412321613e-02
8.4275000000000002e+00	6.7828220142743409e-02
8.4325000000000010e+00	6.7786051584811713e-02
8.4375000000000000e+00	6.7743187075794728e-02
8.4425000000000008e+00	6.7699620952960685e-02
8.4474999999999998e+00	6.7655347553577744e-02
8.4525000000000006e+00	6.7610361214914164e-02
8.4574999999999996e+00	6.7564656274238105e-02
8.4625000000000004e+00	6.7518227068817799e-02
8.4674999999999994e+00	6.7471067935921447e-02
8.4725000000000001e+00	6.7423173212817253e-02
8.4775000000000009e+00	6.7374537236773419e-02
8.4824999999999999e+00	6.7325154345058147e-02
8.4875000000000007e+00	6.7275018874939641e-02
8.4924999999999997e+00	6.7224125163686116e-02
8.4975000000000005e+00	6.7172467548565790e-02
8.5024999999999995e+00	6.7120040366846836e-02
8.5075000000000003e+00	6.7067808488306679e-02
8.5124999999999993e+00	6.7016724862781901e-02
8.5175000000000001e+00	6.6966765947629472e-02
8.5225000000000009e+00	6.6917908200206377e-02
8.5274999999999999e+00	6.6870128077869503e-02
8.5325000000000006e+00	6.6823402037975876e-02
8.5374999999999996e+00	6.6777706537882439e-02
8.5425000000000004e+00	6.6733018034946162e-02
8.5474999999999994e+00	6.6689312986523960e-02
8.5525000000000002e+00	6.6646567849972888e-02
8.5575000000000010e+00	6.6604759082649831e-02
8.5625000000000000e+00	6.6563863141911789e-02
8.5675000000000008e+00	6.6523856485115662e-02
8.5724999999999998e+00	6.6484715569618547e-02
8.5775000000000006e+00	6.6446416852777274e-02
8.5824999999999996e+00	6.6408936791948883e-02
8.5875000000000004e+00	6.6372251844490235e-02
8.5924999999999994e+00	6.6336338467758438e-02
8.5975000000000001e+00	6.6301173119110365e-02
8.6025000000000009e+00	6.6266732255902988e-02
8.6074999999999999e+00	6.6232992335493276e-02
8.6125000000000007e+00	6.6199929815238187e-02
8.6174999999999997e+00	6.6167521152494704e-02
8.6225000000000005e+00	6.6135742804619743e-02
8.6274999999999995e+00	6.6104571228970302e-02
8.6325000000000003e+00	6.6073982882903337e-02
8.6375000000000011e+00	6.6043954223775819e-02
8.6425000000000001e+00	6.6014461708944719e-02
8.6475000000000009e+00	6.5985481795766965e-02
8.6524999999999999e+00	6.5956990941599514e-02
8.6575000000000006e+00	6.5928965603799392e-02
8.6624999999999996e+00	6.5901382239723513e-02
8.6675000000000004e+00	6.5874217306728794e-02
8.6724999999999994e+00	6.5847447262172301e-02
8.6775000000000002e+00	6.5821048563410922e-02
8.6825000000000010e+00	6.5794997667801655e-02
8.6875000000000000e+00	6.5769271032701443e-02
8.6925000000000008e+00	6.5743845115467242e-02
8.6974999999999998e+00	6.5718696373456120e-02
8.7025000000000006e+00	6.5693801264024812e-02
8.7074999999999996e+00	6.5669136244530524e-02
8.7125000000000004e+00	6.5644677772330004e-02
8.7174999999999994e+00	6.5620402304780404e-02
8.7225000000000001e+00	6.5596286299238568e-02
8.7275000000000009e+00	6.5572306213061482e-02
8.7324999999999999e+00	6.5548438503606171e-02
8.7375000000000007e+00	6.5524659628229467e-02
8.7424999999999997e+00	6.5500946044288494e-02
8.7475000000000005e+00	6.5477274209140096e-02
8.7524999999999995e+00	6.5453620580141231e-02
8.7575000000000003e+00	6.5429961614648952e-02
8.7625000000000011e+00	6.5406273770020146e-02
8.7675000000000001e+00	6.5382533503611825e-02
8.7725000000000009e+00	6.5358717272780892e-02
8.7774999999999999e+00	6.5334801534884343e-02
8.7825000000000006e+00	6.5310762747279164e-02
8.7874999999999996e+00	6.5286577367322282e-02
8.7925000000000004e+00	6.5262221852370669e-02
8.7974999999999994e+00	6.5237672659781268e-02
8.8025000000000002e+00	6.5212906246911104e-02
8.8075000000000010e+00	6.5187899071117078e-02
8.8125000000000000e+00	6.5162627589756189e-02
8.8175000000000008e+00	6.5137068260185338e-02
8.8224999999999998e+00	6.5111197539761592e-02
8.8275000000000006e+00	6.5084991885841811e-02
8.8324999999999996e+00	6.5058427755783008e-02
8.8375000000000004e+00	6.5031481606942151e-02
8.8424999999999994e+00	6.5004129896676199e-02
8.8475000000000001e+00	6.4976349082342053e-02
8.8525000000000009e+00	6.4948115621296779e-02
8.8574999999999999e+00	6.4919405970897251e-02
8.8625000000000007e+00	6.4890196588500482e-02
8.8674999999999997e+00	6.4860463931463427e-02
8.8725000000000005e+00	6.4830184457143031e-02
8.8774999999999995e+00	6.4799334622896262e-02
8.8825000000000003e+00	6.4767890886080093e-02
8.8875000000000011e+00	6.4735829704051479e-02
8.8925000000000001e+00	6.4703127534167376e-02
8.8975000000000009e+00	6.4669760833784756e-02
8.9024999999999999e+00	6.4635706060260589e-02
8.9075000000000006e+00	6.4600939670951804e-02
8.9124999999999996e+00	6.4565438123215413e-02
8.9175000000000004e+00	6.4529177874408331e-02
8.9224999999999994e+00	6.4492135381887555e-02
8.9275000000000002e+00	6.4454287103010044e-02
8.9325000000000010e+00	6.4415609495132725e-02
8.9375000000000000e+00	6.4376079015612583e-02
8.9425000000000008e+00	6.4335672121806589e-02
8.9474999999999998e+00	6.4294365271071699e-02
8.9525000000000006e+00	6.4252134920764883e-02
8.9574999999999996e+00	6.4208957528243085e-02
8.9625000000000004e+00	6.4164809550863303e-02
8.9674999999999994e+00	6.4119667445982451e-02
8.9725000000000001e+00	6.4073507670957514e-02
8.9775000000000009e+00	6.4026306683145462e-02
8.9824999999999999e+00	6.3978040939903238e-02
8.9875000000000007e+00	6.3928686898587841e-02
8.9924999999999997e+00	6.3878221016556186e-02
8.9975000000000005e+00	6.3826619751165270e-02
9.0024999999999995e+00	6.3773859559772023e-02
9.0075000000000003e+00	6.3719916899733456e-02
9.0125000000000011e+00	6.3664768228406485e-02
9.0175000000000001e+00	6.3608390003148108e-02
9.0225000000000009e+00	6.3550758681315239e-02
9.0274999999999999e+00	6.3491850720264878e-02
9.0325000000000006e+00	6.3431642577354008e-02
9.0374999999999996e+00	6.3370110709939573e-02
9.0425000000000004e+00	6.3307231575378486e-02
9.0474999999999994e+00	6.3242981631027748e-02
9.0525000000000002e+00	6.3177337334244354e-02
9.0575000000000010e+00	6.3110275142385222e-02
9.0625000000000000e+00	6.3041771512807321e-02
9.0675000000000008e+00	6.2971802902867621e-02
9.0724999999999998e+00	6.2900345769923094e-02
9.0775000000000006e+00	6.2827376571330695e-02
9.0824999999999996e+00	6.2752871764447382e-02
9.0875000000000004e+00	6.2676807806630097e-02
9.0924999999999994e+00	6.2599161155235838e-02
9.0975000000000001e+00	6.2519908267621549e-02
9.1025000000000009e+00	6.2439025601144213e-02
9.1074999999999999e+00	6.2356489613160752e-02
9.1125000000000007e+00	6.2272276761028166e-02
9.1174999999999997e+00	6.2186363502103409e-02
9.1225000000000005e+00	6.2098726293743432e-02
9.1274999999999995e+00	6.2009341593305185e-02
9.1325000000000003e+00	6.1918185858145673e-02
9.1375000000000011e+00	6.1825235545621811e-02
9.1425000000000001e+00	6.1730467113090604e-02
9.1475000000000009e+00	6.1633857017908987e-02
9.1524999999999999e+00	6.1535381717433925e-02
9.1575000000000006e+00	6.1435017669022401e-02
9.1624999999999996e+00	6.1332741330031360e-02
9.1675000000000004e+00	6.1228529157817742e-02
9.1724999999999994e+00	6.1122357609738560e-02
9.1775000000000002e+00	6.1014203143150737e-02
9.1825000000000010e+00	6.0904042215411243e-02
9.1875000000000000e+00	6.0791851283877055e-02
9.1925000000000008e+00	6.0677606805905122e-02
9.1974999999999998e+00	6.0561285238852403e-02
9.2025000000000006e+00	6.0442863040075880e-02
9.2074999999999996e+00	6.0322316666932510e-02
9.2125000000000004e+00	6.0199622576779223e-02
9.2174999999999994e+00	6.0074757226973016e-02
9.2225000000000001e+00	5.9947697074870847e-02
9.2275000000000009e+00	5.9818418577829671e-02
9.2324999999999999e+00	5.9686898193206446e-02
9.2375000000000007e+00	5.9553112378358142e-02
9.2424999999999997e+00	5.9417037590641729e-02
9.2475000000000005e+00	5.9278650287414143e-02
9.2524999999999995e+00	5.9137926926032383e-02
9.2575000000000003e+00	5.8994843963853391e-02
9.2625000000000011e+00	5.8849377858234117e-02
9.2675000000000001e+00	5.8701505066531559e-02
9.2725000000000009e+00	5.8551202046102639e-02
9.2774999999999999e+00	5.8398445254304342e-02
9.2825000000000006e+00	5.8243211148493623e-02
9.2874999999999996e+00	5.8085476186027447e-02
9.2925000000000004e+00	5.7925216824262778e-02
9.2974999999999994e+00	5.7762409520556578e-02
9.3025000000000002e+00	5.7597030732265811e-02
9.3075000000000010e+00	5.7429056916747427e-02
9.3125000000000000e+00	5.7258464531358404e-02
9.3175000000000008e+00	5.7085230033455697e-02
9.3224999999999998e+00	5.6909329880396271e-02
9.3275000000000006e+00	5.6730740529537090e-02
9.3324999999999996e+00	5.6549438438235115e-02
9.3375000000000004e+00	5.6365400063847299e-02
9.3424999999999994e+00	5.6178601863730623e-02
9.3475000000000001e+00	5.5989020295242019e-02
9.3525000000000009e+00	5.5796631815738483e-02
9.3574999999999999e+00	5.5601412882576966e-02
9.3625000000000007e+00	5.5403339953114410e-02
9.3674999999999997e+00	5.5202389484707820e-02
9.3725000000000005e+00	5.4998537934714119e-02
9.3774999999999995e+00	5.4791761760490276e-02
9.3825000000000003e+00	5.4582037419393270e-02
9.3875000000000011e+00	5.4369341368780050e-02
9.3925000000000001e+00	5.4153650066007579e-02
9.3975000000000009e+00	5.3934939968432835e-02
9.4024999999999999e+00	5.3713187533412761e-02
9.4075000000000006e+00	5.3488369218304327e-02
9.4124999999999996e+00	5.3260461480464490e-02
9.4175000000000004e+00	5.3029440777250220e-02
9.4224999999999994e+00	5.2795283566018480e-02
9.4275000000000002e+00	5.2557966304126229e-02
9.4325000000000010e+00	5.2317465448930421e-02
9.4375000000000000e+00	5.2073757457788035e-02
9.4425000000000008e+00	5.1826818788056034e-02
9.4474999999999998e+00	5.1576625897091347e-02
9.4525000000000006e+00	5.1323155242250978e-02
9.4574999999999996e+00	5.1066383280891865e-02
9.4625000000000004e+00	5.0806286470370991e-02
9.4674999999999994e+00	5.0542841268045285e-02
9.4725000000000001e+00	5.0276024131271746e-02
9.4775000000000009e+00	5.0005811517407309e-02
9.4824999999999999e+00	4.9732179883808937e-02
9.4875000000000007e+00	4.9455105687833630e-02
9.4924999999999997e+00	4.9174565386838301e-02
9.4975000000000005e+00	4.8890535438179936e-02
9.5024999999999995e+00	4.8602992299215497e-02
9.5075000000000003e+00	4.8310513412762171e-02
9.5125000000000011e+00	4.8011735890462738e-02
9.5175000000000001e+00	4.7706725692912705e-02
9.5225000000000009e+00	4.7395548780707362e-02
9.5274999999999999e+00	4.7078271114442287e-02
9.5325000000000006e+00	4.6754958654712769e-02
9.5374999999999996e+00	4.6425677362114323e-02
9.5425000000000004e+00	4.6090493197242344e-02
9.5474999999999994e+00	4.5749472120692261e-02
9.5525000000000002e+00	4.5402680093059464e-02
9.5575000000000010e+00	4.5050183074939402e-02
9.5625000000000000e+00	4.4692047026927507e-02
9.5675000000000008e+00	4.4328337909619257e-02
9.5724999999999998e+00	4.3959121683609888e-02
9.5775000000000006e+00	4.3584464309495023e-02
9.5824999999999996e+00	4.3204431747869983e-02
9.5875000000000004e+00	4.2819089959330266e-02
9.5924999999999994e+00	4.2428504904471177e-02
9.5975000000000001e+00	4.2032742543888245e-02
9.6025000000000009e+00	4.1631868838176864e-02
9.6074999999999999e+00	4.1225949747932429e-02
9.6125000000000007e+00	4.0815051233750385e-02
9.6174999999999997e+00	4.0399239256226169e-02
9.6225000000000005e+00	3.9978579775955182e-02
9.6274999999999995e+00	3.9553138753532883e-02
9.6325000000000003e+00	3.9122982149554668e-02
9.6375000000000011e+00	3.8688175924615952e-02
9.6425000000000001e+00	3.8248786039312123e-02
9.6475000000000009e+00	3.7804878454238709e-02
9.6524999999999999e+00	3.7356519129991057e-02
9.6575000000000006e+00	3.6903774027164590e-02
9.6624999999999996e+00	3.6446709106354773e-02
9.6675000000000004e+00	3.5985390328157021e-02
9.6724999999999994e+00	3.5519883653166710e-02
9.6775000000000002e+00	3.5050255041979318e-02
9.6825000000000010e+00	3.4576570455190254e-02
9.6875000000000000e+00	3.4098895853394900e-02
9.6925000000000008e+00	3.3617297197188777e-02
9.6974999999999998e+00	3.3131840447167084e-02
9.7025000000000006e+00	3.2642591563925592e-02
9.7074999999999996e+00	3.2149616508059420e-02
9.7125000000000004e+00	3.1652981240164212e-02
9.7174999999999994e+00	3.1152751720835214e-02
9.7225000000000001e+00	3.0648993910667947e-02
9.7275000000000009e+00	3.0141773770257781e-02
9.7324999999999999e+00	2.9631157260200190e-02
9.7375000000000007e+00	2.9117210341090605e-02
9.7424999999999997e+00	2.8599998973524367e-02
9.7475000000000005e+00	2.8079589118096989e-02
9.7524999999999995e+00	2.7556046735403870e-02
9.7575000000000003e+00	2.7029437786040406e-02
9.7625000000000011e+00	2.6499828230602051e-02
9.7675000000000001e+00	2.5967284029684179e-02
9.7725000000000009e+00	2.5431871143882297e-02
9.7774999999999999e+00	2.4893655533791772e-02
9.7825000000000006e+00	2.4352703160008017e-02
9.7874999999999996e+00	2.3809079983126480e-02
9.7925000000000004e+00	2.3262851963742569e-02
9.7974999999999994e+00	2.2714085062451764e-02
9.8025000000000002e+00	2.2162845239849394e-02
9.8075000000000010e+00	2.1609198456530969e-02
9.8125000000000000e+00	2.1053210673091818e-02
9.8175000000000008e+00	2.0494947850127492e-02
9.8224999999999998e+00	1.9934475948233266e-02
9.8275000000000006e+00	1.9371860928004702e-02
9.8324999999999996e+00	1.8807168750037136e-02
9.8375000000000004e+00	1.8240465374926042e-02
9.8424999999999994e+00	1.7671816763266762e-02
9.8475000000000001e+00	1.7101288875654864e-02
9.8525000000000009e+00	1.6528947672685604e-02
9.8574999999999999e+00	1.5954859114954523e-02
9.8625000000000007e+00	1.5379089163057021e-02
9.8674999999999997e+00	1.4801703777588469e-02
9.8725000000000005e+00	1.4222768919144351e-02
9.8774999999999995e+00	1.3642350548320062e-02
9.8825000000000003e+00	1.3060514625711046e-02
9.8875000000000011e+00	1.2477327111912677e-02
9.8925000000000001e+00	1.1892853967520451e-02
9.8975000000000009e+00	1.1307161153129738e-02
9.9024999999999999e+00	1.0720314629335991e-02
9.9075000000000006e+00	1.0132380356734607e-02
9.9124999999999996e+00	9.5434242959210186e-03
9.9175000000000004e+00	8.9535124074906561e-03
9.9224999999999994e+00	8.3627106520389599e-03
9.9275000000000002e+00	7.7710849901613055e-03
9.9325000000000010e+00	7.1787013824531724e-03
9.9375000000000000e+00	6.5856257895099204e-03
9.9425000000000008e+00	5.9919241719270516e-03
9.9474999999999998e+00	5.3976624902999145e-03
9.9525000000000006e+00	4.8029067052239869e-03
9.9574999999999996e+00	4.2077227772946476e-03
9.9625000000000004e+00	3.6121766671073589e-03
9.9674999999999994e+00	3.0163343352574974e-03
9.9725000000000001e+00	2.4202617423405579e-03
9.9775000000000009e+00	1.8240248489518893e-03
9.9824999999999999e+00	1.2276896156869933e-03
9.9875000000000007e+00	6.3132200314120054e-04
9.9924999999999997e+00	3.4987971910012752e-05
9.9975000000000005e+00	-5.6124651741118426e-04
