2.0000000000000000e-03	9.9999999999003031e-01	4.4653670322820962e-06
6.0000000000000001e-03	9.9999999984035015e-01	1.7868961122817387e-05
1.0000000000000000e-02	9.9999999919114757e-01	4.0220705666389361e-05
1.4000000000000000e-02	9.9999999744169821e-01	7.1530442943350958e-05
1.8000000000000002e-02	9.9999999374949344e-01	1.1180793365529450e-04
2.1999999999999999e-02	9.9999998702937865e-01	1.6106285645048102e-04
2.6000000000000002e-02	9.9999997595270107e-01	2.1930480743896012e-04
2.9999999999999999e-02	9.9999995894646865e-01	2.8654329969732604e-04
3.4000000000000002e-02	9.9999993419251842e-01	3.6278776276303968e-04
3.7999999999999999e-02	9.9999989962669600e-01	4.4804754211825944e-04
4.2000000000000003e-02	9.9999985293804616e-01	5.4233189866311946e-04
4.5999999999999999e-02	9.9999979156801289e-01	6.4565000817840088e-04
5.0000000000000003e-02	9.9999971270965149e-01	7.5801096077753667e-04
5.3999999999999999e-02	9.9999961330685139e-01	8.7942376034789538e-04
5.8000000000000003e-02	9.9999949005356892e-01	1.0098973239812854e-03
6.2000000000000000e-02	9.9999933939307317e-01	1.1494404813936370e-03
6.6000000000000003e-02	9.9999915751720214e-01	1.2980619743338017e-03
7.0000000000000007e-02	9.9999894036562986e-01	1.4557704559814209e-03
7.3999999999999996e-02	9.9999868362514688e-01	1.6225744903338186e-03
7.8000000000000000e-02	9.9999838272894992e-01	1.7984825515818675e-03
8.2000000000000003e-02	9.9999803285594513e-01	1.9835030234747865e-03
8.6000000000000007e-02	9.9999762893006316e-01	2.1776441986738225e-03
8.9999999999999997e-02	9.9999716561958574e-01	2.3809142780947725e-03
9.4000000000000000e-02	9.9999663733648403e-01	2.5933213702393123e-03
9.8000000000000004e-02	9.9999603823577099e-01	2.8148734905150872e-03
1.0200000000000001e-01	9.9999536221486385e-01	3.0455785605445224e-03
1.0600000000000000e-01	9.9999460291296105e-01	3.2854444074623280e-03
1.1000000000000000e-01	9.9999375371043075e-01	3.5344787632016553e-03
1.1400000000000000e-01	9.9999280772821253e-01	3.7926892637688715e-03
1.1800000000000001e-01	9.9999175782723171e-01	4.0600834485069338e-03
1.2200000000000000e-01	9.9999059660782696e-01	4.3366687593473108e-03
1.2600000000000000e-01	9.9998931640919120e-01	4.6224525400504488e-03
1.3000000000000000e-01	9.9998790930882497e-01	4.9174420354347334e-03
1.3400000000000001e-01	9.9998636712200484e-01	5.2216443905939479e-03
1.3800000000000001e-01	9.9998468140126318e-01	5.5350666501031770e-03
1.4200000000000002e-01	9.9998284343588351e-01	5.8577157572131562e-03
1.4599999999999999e-01	9.9998084425140854e-01	6.1895985530330440e-03
1.4999999999999999e-01	9.9997867460916179e-01	6.5307217757015930e-03
1.5400000000000000e-01	9.9997632500578526e-01	6.8810920595467106e-03
1.5800000000000000e-01	9.9997378567278838e-01	7.2407159342333946e-03
1.6200000000000001e-01	9.9997104657611380e-01	7.6095998239000340e-03
1.6600000000000001e-01	9.9996809741571602e-01	7.9877500462830677e-03
1.7000000000000001e-01	9.9996492762515476e-01	8.3751728118299697e-03
1.7400000000000002e-01	9.9996152637120428e-01	8.7718742228006068e-03
1.7799999999999999e-01	9.9995788255347562e-01	9.1778602723569143e-03
1.8200000000000000e-01	9.9995398480405528e-01	9.5931368436409058e-03
1.8600000000000000e-01	9.9994982148715783e-01	1.0017709708841031e-02
1.9000000000000000e-01	9.9994538069879524e-01	1.0451584528246871e-02
1.9400000000000001e-01	9.9994065026645940e-01	1.0894766849292170e-02
1.9800000000000001e-01	9.9993561774882156e-01	1.1347262105586221e-02
2.0200000000000001e-01	9.9993027043544780e-01	1.1809075615933615e-02
2.0600000000000002e-01	9.9992459534652867e-01	1.2280212583342370e-02
2.0999999999999999e-01	9.9991857923262539e-01	1.2760678094020411e-02
2.1400000000000000e-01	9.9991220857443297e-01	1.3250477116360493e-02
2.1800000000000000e-01	9.9990546958255799e-01	1.3749614499913512e-02
2.2200000000000000e-01	9.9989834819731294e-01	1.4258094974350261e-02
2.2600000000000001e-01	9.9989083008852775e-01	1.4775923148411637e-02
2.3000000000000001e-01	9.9988290065537710e-01	1.5303103508847355e-02
2.3400000000000001e-01	9.9987454502622441e-01	1.5839640419343132e-02
2.3800000000000002e-01	9.9986574805848316e-01	1.6385538119436459e-02
2.4199999999999999e-01	9.9985649433849411e-01	1.6940800723420898e-02
2.4600000000000000e-01	9.9984676818142071e-01	1.7505432219239003e-02
2.5000000000000000e-01	9.9983655363116075e-01	1.8079436467363874e-02
2.5400000000000000e-01	9.9982583446027562e-01	1.8662817199669390e-02
2.5800000000000001e-01	9.9981459416993745e-01	1.9255578018289164e-02
2.6200000000000001e-01	9.9980281598989296e-01	1.9857722394464247e-02
2.6600000000000001e-01	9.9979048287844607e-01	2.0469253667379644e-02
2.7000000000000002e-01	9.9977757752245688e-01	2.1090175042989680e-02
2.7400000000000002e-01	9.9976408233736025e-01	2.1720489592832275e-02
2.7800000000000002e-01	9.9974997946720146e-01	2.2360200252832169e-02
2.8200000000000003e-01	9.9973525078469050e-01	2.3009309822093156e-02
2.8600000000000003e-01	9.9971987789127381e-01	2.3667820961679388e-02
2.8999999999999998e-01	9.9970384211722607e-01	2.4335736193385811e-02
2.9399999999999998e-01	9.9968712452175967e-01	2.5013057898497802e-02
2.9799999999999999e-01	9.9966970589315307e-01	2.5699788316540025e-02
3.0199999999999999e-01	9.9965156674889788e-01	2.6395929544014658e-02
3.0599999999999999e-01	9.9963268733586463e-01	2.7101483533128964e-02
3.1000000000000000e-01	9.9961304763048964e-01	2.7816452090512388e-02
3.1400000000000000e-01	9.9959262733897836e-01	2.8540836875923143e-02
3.1800000000000000e-01	9.9957140589753002e-01	2.9274639400944436e-02
3.2200000000000001e-01	9.9954936247258130e-01	3.0017861027670404e-02
3.2600000000000001e-01	9.9952647596106980e-01	3.0770502967381826e-02
3.3000000000000002e-01	9.9950272499071657e-01	3.1532566279211686e-02
3.3400000000000002e-01	9.9947808792033010e-01	3.2304051868800747e-02
3.3800000000000002e-01	9.9945254284012852e-01	3.3084960486943087e-02
3.4200000000000003e-01	9.9942606757208352e-01	3.3875292728221880e-02
3.4600000000000003e-01	9.9939863967028397e-01	3.4675049029635342e-02
3.5000000000000003e-01	9.9937023642131984e-01	3.5484229669213059e-02
3.5399999999999998e-01	9.9934083484468639e-01	3.6302834764622698e-02
3.5799999999999998e-01	9.9931041169321044e-01	3.7130864271767365e-02
3.6199999999999999e-01	9.9927894345349622e-01	3.7968317983373495e-02
3.6599999999999999e-01	9.9924640634639184e-01	3.8815195527569617e-02
3.7000000000000000e-01	9.9921277632747885e-01	3.9671496366455922e-02
3.7400000000000000e-01	9.9917802908758024e-01	4.0537219794664826e-02
3.7800000000000000e-01	9.9914214005329172e-01	4.1412364937912699e-02
3.8200000000000001e-01	9.9910508438753420e-01	4.2296930751542741e-02
3.8600000000000001e-01	9.9906683699012733e-01	4.3190916019059319e-02
3.9000000000000001e-01	9.9902737249838458e-01	4.4094319350653693e-02
3.9400000000000002e-01	9.9898666528773106e-01	4.5007139181721383e-02
3.9800000000000002e-01	9.9894468947234205e-01	4.5929373771371296e-02
4.0200000000000002e-01	9.9890141890580519e-01	4.6861021200926750e-02
4.0600000000000003e-01	9.9885682718180291e-01	4.7802079372418455e-02
4.1000000000000003e-01	9.9881088763481829e-01	4.8752546007069679e-02
4.1400000000000003e-01	9.9876357334086396e-01	4.9712418643773765e-02
4.1799999999999998e-01	9.9871485711823182e-01	5.0681694637564008e-02
4.2199999999999999e-01	9.9866471152826664e-01	5.1660371158076202e-02
4.2599999999999999e-01	9.9861310887616139e-01	5.2648445188003892e-02
4.2999999999999999e-01	9.9856002121177745e-01	5.3645913521546573e-02
4.3400000000000000e-01	9.9850542033048517e-01	5.4652772762850903e-02
4.3800000000000000e-01	9.9844927777402981e-01	5.5669019324445186e-02
4.4200000000000000e-01	9.9839156483141833e-01	5.6694649425667182e-02
4.4600000000000001e-01	9.9833225253983193e-01	5.7729659091085531e-02
4.5000000000000001e-01	9.9827131168556049e-01	5.8774044148914906e-02
4.5400000000000001e-01	9.9820871280496071e-01	5.9827800229424952e-02
4.5800000000000002e-01	9.9814442618543808e-01	6.0890922763343444e-02
4.6200000000000002e-01	9.9807842186645268e-01	6.1963406980253564e-02
4.6600000000000003e-01	9.9801066964054863e-01	6.3045247906985694e-02
4.7000000000000003e-01	9.9794113905440740e-01	6.4136440366003758e-02
4.7400000000000003e-01	9.9786979940992515e-01	6.5236978973786414e-02
4.7800000000000004e-01	9.9779661976531442e-01	6.6346858139203171e-02
4.8199999999999998e-01	9.9772156893622987e-01	6.7466072061885721e-02
4.8599999999999999e-01	9.9764461549691785e-01	6.8594614730594666e-02
4.8999999999999999e-01	9.9756572778139196e-01	6.9732479921581783e-02
4.9399999999999999e-01	9.9748487388463103e-01	7.0879661196948010e-02
4.9800000000000000e-01	9.9740202166380287e-01	7.2036151902997517e-02
5.0200000000000000e-01	9.9731713873951244e-01	7.3201945168587856e-02
5.0600000000000001e-01	9.9723019249707545e-01	7.4377033903476580e-02
5.1000000000000001e-01	9.9714115008781534e-01	7.5561410796664355e-02
5.1400000000000001e-01	9.9704997843038645e-01	7.6755068314734998e-02
5.1800000000000002e-01	9.9695664421212171e-01	7.7957998700192446e-02
5.2200000000000002e-01	9.9686111389040533e-01	7.9170193969795091e-02
5.2600000000000002e-01	9.9676335369407110e-01	8.0391645912887458e-02
5.3000000000000003e-01	9.9666332962482562e-01	8.1622346089729680e-02
5.3400000000000003e-01	9.9656100745869647e-01	8.2862285829824786e-02
5.3800000000000003e-01	9.9645635274750688e-01	8.4111456230244339e-02
5.4200000000000004e-01	9.9634933082037425e-01	8.5369848153952210e-02
5.4600000000000004e-01	9.9623990678523588e-01	8.6637452228127201e-02
5.5000000000000004e-01	9.9612804553039946e-01	8.7914258842484397e-02
5.5400000000000005e-01	9.9601371172611841e-01	8.9200258147595635e-02
5.5800000000000005e-01	9.9589686982619507e-01	9.0495440053209406e-02
5.6200000000000006e-01	9.9577748406960720e-01	9.1799794226570267e-02
5.6600000000000006e-01	9.9565551848216238e-01	9.3113310090738116e-02
5.7000000000000006e-01	9.9553093687817706e-01	9.4435976822907608e-02
5.7400000000000007e-01	9.9540370286218194e-01	9.5767783352727828e-02
5.7799999999999996e-01	9.9527377983065313e-01	9.7108718360622640e-02
5.8199999999999996e-01	9.9514113097377022e-01	9.8458770276111968e-02
5.8599999999999997e-01	9.9500571927719850e-01	9.9817927276133978e-02
5.8999999999999997e-01	9.9486750752390041e-01	1.0118617728336900e-01
5.9399999999999997e-01	9.9472645829596906e-01	1.0256350796456465e-01
5.9799999999999998e-01	9.9458253397649221e-01	1.0394990672886338e-01
6.0199999999999998e-01	9.9443569675143972e-01	1.0534536072613190e-01
6.0599999999999998e-01	9.9428590861157728e-01	1.0674985684529309e-01
6.0999999999999999e-01	9.9413313135440862e-01	1.0816338171266085e-01
6.1399999999999999e-01	9.9397732658614157e-01	1.0958592169027777e-01
6.1799999999999999e-01	9.9381845572368210e-01	1.1101746287425626e-01
6.2200000000000000e-01	9.9365647999665407e-01	1.1245799109312321e-01
6.2600000000000000e-01	9.9349136044944475e-01	1.1390749190616847e-01
6.3000000000000000e-01	9.9332305794327902e-01	1.1536595060179768e-01
6.3400000000000001e-01	9.9315153315831661e-01	1.1683335219588926e-01
6.3800000000000001e-01	9.9297674659577950e-01	1.1830968143015655e-01
6.4200000000000002e-01	9.9279865858010241e-01	1.1979492277051458e-01
6.4600000000000002e-01	9.9261722926111207e-01	1.2128906040545248e-01
6.5000000000000002e-01	9.9243241861623177e-01	1.2279207824441139e-01
6.5400000000000003e-01	9.9224418645271228e-01	1.2430395991616827e-01
6.5800000000000003e-01	9.9205249240989057e-01	1.2582468876722613e-01
6.6200000000000003e-01	9.9185729596147332e-01	1.2735424786021063e-01
6.6600000000000004e-01	9.9165855641784750e-01	1.2889261997227358e-01
6.7000000000000004e-01	9.9145623292841711e-01	1.3043978759350364e-01
6.7400000000000004e-01	9.9125028448396790e-01	1.3199573292534450e-01
6.7800000000000005e-01	9.9104066991905582e-01	1.3356043787902078e-01
6.8200000000000005e-01	9.9082734791442306e-01	1.3513388407397203e-01
6.8600000000000005e-01	9.9061027699944171e-01	1.3671605283629523e-01
6.9000000000000006e-01	9.9038941555458115e-01	1.3830692519719595e-01
6.9400000000000006e-01	9.9016472181390403e-01	1.3990648189144858e-01
6.9800000000000006e-01	9.8993615386758649e-01	1.4151470335586577e-01
7.0200000000000007e-01	9.8970366966446621e-01	1.4313156972777799e-01
7.0599999999999996e-01	9.8946722701461598e-01	1.4475706084352263e-01
7.0999999999999996e-01	9.8922678359194238e-01	1.4639115623694371e-01
7.1399999999999997e-01	9.8898229693681250e-01	1.4803383513790225e-01
7.1799999999999997e-01	9.8873372445870400e-01	1.4968507647079737e-01
7.2199999999999998e-01	9.8848102343888444e-01	1.5134485885309928e-01
7.2599999999999998e-01	9.8822415103311290e-01	1.5301316059389328e-01
7.2999999999999998e-01	9.8796306427436953e-01	1.5468995969243607e-01
7.3399999999999999e-01	9.8769772007561074e-01	1.5637523383672453e-01
7.3799999999999999e-01	9.8742807523254905e-01	1.5806896040207688e-01
7.4199999999999999e-01	9.8715408642645919e-01	1.5977111644972691e-01
7.4600000000000000e-01	9.8687571022701037e-01	1.6148167872543176e-01
7.5000000000000000e-01	9.8659290309512115e-01	1.6320062365809293e-01
7.5400000000000000e-01	9.8630562138584343e-01	1.6492792735839176e-01
7.5800000000000001e-01	9.8601382135126880e-01	1.6666356561743895e-01
7.6200000000000001e-01	9.8571745914346054e-01	1.6840751390543887e-01
7.6600000000000001e-01	9.8541649081741201e-01	1.7015974737036907e-01
7.7000000000000002e-01	9.8511087233402828e-01	1.7192024083667476e-01
7.7400000000000002e-01	9.8480055956313328e-01	1.7368896880397944e-01
7.7800000000000002e-01	9.8448550828650194e-01	1.7546590544581142e-01
7.8200000000000003e-01	9.8416567420091516e-01	1.7725102460834652e-01
7.8600000000000003e-01	9.8384101292124193e-01	1.7904429980916792e-01
7.9000000000000004e-01	9.8351147998354349e-01	1.8084570423604293e-01
7.9400000000000004e-01	9.8317703084820296e-01	1.8265521074571711e-01
7.9800000000000004e-01	9.8283762090307791e-01	1.8447279186272625e-01
8.0200000000000005e-01	9.8249320546667729e-01	1.8629841977822653e-01
8.0600000000000005e-01	9.8214373979136349e-01	1.8813206634884327e-01
8.1000000000000005e-01	9.8178917906657515e-01	1.8997370309553815e-01
8.1400000000000006e-01	9.8142947842207606e-01	1.9182330120249605e-01
8.1800000000000006e-01	9.8106459293122539e-01	1.9368083151603105e-01
8.2200000000000006e-01	9.8069447761427275e-01	1.9554626454351254e-01
8.2600000000000007e-01	9.8031908744167473e-01	1.9741957045231145e-01
8.3000000000000007e-01	9.7993837733743527e-01	1.9930071906876712e-01
8.3399999999999996e-01	9.7955230218246825e-01	2.0118967987717501e-01
8.3799999999999997e-01	9.7916081681798195e-01	2.0308642201879565e-01
8.4199999999999997e-01	9.7876387604888704e-01	2.0499091429088534e-01
8.4599999999999997e-01	9.7836143464722536e-01	2.0690312514574882e-01
8.4999999999999998e-01	9.7795344735562140e-01	2.0882302268981395e-01
8.5399999999999998e-01	9.7753986889075495e-01	2.1075057468272929e-01
8.5799999999999998e-01	9.7712065394685532e-01	2.1268574853648473e-01
8.6199999999999999e-01	9.7669575719921764e-01	2.1462851131455538e-01
8.6599999999999999e-01	9.7626513330773834e-01	2.1657882973106896e-01
8.7000000000000000e-01	9.7582873692047367e-01	2.1853667014999750e-01
8.7400000000000000e-01	9.7538652267721704e-01	2.2050199858437330e-01
8.7800000000000000e-01	9.7493844521309780e-01	2.2247478069552956e-01
8.8200000000000001e-01	9.7448445916219995e-01	2.2445498179236606e-01
8.8600000000000001e-01	9.7402451916120059e-01	2.2644256683064035e-01
8.9000000000000001e-01	9.7355857985302807e-01	2.2843750041228447e-01
8.9400000000000002e-01	9.7308659589053992e-01	2.3043974678474805e-01
8.9800000000000002e-01	9.7260852194021929e-01	2.3244926984036732e-01
9.0200000000000002e-01	9.7212431268589150e-01	2.3446603311576150e-01
9.0600000000000003e-01	9.7163392283245797e-01	2.3648999979125562e-01
9.1000000000000003e-01	9.7113730710964907e-01	2.3852113269033121e-01
9.1400000000000003e-01	9.7063442027579583e-01	2.4055939427910442e-01
9.1800000000000004e-01	9.7012521712161859e-01	2.4260474666583251e-01
9.2200000000000004e-01	9.6960965247403363e-01	2.4465715160044835e-01
9.2600000000000005e-01	9.6908768119997701e-01	2.4671657047412393e-01
9.3000000000000005e-01	9.6855925821024580e-01	2.4878296431886282e-01
9.3400000000000005e-01	9.6802433846335567e-01	2.5085629380712193e-01
9.3800000000000006e-01	9.6748287696941537e-01	2.5293651925146310e-01
9.4200000000000006e-01	9.6693482879401704e-01	2.5502360060423446e-01
9.4600000000000006e-01	9.6638014906214209e-01	2.5711749745728224e-01
9.5000000000000007e-01	9.6581879296208351e-01	2.5921816904169326e-01
9.5400000000000007e-01	9.6525071574938293e-01	2.6132557422756825e-01
9.5800000000000007e-01	9.6467587275078204e-01	2.6343967152382630e-01
9.6199999999999997e-01	9.6409421936819006e-01	2.6556041907804140e-01
9.6599999999999997e-01	9.6350571108266392e-01	2.6768777467630994e-01
9.6999999999999997e-01	9.6291030345840378e-01	2.6982169574315129e-01
9.7399999999999998e-01	9.6230795214676079e-01	2.7196213934144009e-01
9.7799999999999998e-01	9.6169861289025904e-01	2.7410906217237185e-01
9.8199999999999998e-01	9.6108224152663069e-01	2.7626242057546119e-01
9.8599999999999999e-01	9.6045879399286249e-01	2.7842217052857371e-01
9.8999999999999999e-01	9.5982822632925602e-01	2.8058826764799116e-01
9.9399999999999999e-01	9.5919049468349860e-01	2.8276066718851089e-01
9.9800000000000000e-01	9.5854555531474617e-01	2.8493932404357908e-01
1.0020000000000000e+00	9.5789336459771757e-01	2.8712419274545886e-01
1.0060000000000000e+00	9.5723387902679891e-01	2.8931522746543281e-01
1.0100000000000000e+00	9.5656705522015961e-01	2.9151238201404067e-01
1.0140000000000000e+00	9.5589284992387658e-01	2.9371560984135209e-01
1.0180000000000000e+00	9.5521122001606973e-01	2.9592486403727530e-01
1.0220000000000000e+00	9.5452212251104629e-01	2.9814009733190133e-01
1.0260000000000000e+00	9.5382551456345321e-01	3.0036126209588421e-01
1.0300000000000000e+00	9.5312135347243887e-01	3.0258831034085776e-01
1.0340000000000000e+00	9.5240959668582248e-01	3.0482119371988847e-01
1.0380000000000000e+00	9.5169020180427211e-01	3.0705986352796605e-01
1.0420000000000000e+00	9.5096312658548743e-01	3.0930427070252964e-01
1.0460000000000000e+00	9.5022832894839260e-01	3.1155436582403290e-01
1.0500000000000000e+00	9.4948576697733300e-01	3.1381009911654545e-01
1.0540000000000000e+00	9.4873539892627923e-01	3.1607142044839248e-01
1.0580000000000001e+00	9.4797718322303648e-01	3.1833827933283243e-01
1.0620000000000001e+00	9.4721107847345887e-01	3.2061062492877274e-01
1.0660000000000001e+00	9.4643704346566837e-01	3.2288840604152375e-01
1.0700000000000001e+00	9.4565503717427879e-01	3.2517157112359174e-01
1.0740000000000001e+00	9.4486501876462226e-01	3.2746006827551050e-01
1.0780000000000001e+00	9.4406694759698051e-01	3.2975384524671175e-01
1.0820000000000001e+00	9.4326078323081819e-01	3.3205284943643537e-01
1.0860000000000001e+00	9.4244648542901910e-01	3.3435702789467830e-01
1.0900000000000001e+00	9.4162401416212416e-01	3.3666632732318363e-01
1.0940000000000001e+00	9.4079332961257145e-01	3.3898069407646941e-01
1.0980000000000001e+00	9.3995439217893695e-01	3.4130007416289698e-01
1.1020000000000001e+00	9.3910716248017578e-01	3.4362441324578002e-01
1.1060000000000001e+00	9.3825160135986463e-01	3.4595365664453359e-01
1.1100000000000001e+00	9.3738766989044242e-01	3.4828774933586376e-01
1.1140000000000001e+00	9.3651532937745130e-01	3.5062663595499777e-01
1.1180000000000001e+00	9.3563454136377655e-01	3.5297026079695515e-01
1.1220000000000001e+00	9.3474526763388344e-01	3.5531856781785953e-01
1.1260000000000001e+00	9.3384747021805370e-01	3.5767150063629177e-01
1.1300000000000001e+00	9.3294111139661773e-01	3.6002900253468412e-01
1.1340000000000001e+00	9.3202615370418451e-01	3.6239101646075583e-01
1.1380000000000001e+00	9.3110255993386803e-01	3.6475748502899036e-01
1.1420000000000001e+00	9.3017029314150834e-01	3.6712835052215359e-01
1.1460000000000001e+00	9.2922931664988917e-01	3.6950355489285458e-01
1.1500000000000001e+00	9.2827959405295069e-01	3.7188303976514753e-01
1.1539999999999999e+00	9.2732108921999445e-01	3.7426674643617575e-01
1.1579999999999999e+00	9.2635376629988453e-01	3.7665461587785781e-01
1.1619999999999999e+00	9.2537758972524109e-01	3.7904658873861580e-01
1.1659999999999999e+00	9.2439252421662632e-01	3.8144260534514529e-01
1.1699999999999999e+00	9.2339853478672318e-01	3.8384260570422829e-01
1.1739999999999999e+00	9.2239558674450539e-01	3.8624652950458782e-01
1.1779999999999999e+00	9.2138364569940034e-01	3.8865431611878565e-01
1.1819999999999999e+00	9.2036267756543999e-01	3.9106590460516139e-01
1.1859999999999999e+00	9.1933264856540420e-01	3.9348123370981541e-01
1.1899999999999999e+00	9.1829352523495311e-01	3.9590024186863315e-01
1.1940000000000000e+00	9.1724527442674808e-01	3.9832286720935267e-01
1.1980000000000000e+00	9.1618786331456203e-01	4.0074904755367458e-01
1.2020000000000000e+00	9.1512125939737810e-01	4.0317872041941488e-01
1.2060000000000000e+00	9.1404543050347464e-01	4.0561182302270005e-01
1.2100000000000000e+00	9.1296034479449817e-01	4.0804829228020495e-01
1.2140000000000000e+00	9.1186597076952325e-01	4.1048806481143391e-01
1.2180000000000000e+00	9.1076227726909686e-01	4.1293107694104347e-01
1.2220000000000000e+00	9.0964923347926996e-01	4.1537726470120895e-01
1.2260000000000000e+00	9.0852680893561244e-01	4.1782656383403277e-01
1.2300000000000000e+00	9.0739497352721343e-01	4.2027890979399607e-01
1.2340000000000000e+00	9.0625369750066487e-01	4.2273423775045232e-01
1.2380000000000000e+00	9.0510295146402864e-01	4.2519248259016423e-01
1.2420000000000000e+00	9.0394270639078611e-01	4.2765357891988226e-01
1.2460000000000000e+00	9.0277293362377076e-01	4.3011746106896681e-01
1.2500000000000000e+00	9.0159360487908047e-01	4.3258406309205161e-01
1.2540000000000000e+00	9.0040469224997366e-01	4.3505331877175041e-01
1.2580000000000000e+00	8.9920616821074317e-01	4.3752516162140531e-01
1.2620000000000000e+00	8.9799800562057241e-01	4.3999952488787786e-01
1.2660000000000000e+00	8.9678017772737029e-01	4.4247634155438220e-01
1.2700000000000000e+00	8.9555265817158336e-01	4.4495554434335949e-01
1.2740000000000000e+00	8.9431542098998951e-01	4.4743706571939534e-01
1.2780000000000000e+00	8.9306844061946633e-01	4.4992083789217840e-01
1.2820000000000000e+00	8.9181169190073895e-01	4.5240679281950102e-01
1.2860000000000000e+00	8.9054515008210389e-01	4.5489486221030123e-01
1.2900000000000000e+00	8.8926879082312871e-01	4.5738497752774632e-01
1.2940000000000000e+00	8.8798259019832737e-01	4.5987706999235778e-01
1.2980000000000000e+00	8.8668652470081211e-01	4.6237107058517757e-01
1.3020000000000000e+00	8.8538057124591707e-01	4.6486691005097497e-01
1.3060000000000000e+00	8.8406470717479857e-01	4.6736451890149477e-01
1.3100000000000001e+00	8.8273891025800788e-01	4.6986382741874594e-01
1.3140000000000001e+00	8.8140315869903629e-01	4.7236476565833091e-01
1.3180000000000001e+00	8.8005743113783386e-01	4.7486726345281527e-01
1.3220000000000001e+00	8.7870170665429859e-01	4.7737125041513762e-01
1.3260000000000001e+00	8.7733596477173781e-01	4.7987665594205897e-01
1.3300000000000001e+00	8.7596018546030041e-01	4.8238340921765288e-01
1.3340000000000001e+00	8.7457434914037857e-01	4.8489143921683403e-01
1.3380000000000001e+00	8.7317843668598027e-01	4.8740067470892701e-01
1.3420000000000001e+00	8.7177242942806943e-01	4.8991104426127363e-01
1.3460000000000001e+00	8.7035630915787632e-01	4.9242247624287960e-01
1.3500000000000001e+00	8.6893005813017499e-01	4.9493489882809949e-01
1.3540000000000001e+00	8.6749365906652876e-01	4.9744824000036025e-01
1.3580000000000001e+00	8.6604709515850220e-01	4.9996242755592257e-01
1.3620000000000001e+00	8.6459035007084095e-01	5.0247738910768092e-01
1.3660000000000001e+00	8.6312340794461584e-01	5.0499305208900003e-01
1.3700000000000001e+00	8.6164625340033385e-01	5.0750934375758971e-01
1.3740000000000001e+00	8.6015887154101289e-01	5.1002619119941595e-01
1.3780000000000001e+00	8.5866124795522258e-01	5.1254352133264947e-01
1.3820000000000001e+00	8.5715336872008718e-01	5.1506126091164983e-01
1.3860000000000001e+00	8.5563522040425388e-01	5.1757933653098709e-01
1.3900000000000001e+00	8.5410679007082180e-01	5.2009767462949708e-01
1.3940000000000001e+00	8.5256806528023599e-01	5.2261620149437449e-01
1.3980000000000001e+00	8.5101903409314106e-01	5.2513484326529969e-01
1.4020000000000001e+00	8.4945968507319769e-01	5.2765352593860082e-01
1.4060000000000001e+00	8.4789000728985964e-01	5.3017217537145034e-01
1.4099999999999999e+00	8.4630999032111121e-01	5.3269071728609563e-01
1.4139999999999999e+00	8.4471962425616465e-01	5.3520907727412337e-01
1.4179999999999999e+00	8.4311889969811760e-01	5.3772718080075743e-01
1.4219999999999999e+00	8.4150780776656819e-01	5.4024495320918964e-01
1.4259999999999999e+00	8.3988634010019103e-01	5.4276231972494327e-01
1.4299999999999999e+00	8.3825448885926845e-01	5.4527920546026865e-01
1.4339999999999999e+00	8.3661224672818213e-01	5.4779553541857118e-01
1.4379999999999999e+00	8.3495960691785942e-01	5.5031123449886965e-01
1.4419999999999999e+00	8.3329656316817824e-01	5.5282622750028676e-01
1.4460000000000000e+00	8.3162310975032738e-01	5.5534043912657005e-01
1.4500000000000000e+00	8.2993924146912279e-01	5.5785379399064228e-01
1.4540000000000000e+00	8.2824495366527939e-01	5.6036621661918240e-01
1.4580000000000000e+00	8.2654024221763700e-01	5.6287763145723546e-01
1.4620000000000000e+00	8.2482510354534222e-01	5.6538796287285176e-01
1.4660000000000000e+00	8.2309953460998309e-01	5.6789713516175377e-01
1.4700000000000000e+00	8.2136353291767805e-01	5.7040507255203199e-01
1.4740000000000000e+00	8.1961709652111780e-01	5.7291169920886720e-01
1.4780000000000000e+00	8.1786022402156033e-01	5.7541693923928072e-01
1.4820000000000000e+00	8.1609291457077837e-01	5.7792071669691114e-01
1.4860000000000000e+00	8.1431516787295832e-01	5.8042295558681622e-01
1.4900000000000000e+00	8.1252698418655123e-01	5.8292357987030130e-01
1.4940000000000000e+00	8.1072836432607509e-01	5.8542251346977292e-01
1.4980000000000000e+00	8.0891930966386794e-01	5.8791968027361619e-01
1.5020000000000000e+00	8.0709982213179099e-01	5.9041500414109682e-01
1.5060000000000000e+00	8.0526990422288214e-01	5.9290840890728669e-01
1.5100000000000000e+00	8.0342955899295998e-01	5.9539981838801259e-01
1.5140000000000000e+00	8.0157879006217525e-01	5.9788915638482676e-01
1.5180000000000000e+00	7.9971760161651362e-01	6.0037634669000040e-01
1.5220000000000000e+00	7.9784599840924597e-01	6.0286131309153845e-01
1.5260000000000000e+00	7.9596398576232608e-01	6.0534397937821427e-01
1.5300000000000000e+00	7.9407156956773850e-01	6.0782426934462619e-01
1.5340000000000000e+00	7.9216875628879224e-01	6.1030210679627261e-01
1.5380000000000000e+00	7.9025555296136241e-01	6.1277741555464671e-01
1.5420000000000000e+00	7.8833196719507970e-01	6.1525011946235075e-01
1.5460000000000000e+00	7.8639800717446506e-01	6.1772014238822692e-01
1.5500000000000000e+00	7.8445368166001195e-01	6.2018740823250673e-01
1.5540000000000000e+00	7.8249899998921468e-01	6.2265184093197734e-01
1.5580000000000001e+00	7.8053397207754194e-01	6.2511336446516363e-01
1.5620000000000001e+00	7.7855860841935631e-01	6.2757190285752673e-01
1.5660000000000001e+00	7.7657292008877943e-01	6.3002738018667737e-01
1.5700000000000001e+00	7.7457691874050116e-01	6.3247972058760338e-01
1.5740000000000001e+00	7.7257061661053517e-01	6.3492884825791229e-01
1.5780000000000001e+00	7.7055402651691740e-01	6.3737468746308656e-01
1.5820000000000001e+00	7.6852716186034997e-01	6.3981716254175092e-01
1.5860000000000001e+00	7.6649003662478810e-01	6.4225619791095290e-01
1.5900000000000001e+00	7.6444266537797212e-01	6.4469171807145453e-01
1.5940000000000001e+00	7.6238506327190259e-01	6.4712364761303487e-01
1.5980000000000001e+00	7.6031724604325823e-01	6.4955191121980249e-01
1.6020000000000001e+00	7.5823923001375770e-01	6.5197643367551772e-01
1.6060000000000001e+00	7.5615103209046453e-01	6.5439713986892389e-01
1.6100000000000001e+00	7.5405266976603491e-01	6.5681395479908777e-01
1.6140000000000001e+00	7.5194416111890694e-01	6.5922680358074526e-01
1.6180000000000001e+00	7.4982552481343423e-01	6.6163561144965688e-01
1.6220000000000001e+00	7.4769678009996043e-01	6.6404030376796785e-01
1.6260000000000001e+00	7.4555794681483678e-01	6.6644080602957456e-01
1.6300000000000001e+00	7.4340904538038100e-01	6.6883704386549581e-01
1.6340000000000001e+00	7.4125009680477860e-01	6.7122894304924829e-01
1.6380000000000001e+00	7.3908112268192627e-01	6.7361642950222689e-01
1.6420000000000001e+00	7.3690214519121566e-01	6.7599942929908596e-01
1.6460000000000001e+00	7.3471318709726008e-01	6.7837786867312511e-01
1.6500000000000001e+00	7.3251427174956252e-01	6.8075167402167547e-01
1.6540000000000001e+00	7.3030542308212365e-01	6.8312077191148701e-01
1.6580000000000001e+00	7.2808666561299296e-01	6.8548508908411665e-01
1.6620000000000001e+00	7.2585802444375991e-01	6.8784455246131571e-01
1.6659999999999999e+00	7.2361952525898654e-01	6.9019908915041672e-01
1.6699999999999999e+00	7.2137119432558139e-01	6.9254862644971760e-01
1.6739999999999999e+00	7.1911305849211404e-01	6.9489309185386472e-01
1.6779999999999999e+00	7.1684514518807141e-01	6.9723241305923178e-01
1.6819999999999999e+00	7.1456748242305412e-01	6.9956651796929581e-01
1.6859999999999999e+00	7.1228009878591414e-01	7.0189533470000742e-01
1.6899999999999999e+00	7.0998302344383390e-01	7.0421879158515777e-01
1.6940000000000000e+00	7.0767628614134570e-01	7.0653681718173744e-01
1.6980000000000000e+00	7.0535991719929247e-01	7.0884934027529090e-01
1.7020000000000000e+00	7.0303394751372916e-01	7.1115628988526225e-01
1.7060000000000000e+00	7.0069840855476551e-01	7.1345759527033348e-01
1.7100000000000000e+00	6.9835333236534991e-01	7.1575318593375425e-01
1.7140000000000000e+00	6.9599875155999358e-01	7.1804299162866203e-01
1.7180000000000000e+00	6.9363469932343691e-01	7.2032694236339223e-01
1.7220000000000000e+00	6.9126120940925651e-01	7.2260496840677801e-01
1.7260000000000000e+00	6.8887831613841322e-01	7.2487700029343793e-01
1.7300000000000000e+00	6.8648605439774257e-01	7.2714296882905249e-01
1.7340000000000000e+00	6.8408445963838505e-01	7.2940280509562594e-01
1.7380000000000000e+00	6.8167356787415967e-01	7.3165644045673695e-01
1.7420000000000000e+00	6.7925341567987785e-01	7.3390380656277332e-01
1.7460000000000000e+00	6.7682404018959974e-01	7.3614483535615249e-01
1.7500000000000000e+00	6.7438547909483249e-01	7.3837945907652602e-01
1.7540000000000000e+00	6.7193777064267057e-01	7.4060761026596811e-01
1.7580000000000000e+00	6.6948095363387761e-01	7.4282922177414634e-01
1.7620000000000000e+00	6.6701506742091177e-01	7.4504422676347659e-01
1.7660000000000000e+00	6.6454015190589255e-01	7.4725255871425678e-01
1.7700000000000000e+00	6.6205624753851089e-01	7.4945415142978333e-01
1.7740000000000000e+00	6.5956339531388219e-01	7.5164893904144803e-01
1.7780000000000000e+00	6.5706163677034202e-01	7.5383685601381289e-01
1.7820000000000000e+00	6.5455101398718574e-01	7.5601783714966542e-01
1.7860000000000000e+00	6.5203156958235109e-01	7.5819181759505105e-01
1.7900000000000000e+00	6.4950334671004417e-01	7.6035873284428313e-01
1.7940000000000000e+00	6.4696638905831061e-01	7.6251851874493026e-01
1.7980000000000000e+00	6.4442074084654977e-01	7.6467111150277922e-01
1.8020000000000000e+00	6.4186644682297422e-01	7.6681644768677348e-01
1.8060000000000000e+00	6.3930355226201285e-01	7.6895446423392610e-01
1.8100000000000001e+00	6.3673210296166005e-01	7.7108509845420714e-01
1.8140000000000001e+00	6.3415214524077002e-01	7.7320828803540487e-01
1.8180000000000001e+00	6.3156372593629595e-01	7.7532397104795869e-01
1.8220000000000001e+00	6.2896689240047499e-01	7.7743208594976443e-01
1.8260000000000001e+00	6.2636169249796048e-01	7.7953257159095213e-01
1.8300000000000001e+00	6.2374817460290011e-01	7.8162536721863307e-01
1.8340000000000001e+00	6.2112638759595951e-01	7.8371041248161744e-01
1.8380000000000001e+00	6.1849638086129533e-01	7.8578764743510243e-01
1.8420000000000001e+00	6.1585820428347371e-01	7.8785701254532747e-01
1.8460000000000001e+00	6.1321190824433791e-01	7.8991844869419947e-01
1.8500000000000001e+00	6.1055754361982351e-01	7.9197189718388383e-01
1.8540000000000001e+00	6.0789516177672165e-01	7.9401729974136348e-01
1.8580000000000001e+00	6.0522481456939226e-01	7.9605459852296423e-01
1.8620000000000001e+00	6.0254655433642568e-01	7.9808373611884509e-01
1.8660000000000001e+00	5.9986043389725408e-01	8.0010465555745380e-01
1.8700000000000001e+00	5.9716650654871350e-01	8.0211730030994788e-01
1.8740000000000001e+00	5.9446482606155593e-01	8.0412161429457796e-01
1.8780000000000001e+00	5.9175544667691182e-01	8.0611754188103535e-01
1.8820000000000001e+00	5.8903842310270516e-01	8.0810502789476135e-01
1.8860000000000001e+00	5.8631381051001852e-01	8.1008401762121973e-01
1.8900000000000001e+00	5.8358166452941251e-01	8.1205445681013000e-01
1.8940000000000001e+00	5.8084204124719541e-01	8.1401629167966083e-01
1.8980000000000001e+00	5.7809499720164792e-01	8.1596946892058542e-01
1.9020000000000001e+00	5.7534058937920052e-01	8.1791393570039495e-01
1.9060000000000001e+00	5.7257887521056472e-01	8.1984963966737223e-01
1.9100000000000001e+00	5.6980991256681934e-01	8.2177652895462350e-01
1.9140000000000001e+00	5.6703375975545145e-01	8.2369455218406817e-01
1.9180000000000001e+00	5.6425047551635277e-01	8.2560365847038586e-01
1.9219999999999999e+00	5.6146011901777215e-01	8.2750379742492131e-01
1.9259999999999999e+00	5.5866274985222453e-01	8.2939491915954422e-01
1.9299999999999999e+00	5.5585842803235708e-01	8.3127697429046676e-01
1.9339999999999999e+00	5.5304721398677248e-01	8.3314991394201421e-01
1.9379999999999999e+00	5.5022916855581050e-01	8.3501368975035262e-01
1.9419999999999999e+00	5.4740435298728829e-01	8.3686825386716934e-01
1.9460000000000000e+00	5.4457282893219927e-01	8.3871355896330790e-01
1.9500000000000000e+00	5.4173465844037283e-01	8.4054955823235633e-01
1.9540000000000000e+00	5.3888990395609293e-01	8.4237620539418734e-01
1.9580000000000000e+00	5.3603862831367821e-01	8.4419345469845242e-01
1.9620000000000000e+00	5.3318089473302344e-01	8.4600126092802630e-01
1.9660000000000000e+00	5.3031676681510320e-01	8.4779957940240402e-01
1.9700000000000000e+00	5.2744630853743757e-01	8.4958836598104837e-01
1.9740000000000000e+00	5.2456958424952105e-01	8.5136757706668742e-01
1.9780000000000000e+00	5.2168665866821529e-01	8.5313716960856312e-01
1.9820000000000000e+00	5.1879759687310656e-01	8.5489710110562844e-01
1.9860000000000000e+00	5.1590246430182707e-01	8.5664732960969392e-01
1.9900000000000000e+00	5.1300132674534327e-01	8.5838781372852402e-01
1.9940000000000000e+00	5.1009425034320888e-01	8.6011851262888017e-01
1.9980000000000000e+00	5.0718130157878605e-01	8.6183938603951382e-01
2.0020000000000002e+00	5.0426254727443243e-01	8.6355039425410418e-01
2.0060000000000002e+00	5.0133805458665759e-01	8.6525149813414559e-01
2.0100000000000002e+00	4.9840789100124760e-01	8.6694265911178137e-01
2.0140000000000002e+00	4.9547212432835885e-01	8.6862383919258246e-01
2.0180000000000002e+00	4.9253082269758186e-01	8.7029500095827361e-01
2.0220000000000002e+00	4.8958405455297577e-01	8.7195610756940489e-01
2.0260000000000002e+00	4.8663188864807405e-01	8.7360712276796793e-01
2.0300000000000002e+00	4.8367439404086243e-01	8.7524801087995840e-01
2.0340000000000003e+00	4.8071164008872891e-01	8.7687873681788153e-01
2.0380000000000003e+00	4.7774369644338760e-01	8.7849926608320383e-01
2.0420000000000003e+00	4.7477063304577599e-01	8.8010956476874691e-01
2.0460000000000003e+00	4.7179252012092709e-01	8.8170959956102612e-01
2.0499999999999998e+00	4.6880942817281690e-01	8.8329933774253289e-01
2.0539999999999998e+00	4.6582142797918780e-01	8.8487874719395920e-01
2.0579999999999998e+00	4.6282859058634895e-01	8.8644779639636673e-01
2.0619999999999998e+00	4.5983098730395294e-01	8.8800645443329551e-01
2.0659999999999998e+00	4.5682868969975238e-01	8.8955469099281825e-01
2.0699999999999998e+00	4.5382176959433312e-01	8.9109247636953426e-01
2.0739999999999998e+00	4.5081029905582870e-01	8.9261978146650722e-01
2.0779999999999998e+00	4.4779435039461396e-01	8.9413657779714328e-01
2.0819999999999999e+00	4.4477399615797952e-01	8.9564283748701012e-01
2.0859999999999999e+00	4.4174930912478871e-01	8.9713853327559911e-01
2.0899999999999999e+00	4.3872036230011585e-01	8.9862363851802651e-01
2.0939999999999999e+00	4.3568722890986766e-01	9.0009812718667659e-01
2.0979999999999999e+00	4.3264998239538899e-01	9.0156197387278481e-01
2.1019999999999999e+00	4.2960869640805244e-01	9.0301515378796182e-01
2.1059999999999999e+00	4.2656344480383324e-01	9.0445764276565754e-01
2.1099999999999999e+00	4.2351430163787002e-01	9.0588941726256522e-01
2.1139999999999999e+00	4.2046134115901246e-01	9.0731045435996571e-01
2.1179999999999999e+00	4.1740463780435572e-01	9.0872073176501134e-01
2.1219999999999999e+00	4.1434426619376324e-01	9.1012022781194957e-01
2.1259999999999999e+00	4.1128030112437869e-01	9.1150892146328644e-01
2.1299999999999999e+00	4.0821281756512628e-01	9.1288679231088909e-01
2.1339999999999999e+00	4.0514189065120271e-01	9.1425382057702786e-01
2.1379999999999999e+00	4.0206759567855921e-01	9.1560998711535801e-01
2.1419999999999999e+00	3.9899000809837532e-01	9.1695527341183969e-01
2.1459999999999999e+00	3.9590920351152542e-01	9.1828966158559855e-01
2.1499999999999999e+00	3.9282525766303800e-01	9.1961313438972336e-01
2.1539999999999999e+00	3.8973824643654947e-01	9.2092567521200497e-01
2.1579999999999999e+00	3.8664824584875163e-01	9.2222726807561206e-01
2.1619999999999999e+00	3.8355533204383563e-01	9.2351789763970826e-01
2.1659999999999999e+00	3.8045958128793078e-01	9.2479754920000545e-01
2.1699999999999999e+00	3.7736106996354096e-01	9.2606620868925760e-01
2.1739999999999999e+00	3.7425987456397869e-01	9.2732386267769429e-01
2.1779999999999999e+00	3.7115607168779674e-01	9.2857049837339101e-01
2.1819999999999999e+00	3.6804973803321928e-01	9.2980610362257976e-01
2.1859999999999999e+00	3.6494095039257268e-01	9.3103066690989889e-01
2.1899999999999999e+00	3.6182978564671653e-01	9.3224417735858045e-01
2.1940000000000000e+00	3.5871632075947629e-01	9.3344662473057871e-01
2.1980000000000000e+00	3.5560063277207704e-01	9.3463799942663572e-01
2.2020000000000000e+00	3.5248279879758071e-01	9.3581829248628701e-01
2.2060000000000000e+00	3.4936289601532600e-01	9.3698749558780670e-01
2.2100000000000000e+00	3.4624100166537292e-01	9.3814560104809164e-01
2.2140000000000000e+00	3.4311719304295152e-01	9.3929260182248442e-01
2.2180000000000000e+00	3.3999154749291632e-01	9.4042849150453667e-01
2.2220000000000000e+00	3.3686414240420731e-01	9.4155326432571218e-01
2.2260000000000000e+00	3.3373505520431718e-01	9.4266691515502876e-01
2.2300000000000000e+00	3.3060436335376686e-01	9.4376943949864012e-01
2.2340000000000000e+00	3.2747214434058874e-01	9.4486083349935901e-01
2.2380000000000000e+00	3.2433847567481944e-01	9.4594109393611914e-01
2.2420000000000000e+00	3.2120343488300185e-01	9.4701021822337728e-01
2.2460000000000000e+00	3.1806709950269813e-01	9.4806820441045736e-01
2.2500000000000000e+00	3.1492954707701304e-01	9.4911505118083306e-01
2.2540000000000000e+00	3.1179085514913013e-01	9.5015075785135406e-01
2.2580000000000000e+00	3.0865110125685924e-01	9.5117532437140984e-01
2.2620000000000000e+00	3.0551036292719819e-01	9.5218875132203729e-01
2.2660000000000000e+00	3.0236871767090756e-01	9.5319103991496890e-01
2.2700000000000000e+00	2.9922624297710065e-01	9.5418219199162269e-01
2.2740000000000000e+00	2.9608301630784822e-01	9.5516221002203361e-01
2.2780000000000000e+00	2.9293911509279902e-01	9.5613109710372712e-01
2.2820000000000000e+00	2.8979461672381723e-01	9.5708885696053592e-01
2.2860000000000000e+00	2.8664959854963684e-01	9.5803549394135779e-01
2.2900000000000000e+00	2.8350413787053397e-01	9.5897101301885790e-01
2.2940000000000000e+00	2.8035831193301775e-01	9.5989541978811332e-01
2.2980000000000000e+00	2.7721219792454005e-01	9.6080872046520038e-01
2.3020000000000000e+00	2.7406587296822549e-01	9.6171092188572682e-01
2.3060000000000000e+00	2.7091941411762138e-01	9.6260203150330748e-01
2.3100000000000001e+00	2.6777289835146934e-01	9.6348205738798476e-01
2.3140000000000001e+00	2.6462640256849757e-01	9.6435100822459141e-01
2.3180000000000001e+00	2.6148000358223661e-01	9.6520889331106141e-01
2.3220000000000001e+00	2.5833377811585762e-01	9.6605572255668426e-01
2.3260000000000001e+00	2.5518780279703362e-01	9.6689150648030453e-01
2.3300000000000001e+00	2.5204215415282577e-01	9.6771625620846835e-01
2.3340000000000001e+00	2.4889690860459371e-01	9.6852998347351515e-01
2.3380000000000001e+00	2.4575214246293181e-01	9.6933270061161658e-01
2.3420000000000001e+00	2.4260793192263092e-01	9.7012442056076265e-01
2.3460000000000001e+00	2.3946435305766683e-01	9.7090515685869383e-01
2.3500000000000001e+00	2.3632148181621579e-01	9.7167492364078212e-01
2.3540000000000001e+00	2.3317939401569787e-01	9.7243373563786040e-01
2.3580000000000001e+00	2.3003816533784816e-01	9.7318160817399813e-01
2.3620000000000001e+00	2.2689787132381734e-01	9.7391855716422870e-01
2.3660000000000001e+00	2.2375858736930104e-01	9.7464459911222390e-01
2.3700000000000001e+00	2.2062038871969963e-01	9.7535975110791906e-01
2.3740000000000001e+00	2.1748335046530787e-01	9.7606403082508764e-01
2.3780000000000001e+00	2.1434754753653609e-01	9.7675745651886681e-01
2.3820000000000001e+00	2.1121305469916266e-01	9.7744004702323428e-01
2.3860000000000001e+00	2.0807994654961828e-01	9.7811182174843492e-01
2.3900000000000001e+00	2.0494829751030330e-01	9.7877280067836103e-01
2.3940000000000001e+00	2.0181818182493752e-01	9.7942300436788343e-01
2.3980000000000001e+00	1.9868967355394412e-01	9.8006245394013636e-01
2.4020000000000001e+00	1.9556284656986719e-01	9.8069117108375448e-01
2.4060000000000001e+00	1.9243777455282396e-01	9.8130917805006379e-01
2.4100000000000001e+00	1.8931453098599216e-01	9.8191649765022759e-01
2.4140000000000001e+00	1.8619318915113270e-01	9.8251315325234501e-01
2.4180000000000001e+00	1.8307382212414847e-01	9.8309916877850700e-01
2.4220000000000002e+00	1.7995650277067929e-01	9.8367456870180525e-01
2.4260000000000002e+00	1.7684130374173410e-01	9.8423937804329908e-01
2.4300000000000002e+00	1.7372829746936008e-01	9.8479362236893786e-01
2.4340000000000002e+00	1.7061755616234980e-01	9.8533732778644090e-01
2.4380000000000002e+00	1.6750915180198644e-01	9.8587052094213434e-01
2.4420000000000002e+00	1.6440315613782774e-01	9.8639322901774695e-01
2.4460000000000002e+00	1.6129964068352856e-01	9.8690547972716280e-01
2.4500000000000002e+00	1.5819867671270327e-01	9.8740730131313414e-01
2.4540000000000002e+00	1.5510033525482791e-01	9.8789872254395439e-01
2.4580000000000002e+00	1.5200468709118239e-01	9.8837977271008992e-01
2.4620000000000002e+00	1.4891180275083329e-01	9.8885048162077260e-01
2.4660000000000002e+00	1.4582175250665791e-01	9.8931087960055530e-01
2.4700000000000002e+00	1.4273460637140914e-01	9.8976099748582569e-01
2.4740000000000002e+00	1.3965043409382252e-01	9.9020086662128548e-01
2.4780000000000002e+00	1.3656930515476512e-01	9.9063051885639120e-01
2.4820000000000002e+00	1.3349128876342672e-01	9.9104998654175758e-01
2.4860000000000002e+00	1.3041645385355391e-01	9.9145930252552605e-01
2.4900000000000002e+00	1.2734486907972706e-01	9.9185850014969701e-01
2.4940000000000002e+00	1.2427660281368078e-01	9.9224761324642652e-01
2.4980000000000002e+00	1.2121172314066800e-01	9.9262667613429034e-01
2.5020000000000002e+00	1.1815029785586802e-01	9.9299572361451216e-01
2.5060000000000002e+00	1.1509239446083890e-01	9.9335479096715973e-01
2.5100000000000002e+00	1.1203808016001429e-01	9.9370391394730717e-01
2.5140000000000002e+00	1.0898742185724519e-01	9.9404312878116630e-01
2.5180000000000002e+00	1.0594048615238674e-01	9.9437247216218505e-01
2.5220000000000002e+00	1.0289733933793056e-01	9.9469198124711666e-01
2.5260000000000002e+00	9.9858047395682492e-02	9.9500169365205671e-01
2.5300000000000002e+00	9.6822675993486262e-02	9.9530164744845095e-01
2.5340000000000003e+00	9.3791290481993334e-02	9.9559188115907349e-01
2.5380000000000003e+00	9.0763955891479065e-02	9.9587243375397749e-01
2.5420000000000003e+00	8.7740736928705321e-02	9.9614334464641596e-01
2.5460000000000003e+00	8.4721697973829987e-02	9.9640465368873699e-01
2.5500000000000003e+00	8.1706903077363308e-02	9.9665640116824983e-01
2.5540000000000003e+00	7.8696415957171514e-02	9.9689862780306659e-01
2.5580000000000003e+00	7.5690299995527732e-02	9.9713137473791713e-01
2.5619999999999998e+00	7.2688618236210423e-02	9.9735468353993917e-01
2.5659999999999998e+00	6.9691433381649529e-02	9.9756859619444382e-01
2.5699999999999998e+00	6.6698807790120468e-02	9.9777315510065667e-01
2.5739999999999998e+00	6.3710803472986174e-02	9.9796840306743650e-01
2.5779999999999998e+00	6.0727482091987223e-02	9.9815438330897011e-01
2.5819999999999999e+00	5.7748904956580374e-02	9.9833113944044605e-01
2.5859999999999999e+00	5.4775133021325383e-02	9.9849871547370539e-01
2.5899999999999999e+00	5.1806226883320497e-02	9.9865715581287340e-01
2.5939999999999999e+00	4.8842246779686523e-02	9.9880650524996917e-01
2.5979999999999999e+00	4.5883252585099649e-02	9.9894680896049548e-01
2.6019999999999999e+00	4.2929303809373223e-02	9.9907811249901146e-01
2.6059999999999999e+00	3.9980459595088357e-02	9.9920046179468436e-01
2.6099999999999999e+00	3.7036778715273604e-02	9.9931390314682444e-01
2.6139999999999999e+00	3.4098319571133781e-02	9.9941848322040294e-01
2.6179999999999999e+00	3.1165140189827818e-02	9.9951424904155040e-01
2.6219999999999999e+00	2.8237298222296002e-02	9.9960124799304417e-01
2.6259999999999999e+00	2.5314850941136318e-02	9.9967952780977498e-01
2.6299999999999999e+00	2.2397855238530197e-02	9.9974913657420128e-01
2.6339999999999999e+00	1.9486367624217536e-02	9.9981012271178826e-01
2.6379999999999999e+00	1.6580444223521146e-02	9.9986253498643418e-01
2.6419999999999999e+00	1.3680140775420473e-02	9.9990642249588157e-01
2.6459999999999999e+00	1.0785512630674791e-02	9.9994183466711795e-01
2.6499999999999999e+00	7.8966147499957232e-03	9.9996882125176223e-01
2.6539999999999999e+00	5.0135017022691630e-03	9.9998743232144183e-01
2.6579999999999999e+00	2.1362276628265299e-03	9.9999771826315764e-01
2.6619999999999999e+00	7.3515358823461998e-04	9.9999972977463902e-01
2.6659999999999999e+00	3.6005886676806907e-03	9.9999351785968871e-01
2.6699999999999999e+00	6.4600245907228742e-03	9.9997913382351977e-01
2.6739999999999999e+00	9.3134087725487633e-03	9.9995662926808238e-01
2.6779999999999999e+00	1.2160689029804789e-02	9.9992605608738416e-01
2.6819999999999999e+00	1.5001813582029563e-02	9.9988746646280169e-01
2.6859999999999999e+00	1.7836731053038166e-02	9.9984091285838672e-01
2.6899999999999999e+00	2.0665390472257503e-02	9.9978644801616512e-01
2.6940000000000000e+00	2.3487741276012743e-02	9.9972412495142993e-01
2.6980000000000000e+00	2.6303733308765006e-02	9.9965399694803059e-01
2.7020000000000000e+00	2.9113316824300319e-02	9.9957611755365594e-01
2.7060000000000000e+00	3.1916442486870013e-02	9.9949054057511455e-01
2.7100000000000000e+00	3.4713061372282653e-02	9.9939732007361171e-01
2.7140000000000000e+00	3.7503124968947567e-02	9.9929651036002176e-01
2.7180000000000000e+00	4.0286585178870161e-02	9.9918816599015992e-01
2.7220000000000000e+00	4.3063394318599152e-02	9.9907234176005211e-01
2.7260000000000000e+00	4.5833505120125843e-02	9.9894909270120325e-01
2.7300000000000000e+00	4.8596870731735520e-02	9.9881847407586377e-01
2.7340000000000000e+00	5.1353444718811238e-02	9.9868054137229800e-01
2.7380000000000000e+00	5.4103181064590104e-02	9.9853535030005147e-01
2.7420000000000000e+00	5.6846034170872188e-02	9.9838295678522004e-01
2.7460000000000000e+00	5.9581958858682296e-02	9.9822341696571970e-01
2.7500000000000000e+00	6.2310910368884705e-02	9.9805678718655866e-01
2.7540000000000000e+00	6.5032844362751169e-02	9.9788312399511270e-01
2.7580000000000000e+00	6.7747716922482229e-02	9.9770248413640183e-01
2.7620000000000000e+00	7.0455484551682115e-02	9.9751492454837187e-01
2.7660000000000000e+00	7.3156104175787509e-02	9.9732050235718006e-01
2.7700000000000000e+00	7.5849533142450257e-02	9.9711927487248453e-01
2.7740000000000000e+00	7.8535729221874184e-02	9.9691129958273916e-01
2.7780000000000000e+00	8.1214650607106531e-02	9.9669663415049392e-01
2.7820000000000000e+00	8.3886255914283905e-02	9.9647533640770114e-01
2.7860000000000000e+00	8.6550504182833221e-02	9.9624746435102962e-01
2.7900000000000000e+00	8.9207354875627531e-02	9.9601307613718226e-01
2.7940000000000000e+00	9.1856767879097675e-02	9.9577223007822668e-01
2.7980000000000000e+00	9.4498703503299045e-02	9.9552498463692773e-01
2.8020000000000000e+00	9.7133122481934550e-02	9.9527139842209333e-01
2.8060000000000000e+00	9.9759985972333626e-02	9.9501153018392685e-01
2.8100000000000001e+00	1.0237925555538763e-01	9.9474543880938948e-01
2.8140000000000001e+00	1.0499089323544183e-01	9.9447318331757162e-01
2.8180000000000001e+00	1.0759486144014455e-01	9.9419482285507632e-01
2.8220000000000001e+00	1.1019112302025326e-01	9.9391041669141200e-01
2.8260000000000001e+00	1.1277964124939845e-01	9.9362002421439655e-01
2.8300000000000001e+00	1.1536037982380506e-01	9.9332370492557398e-01
2.8340000000000001e+00	1.1793330286197214e-01	9.9302151843564201e-01
2.8380000000000001e+00	1.2049837490431091e-01	9.9271352445989280e-01
2.8420000000000001e+00	1.2305556091274147e-01	9.9239978281366670e-01
2.8460000000000001e+00	1.2560482627024852e-01	9.9208035340781908e-01
2.8500000000000001e+00	1.2814613678039635e-01	9.9175529624420089e-01
2.8540000000000001e+00	1.3067945866680361e-01	9.9142467141115376e-01
2.8580000000000001e+00	1.3320475857257785e-01	9.9108853907901917e-01
2.8620000000000001e+00	1.3572200355971054e-01	9.9074695949566338e-01
2.8660000000000001e+00	1.3823116110843239e-01	9.9039999298201664e-01
2.8700000000000001e+00	1.4073219911653018e-01	9.9004769992762953e-01
2.8740000000000001e+00	1.4322508589862412e-01	9.8969014078624440e-01
2.8780000000000001e+00	1.4570979018540745e-01	9.8932737607138366e-01
2.8820000000000001e+00	1.4818628112284779e-01	9.8895946635195575e-01
2.8860000000000001e+00	1.5065452827135067e-01	9.8858647224787655e-01
2.8900000000000001e+00	1.5311450160488599e-01	9.8820845442571092e-01
2.8940000000000001e+00	1.5556617151007729e-01	9.8782547359433004e-01
2.8980000000000001e+00	1.5800950878525452e-01	9.8743759050058855e-01
2.9020000000000001e+00	1.6044448463947053e-01	9.8704486592501983e-01
2.9060000000000001e+00	1.6287107069148166e-01	9.8664736067755054e-01
2.9100000000000001e+00	1.6528923896869277e-01	9.8624513559323412e-01
2.9140000000000001e+00	1.6769896190606728e-01	9.8583825152800497e-01
2.9180000000000001e+00	1.7010021234500219e-01	9.8542676935445184e-01
2.9220000000000002e+00	1.7249296353216895e-01	9.8501074995761195e-01
2.9260000000000002e+00	1.7487718911832006e-01	9.8459025423078550e-01
2.9300000000000002e+00	1.7725286315706235e-01	9.8416534307137216e-01
2.9340000000000002e+00	1.7961996010359663e-01	9.8373607737672730e-01
2.9380000000000002e+00	1.8197845481342489e-01	9.8330251804004187e-01
2.9420000000000002e+00	1.8432832254102469e-01	9.8286472594624164e-01
2.9460000000000002e+00	1.8666953893849161e-01	9.8242276196791167e-01
2.9500000000000002e+00	1.8900208005415012e-01	9.8197668696124052e-01
2.9540000000000002e+00	1.9132592233113282e-01	9.8152656176198871e-01
2.9580000000000002e+00	1.9364104260592929e-01	9.8107244718148046e-01
2.9620000000000002e+00	1.9594741810690400e-01	9.8061440400261746e-01
2.9660000000000002e+00	1.9824502645278447e-01	9.8015249297591722e-01
2.9700000000000002e+00	2.0053384565111945e-01	9.7968677481557531e-01
2.9740000000000002e+00	2.0281385409670805e-01	9.7921731019555114e-01
2.9780000000000002e+00	2.0508503056999999e-01	9.7874415974567808e-01
2.9820000000000002e+00	2.0734735423546724e-01	9.7826738404779867e-01
2.9860000000000002e+00	2.0960080463994779e-01	9.7778704363192415e-01
2.9900000000000002e+00	2.1184536171096163e-01	9.7730319897241935e-01
2.9940000000000002e+00	2.1408100575499964e-01	9.7681591048421224e-01
2.9980000000000002e+00	2.1630771745578561e-01	9.7632523851903008e-01
3.0020000000000002e+00	2.1852547787251192e-01	9.7583124336166005e-01
3.0060000000000002e+00	2.2073426843804919e-01	9.7533398522623660e-01
3.0100000000000002e+00	2.2293407095713036e-01	9.7483352425255398e-01
3.0140000000000002e+00	2.2512486760450981e-01	9.7432992050240652e-01
3.0180000000000002e+00	2.2730664092309746e-01	9.7382323395595383e-01
3.0220000000000002e+00	2.2947937382206890e-01	9.7331352450811326e-01
3.0260000000000002e+00	2.3164304957495141e-01	9.7280085196498012e-01
3.0300000000000002e+00	2.3379765181768664e-01	9.7228527604027337e-01
3.0340000000000003e+00	2.3594316454667025e-01	9.7176685635180926e-01
3.0380000000000003e+00	2.3807957211676889e-01	9.7124565241800243e-01
3.0420000000000003e+00	2.4020685923931515e-01	9.7072172365439457e-01
3.0460000000000003e+00	2.4232501098008050e-01	9.7019512937021024e-01
3.0500000000000003e+00	2.4443401275722718e-01	9.6966592876494073e-01
3.0540000000000003e+00	2.4653385033923883e-01	9.6913418092495607e-01
3.0580000000000003e+00	2.4862450984283102e-01	9.6859994482014500e-01
3.0620000000000003e+00	2.5070597773084141e-01	9.6806327930058311e-01
3.0660000000000003e+00	2.5277824081010053e-01	9.6752424309322971e-01
3.0700000000000003e+00	2.5484128622928304e-01	9.6698289479865218e-01
3.0739999999999998e+00	2.5689510147674038e-01	9.6643929288778008e-01
3.0779999999999998e+00	2.5893967437831511e-01	9.6589349569868710e-01
3.0819999999999999e+00	2.6097499309513711e-01	9.6534556143340255e-01
3.0859999999999999e+00	2.6300104612140240e-01	9.6479554815475099e-01
3.0899999999999999e+00	2.6501782228213489e-01	9.6424351378322148e-01
3.0939999999999999e+00	2.6702531073093116e-01	9.6368951609386566e-01
3.0979999999999999e+00	2.6902350094768934e-01	9.6313361271322495e-01
3.1019999999999999e+00	2.7101238273632189e-01	9.6257586111628701e-01
3.1059999999999999e+00	2.7299194622245326e-01	9.6201631862347203e-01
3.1099999999999999e+00	2.7496218185110194e-01	9.6145504239764756e-01
3.1139999999999999e+00	2.7692308038434860e-01	9.6089208944117377e-01
3.1179999999999999e+00	2.7887463289898973e-01	9.6032751659297733e-01
3.1219999999999999e+00	2.8081683078417746e-01	9.5976138052565563e-01
3.1259999999999999e+00	2.8274966573904620e-01	9.5919373774261030e-01
3.1299999999999999e+00	2.8467312977032616e-01	9.5862464457521079e-01
3.1339999999999999e+00	2.8658721518994457e-01	9.5805415717998677e-01
3.1379999999999999e+00	2.8849191461261470e-01	9.5748233153585172e-01
3.1419999999999999e+00	2.9038722095341296e-01	9.5690922344135487e-01
3.1459999999999999e+00	2.9227312742534511e-01	9.5633488851196413e-01
3.1499999999999999e+00	2.9414962753690133e-01	9.5575938217737910e-01
3.1539999999999999e+00	2.9601671508960065e-01	9.5518275967887178e-01
3.1579999999999999e+00	2.9787438417552575e-01	9.5460507606666023e-01
3.1619999999999999e+00	2.9972262917484782e-01	9.5402638619731039e-01
3.1659999999999999e+00	3.0156144475334185e-01	9.5344674473116775e-01
3.1699999999999999e+00	3.0339082585989341e-01	9.5286620612981932e-01
3.1739999999999999e+00	3.0521076772399724e-01	9.5228482465358644e-01
3.1779999999999999e+00	3.0702126585324707e-01	9.5170265435904611e-01
3.1819999999999999e+00	3.0882231603081778e-01	9.5111974909658237e-01
3.1859999999999999e+00	3.1061391431294111e-01	9.5053616250796968e-01
3.1899999999999999e+00	3.1239605702637335e-01	9.4995194802398275e-01
3.1940000000000000e+00	3.1416874076585732e-01	9.4936715886203915e-01
3.1980000000000000e+00	3.1593196239157778e-01	9.4878184802387089e-01
3.2020000000000000e+00	3.1768571902661091e-01	9.4819606829322500e-01
3.2060000000000000e+00	3.1943000805436933e-01	9.4760987223359539e-01
3.2100000000000000e+00	3.2116482711604061e-01	9.4702331218598257e-01
3.2140000000000000e+00	3.2289017410802273e-01	9.4643644026668605e-01
3.2180000000000000e+00	3.2460604717935410e-01	9.4584930836512282e-01
3.2220000000000000e+00	3.2631244472914028e-01	9.4526196814167784e-01
3.2260000000000000e+00	3.2800936540397702e-01	9.4467447102558422e-01
3.2300000000000000e+00	3.2969680809537016e-01	9.4408686821283139e-01
3.2340000000000000e+00	3.3137477193715281e-01	9.4349921066410414e-01
3.2380000000000000e+00	3.3304325630289988e-01	9.4291154910275021e-01
3.2420000000000000e+00	3.3470226080334115e-01	9.4232393401277881e-01
3.2460000000000000e+00	3.3635178528377152e-01	9.4173641563688504e-01
3.2500000000000000e+00	3.3799182982146092e-01	9.4114904397450727e-01
3.2540000000000000e+00	3.3962239472306305e-01	9.4056186877991210e-01
3.2580000000000000e+00	3.4124348052202291e-01	9.3997493956030798e-01
3.2620000000000000e+00	3.4285508797598457e-01	9.3938830557398811e-01
3.2660000000000000e+00	3.4445721806419904e-01	9.3880201582850342e-01
3.2700000000000000e+00	3.4604987198493170e-01	9.3821611907886204e-01
3.2740000000000000e+00	3.4763305115287141e-01	9.3763066382575966e-01
3.2780000000000000e+00	3.4920675719654004e-01	9.3704569831383699e-01
3.2820000000000000e+00	3.5077099195570388e-01	9.3646127052996775e-01
3.2860000000000000e+00	3.5232575747878625e-01	9.3587742820157271e-01
3.2900000000000000e+00	3.5387105602028224e-01	9.3529421879496333e-01
3.2940000000000000e+00	3.5540689003817638e-01	9.3471168951371431e-01
3.2980000000000000e+00	3.5693326219136212e-01	9.3412988729706281e-01
3.3020000000000000e+00	3.5845017533706486e-01	9.3354885881833682e-01
3.3060000000000000e+00	3.5995763252826807e-01	9.3296865048341060e-01
3.3100000000000001e+00	3.6145563701114325e-01	9.3238930842918866e-01
3.3140000000000001e+00	3.6294419222248375e-01	9.3181087852211808e-01
3.3180000000000001e+00	3.6442330178714227e-01	9.3123340635672547e-01
3.3220000000000001e+00	3.6589296951547406e-01	9.3065693725418586e-01
3.3260000000000001e+00	3.6735319940078365e-01	9.3008151626091440e-01
3.3300000000000001e+00	3.6880399561677768e-01	9.2950718814718891e-01
3.3340000000000001e+00	3.7024536251502277e-01	9.2893399740579718e-01
3.3380000000000001e+00	3.7167730462240894e-01	9.2836198825071226e-01
3.3420000000000001e+00	3.7309982663861940e-01	9.2779120461579445e-01
3.3460000000000001e+00	3.7451293343360631e-01	9.2722169015351996e-01
3.3500000000000001e+00	3.7591663004507336e-01	9.2665348823373606e-01
3.3540000000000001e+00	3.7731092167596481e-01	9.2608664194244228e-01
3.3580000000000001e+00	3.7869581369196237e-01	9.2552119408059919e-01
3.3620000000000001e+00	3.8007131161898844e-01	9.2495718716296160e-01
3.3660000000000001e+00	3.8143742114071777e-01	9.2439466341693854e-01
3.3700000000000001e+00	3.8279414809609685e-01	9.2383366478148010e-01
3.3740000000000001e+00	3.8414149847687146e-01	9.2327423290598820e-01
3.3780000000000001e+00	3.8547947842512237e-01	9.2271640914925390e-01
3.3820000000000001e+00	3.8680809423081014e-01	9.2216023457842022e-01
3.3860000000000001e+00	3.8812735232932871e-01	9.2160574996796962e-01
3.3900000000000001e+00	3.8943725929906808e-01	9.2105299579873734e-01
3.3940000000000001e+00	3.9073782185898659e-01	9.2050201225694961e-01
3.3980000000000001e+00	3.9202904686619250e-01	9.1995283923328564e-01
3.4020000000000001e+00	3.9331094131353594e-01	9.1940551632196510e-01
3.4060000000000001e+00	3.9458351232721073e-01	9.1886008281986054e-01
3.4100000000000001e+00	3.9584676716436662e-01	9.1831657772563335e-01
3.4140000000000001e+00	3.9710071321073198e-01	9.1777503973889352e-01
3.4180000000000001e+00	3.9834535797824788e-01	9.1723550725938519e-01
3.4220000000000002e+00	3.9958070910271209e-01	9.1669801838619347e-01
3.4260000000000002e+00	4.0080677434143575e-01	9.1616261091697793e-01
3.4300000000000002e+00	4.0202356157091024e-01	9.1562932234722638e-01
3.4340000000000002e+00	4.0323107878448661e-01	9.1509818986953517e-01
3.4380000000000002e+00	4.0442933409006637e-01	9.1456925037290981e-01
3.4420000000000002e+00	4.0561833570780464e-01	9.1404254044209110e-01
3.4460000000000002e+00	4.0679809196782546e-01	9.1351809635690195e-01
3.4500000000000002e+00	4.0796861130794965e-01	9.1299595409161849e-01
3.4540000000000002e+00	4.0912990227143536e-01	9.1247614931436294e-01
3.4580000000000002e+00	4.1028197350473150e-01	9.1195871738651901e-01
3.4620000000000002e+00	4.1142483375524402e-01	9.1144369336216946e-01
3.4660000000000002e+00	4.1255849186911575e-01	9.1093111198755505e-01
3.4700000000000002e+00	4.1368295678901956e-01	9.1042100770055689e-01
3.4740000000000002e+00	4.1479823755196482e-01	9.0991341463019848e-01
3.4780000000000002e+00	4.1590434328711817e-01	9.0940836659617064e-01
3.4820000000000002e+00	4.1700128321363777e-01	9.0890589710837721e-01
3.4860000000000002e+00	4.1808906663852180e-01	9.0840603936650199e-01
3.4900000000000002e+00	4.1916770295447131e-01	9.0790882625959612e-01
3.4940000000000002e+00	4.2023720163776745e-01	9.0741429036568722e-01
3.4980000000000002e+00	4.2129757224616343e-01	9.0692246395140863e-01
3.5020000000000002e+00	4.2234882441679072e-01	9.0643337897164866e-01
3.5060000000000002e+00	4.2339096786408065e-01	9.0594706706922057e-01
3.5100000000000002e+00	4.2442401237770094e-01	9.0546355957455249e-01
3.5140000000000002e+00	4.2544796782050742e-01	9.0498288750539735e-01
3.5180000000000002e+00	4.2646284412651086e-01	9.0450508156656251e-01
3.5220000000000002e+00	4.2746865129885936e-01	9.0403017214965853e-01
3.5260000000000002e+00	4.2846539940783646e-01	9.0355818933286769e-01
3.5300000000000002e+00	4.2945309858887509e-01	9.0308916288073204e-01
3.5340000000000003e+00	4.3043175904058678e-01	9.0262312224395969e-01
3.5380000000000003e+00	4.3140139102280750e-01	9.0216009655924989e-01
3.5420000000000003e+00	4.3236200485465920e-01	9.0170011464913791e-01
3.5460000000000003e+00	4.3331361091262777e-01	9.0124320502185695e-01
3.5500000000000003e+00	4.3425621962865718e-01	9.0078939587121964e-01
3.5540000000000003e+00	4.3518984148826012e-01	9.0033871507651642e-01
3.5580000000000003e+00	4.3611448702864536e-01	8.9989119020243291e-01
3.5620000000000003e+00	4.3703016683686130e-01	8.9944684849898460e-01
3.5660000000000003e+00	4.3793689154795667e-01	8.9900571690146869e-01
3.5700000000000003e+00	4.3883467184315822e-01	8.9856782203043439e-01
3.5740000000000003e+00	4.3972351844806462e-01	8.9813319019166926e-01
3.5780000000000003e+00	4.4060344213085867e-01	8.9770184737620451e-01
3.5820000000000003e+00	4.4147445370053484e-01	8.9727381926033367e-01
3.5859999999999999e+00	4.4233656400514598e-01	8.9684913120565224e-01
3.5899999999999999e+00	4.4318978393006586e-01	8.9642780825911095e-01
3.5939999999999999e+00	4.4403412439627005e-01	8.9600987515308661e-01
3.5979999999999999e+00	4.4486959635863338e-01	8.9559535630546849e-01
3.6019999999999999e+00	4.4569621080424565e-01	8.9518427581976090e-01
3.6059999999999999e+00	4.4651397875074506e-01	8.9477665748520285e-01
3.6099999999999999e+00	4.4732291124466828e-01	8.9437252477690077e-01
3.6139999999999999e+00	4.4812301935981930e-01	8.9397190085597911e-01
3.6179999999999999e+00	4.4891431419565592e-01	8.9357480856974569e-01
3.6219999999999999e+00	4.4969680687569358e-01	8.9318127045187135e-01
3.6259999999999999e+00	4.5047050854592768e-01	8.9279130872258561e-01
3.6299999999999999e+00	4.5123543037327341e-01	8.9240494528888670e-01
3.6339999999999999e+00	4.5199158354402402e-01	8.9202220174476565e-01
3.6379999999999999e+00	4.5273897926232715e-01	8.9164309937144692e-01
3.6419999999999999e+00	4.5347762874867886e-01	8.9126765913764083e-01
3.6459999999999999e+00	4.5420754323843593e-01	8.9089590169981081e-01
3.6499999999999999e+00	4.5492873398034722e-01	8.9052784740245683e-01
3.6539999999999999e+00	4.5564121223510173e-01	8.9016351627840928e-01
3.6579999999999999e+00	4.5634498927389661e-01	8.8980292804913941e-01
3.6619999999999999e+00	4.5704007637702226e-01	8.8944610212508124e-01
3.6659999999999999e+00	4.5772648483246620e-01	8.8909305760596780e-01
3.6699999999999999e+00	4.5840422593453528e-01	8.8874381328118068e-01
3.6739999999999999e+00	4.5907331098249676e-01	8.8839838763011192e-01
3.6779999999999999e+00	4.5973375127923666e-01	8.8805679882253930e-01
3.6819999999999999e+00	4.6038555812993776e-01	8.8771906471901407e-01
3.6859999999999999e+00	4.6102874284077550e-01	8.8738520287126155e-01
3.6899999999999999e+00	4.6166331671763211e-01	8.8705523052259350e-01
3.6940000000000000e+00	4.6228929106482985e-01	8.8672916460833373e-01
3.6980000000000000e+00	4.6290667718388245e-01	8.8640702175625496e-01
3.7020000000000000e+00	4.6351548637226458e-01	8.8608881828702724e-01
3.7060000000000000e+00	4.6411572992220074e-01	8.8577457021467965e-01
3.7100000000000000e+00	4.6470741911947172e-01	8.8546429324707232e-01
3.7140000000000000e+00	4.6529056524224066e-01	8.8515800278638057e-01
3.7180000000000000e+00	4.6586517955989631e-01	8.8485571392958973e-01
3.7220000000000000e+00	4.6643127333191564e-01	8.8455744146900173e-01
3.7260000000000000e+00	4.6698885780674493e-01	8.8426319989275282e-01
3.7300000000000000e+00	4.6753794422069916e-01	8.8397300338534168e-01
3.7340000000000000e+00	4.6807854379687980e-01	8.8368686582816880e-01
3.7380000000000000e+00	4.6861066774411086e-01	8.8340480080008532e-01
3.7420000000000000e+00	4.6913432725589421e-01	8.8312682157795430e-01
3.7460000000000000e+00	4.6964953350938227e-01	8.8285294113722035e-01
3.7500000000000000e+00	4.7015629766437000e-01	8.8258317215249082e-01
3.7540000000000000e+00	4.7065463086230469e-01	8.8231752699812604e-01
3.7580000000000000e+00	4.7114454422531421e-01	8.8205601774884024e-01
3.7620000000000000e+00	4.7162604885525372e-01	8.8179865618031161e-01
3.7660000000000000e+00	4.7209915583277079e-01	8.8154545376980253e-01
3.7700000000000000e+00	4.7256387621638846e-01	8.8129642169678879e-01
3.7740000000000000e+00	4.7302022104160663e-01	8.8105157084359831e-01
3.7780000000000000e+00	4.7346820132002199e-01	8.8081091179605975e-01
3.7820000000000000e+00	4.7390782803846543e-01	8.8057445484415875e-01
3.7860000000000000e+00	4.7433911215815860e-01	8.8034220998270507e-01
3.7900000000000000e+00	4.7476206461388731e-01	8.8011418691200671e-01
3.7940000000000000e+00	4.7517669631319387e-01	8.7989039503855382e-01
3.7980000000000000e+00	4.7558301813558740e-01	8.7967084347571134e-01
3.8020000000000000e+00	4.7598104093177124e-01	8.7945554104441892e-01
3.8060000000000000e+00	4.7637077552288948e-01	8.7924449627390067e-01
3.8100000000000001e+00	4.7675223269979033e-01	8.7903771740238179e-01
3.8140000000000001e+00	4.7712542322230783e-01	8.7883521237781459e-01
3.8180000000000001e+00	4.7749035781856120e-01	8.7863698885861130e-01
3.8220000000000001e+00	4.7784704718427179e-01	8.7844305421438551e-01
3.8260000000000001e+00	4.7819550198209748e-01	8.7825341552670066e-01
3.8300000000000001e+00	4.7853573284098522e-01	8.7806807958982724e-01
3.8340000000000001e+00	4.7886775035554052e-01	8.7788705291150626e-01
3.8380000000000001e+00	4.7919156508541477e-01	8.7771034171372098e-01
3.8420000000000001e+00	4.7950718755470950e-01	8.7753795193347561e-01
3.8460000000000001e+00	4.7981462825139864e-01	8.7736988922358117e-01
3.8500000000000001e+00	4.8011389762676693e-01	8.7720615895344778e-01
3.8540000000000001e+00	4.8040500609486708e-01	8.7704676620988586e-01
3.8580000000000001e+00	4.8068796403199249e-01	8.7689171579791181e-01
3.8620000000000001e+00	4.8096278177616802e-01	8.7674101224156165e-01
3.8660000000000001e+00	4.8122946962665730e-01	8.7659465978471163e-01
3.8700000000000001e+00	4.8148803784348693e-01	8.7645266239190422e-01
3.8740000000000001e+00	4.8173849664698770e-01	8.7631502374918169e-01
3.8780000000000001e+00	4.8198085621735237e-01	8.7618174726492493e-01
3.8820000000000001e+00	4.8221512669421018e-01	8.7605283607069961e-01
3.8860000000000001e+00	4.8244131817621799e-01	8.7592829302210728e-01
3.8900000000000001e+00	4.8265944072066769e-01	8.7580812069964387e-01
3.8940000000000001e+00	4.8286950434311027e-01	8.7569232140956266e-01
3.8980000000000001e+00	4.8307151901699613e-01	8.7558089718474430e-01
3.9020000000000001e+00	4.8326549467333157e-01	8.7547384978557186e-01
3.9060000000000001e+00	4.8345144120035161e-01	8.7537118070081155e-01
3.9100000000000001e+00	4.8362936844320875e-01	8.7527289114849971e-01
3.9140000000000001e+00	4.8379928620367724e-01	8.7517898207683387e-01
3.9180000000000001e+00	4.8396120423987443e-01	8.7508945416507089e-01
3.9220000000000002e+00	4.8411513226599667e-01	8.7500430782442917e-01
3.9260000000000002e+00	4.8426107995207146e-01	8.7492354319899612e-01
3.9300000000000002e+00	4.8439905692372537e-01	8.7484716016664188e-01
3.9340000000000002e+00	4.8452907276196705e-01	8.7477515833993646e-01
3.9380000000000002e+00	4.8465113700298612e-01	8.7470753706707338e-01
3.9420000000000002e+00	4.8476525913796692e-01	8.7464429543279665e-01
3.9460000000000002e+00	4.8487144861291737e-01	8.7458543225933327e-01
3.9500000000000002e+00	4.8496971482851370e-01	8.7453094610733118e-01
3.9540000000000002e+00	4.8506006713995969e-01	8.7448083527680076e-01
3.9580000000000002e+00	4.8514251485686100e-01	8.7443509780806150e-01
3.9620000000000002e+00	4.8521706724311331e-01	8.7439373148269195e-01
3.9660000000000002e+00	4.8528373351680704e-01	8.7435673382448587e-01
3.9700000000000002e+00	4.8534252285014512e-01	8.7432410210041156e-01
3.9740000000000002e+00	4.8539344436937581e-01	8.7429583332157568e-01
3.9780000000000002e+00	4.8543650715474029e-01	8.7427192424419131e-01
3.9820000000000002e+00	4.8547172024043356e-01	8.7425237137054979e-01
3.9860000000000002e+00	4.8549909261458052e-01	8.7423717094999731e-01
3.9900000000000002e+00	4.8551863321922534e-01	8.7422631897991454e-01
3.9940000000000002e+00	4.8553035095033548e-01	8.7421981120670111e-01
3.9980000000000002e+00	4.8553425465781885e-01	8.7421764312676309e-01
